Gene	average_expression	Freq	Gene_category	Proportion_zero
ENSDARG00000000002	-0.24496254473018506	770	other	0.06688091722400764
ENSDARG00000000018	0.6395620246369997	21	other	0.0018240250152002084
ENSDARG00000000019	1.1187219191890272	12	other	0.0010423000086858334
ENSDARG00000000068	0.47356171637562794	769	other	0.06679405888995049
ENSDARG00000000069	0.9083765784228255	7	other	6.080083384000695e-4
ENSDARG00000000086	-0.030202506160489792	168	other	0.014592200121601668
ENSDARG00000000103	1.1884576385305847	7	other	6.080083384000695e-4
ENSDARG00000000151	0.14666779699557891	1385	high zero count	0.1202987926691566
ENSDARG00000000161	-0.06580304880639964	663	other	0.057587075479892294
ENSDARG00000000175	0.1022684893062965	1012	other	0.08790063406583862
ENSDARG00000000183	0.12339699922412797	85	other	0.007382958394857987
ENSDARG00000000189	0.36398056600508916	83	other	0.007209241726743681
ENSDARG00000000212	1.4187179222500346	224	other	0.019456266828802225
ENSDARG00000000229	-0.10488837669442395	103	other	0.008946408407886736
ENSDARG00000000241	0.8240767470121578	389	other	0.03378789194823243
ENSDARG00000000380	0.1111342251631613	3759	high zero count	0.3265004777208373
ENSDARG00000000394	1.3131648465842334	5	other	4.342916702857639e-4
ENSDARG00000000442	0.4442385436151264	318	other	0.027620950230174586
ENSDARG00000000472	-0.06005198202749693	1425	high zero count	0.12377312603144272
ENSDARG00000000476	0.04895846973434462	2900	high zero count	0.2518891687657431
ENSDARG00000000489	0.4256940316994365	40	other	0.0034743333622861113
ENSDARG00000000503	0.44750850232908784	365	other	0.031703291930860765
ENSDARG00000000529	0.07904261460437176	350	other	0.030400416920003476
ENSDARG00000000540	0.3931713800558626	123	other	0.010683575089029793
ENSDARG00000000542	0.32093141079608917	292	other	0.025362633544688613
ENSDARG00000000551	0.6397740820140257	305	other	0.026491791887431598
ENSDARG00000000563	0.7722026045581554	109	other	0.009467558412229654
ENSDARG00000000567	0.7205851343431613	86	other	0.00746981672891514
ENSDARG00000000568	0.5347245383242216	16	other	0.0013897333449144446
ENSDARG00000000588	0.00602822517959995	1757	high zero count	0.15261009293841743
ENSDARG00000000606	0.02348718083018986	2452	high zero count	0.21297663510813863
ENSDARG00000000631	0.6854132226513677	230	other	0.01997741683314514
ENSDARG00000000638	0.004508051826602569	2365	high zero count	0.20541996004516633
ENSDARG00000000651	-0.07359400117721202	2376	high zero count	0.20637540171979502
ENSDARG00000000666	0.61340273597896	242	other	0.021019716841830974
ENSDARG00000000690	0.5284803464300543	320	other	0.02779466689828889
ENSDARG00000000729	0.1981459469374606	58	other	0.005037783375314861
ENSDARG00000000730	-0.1185828747501983	1676	high zero count	0.14557456787978806
ENSDARG00000000760	0.07295708491771868	966	other	0.08390515069920959
ENSDARG00000000767	0.11064622223182402	1560	high zero count	0.13549900112915833
ENSDARG00000000779	0.96847174034237	32	other	0.0027794666898288893
ENSDARG00000000796	0.46974026623589854	181	other	0.015721358464344654
ENSDARG00000000804	0.35676534100074087	417	other	0.03621992530183271
ENSDARG00000000830	0.2422188361728058	1346	high zero count	0.11691131764092765
ENSDARG00000000853	0.7678803099998682	10	other	8.685833405715278e-4
ENSDARG00000000857	1.1707764445968762	253	other	0.021975158516459654
ENSDARG00000000861	0.1800371309153082	3	other	2.6057500217145836e-4
ENSDARG00000000887	0.5072213548868311	1560	high zero count	0.13549900112915833
ENSDARG00000000906	-0.16904081580193972	1827	high zero count	0.15869017632241814
ENSDARG00000000935	0.15707617828307763	217	other	0.018848258490402153
ENSDARG00000000943	0.134528980872866	459	other	0.03986797533223313
ENSDARG00000000966	0.5482866045073063	12	other	0.0010423000086858334
ENSDARG00000001014	0.9948025735596371	3	other	2.6057500217145836e-4
ENSDARG00000001015	1.0296251234785256	91	other	0.007904108399200903
ENSDARG00000001057	1.017068023520247	45	other	0.0039086250325718755
ENSDARG00000001129	0.7285950366731824	8	other	6.948666724572223e-4
ENSDARG00000001162	1.2034389559049763	20	other	0.0017371666811430556
ENSDARG00000001169	0.15177437954171658	1485	high zero count	0.12898462607487188
ENSDARG00000001210	1.6520168401035207	118	other	0.010249283418744029
ENSDARG00000001220	0.8602380187359064	12	other	0.0010423000086858334
ENSDARG00000001241	1.6606057367003186	18	other	0.00156345001302875
ENSDARG00000001244	1.1015240594988767	1	other	8.685833405715279e-5
ENSDARG00000001249	-0.024068610552537235	790	other	0.0686180839051507
ENSDARG00000001313	0.38918680404011263	142	other	0.012333883436115696
ENSDARG00000001431	0.9056139853746228	168	other	0.014592200121601668
ENSDARG00000001442	-0.01683621902877199	3126	high zero count	0.2715191522626596
ENSDARG00000001447	0.0741444366173795	119	other	0.01033614175280118
ENSDARG00000001452	-0.17566186243402315	679	other	0.05897680882480674
ENSDARG00000001463	1.065830119152611	957	other	0.08312342569269521
ENSDARG00000001470	-0.016778424246100588	978	other	0.08494745070789542
ENSDARG00000001498	0.10076722955140728	696	other	0.060453400503778336
ENSDARG00000001549	0.030420092094172305	1754	high zero count	0.152349517936246
ENSDARG00000001557	0.5016203870678556	165	other	0.01433162511943021
ENSDARG00000001558	0.719731832895199	456	other	0.039607400330061666
ENSDARG00000001559	-0.15418533514748747	783	other	0.06801007556675064
ENSDARG00000001572	0.03595591342179321	1797	high zero count	0.15608442630070354
ENSDARG00000001578	1.0632345499716085	294	other	0.025536350212802917
ENSDARG00000001621	0.614514718895826	198	other	0.01719795014331625
ENSDARG00000001634	0.6915690277702233	155	other	0.013463041778858681
ENSDARG00000001676	0.7421034104756046	495	other	0.04299487535829063
ENSDARG00000001710	0.4965376328996734	188	other	0.016329366802744723
ENSDARG00000001712	0.07503640331887856	698	other	0.06062711717189264
ENSDARG00000001721	0.06357478298219228	665	other	0.0577607921480066
ENSDARG00000001729	0.7626939795422298	20	other	0.0017371666811430556
ENSDARG00000001733	0.44178775259834463	349	other	0.03031355858594632
ENSDARG00000001734	0.511752581413086	816	other	0.07087640059063667
ENSDARG00000001754	0.6082012934594281	25	other	0.0021714583514288194
ENSDARG00000001760	0.5113959818670374	1444	high zero count	0.12542343437852863
ENSDARG00000001767	0.06521963386864993	172	other	0.01493963345783028
ENSDARG00000001769	0.25529894368613115	923	other	0.08017024233475202
ENSDARG00000001776	-0.21339286109176037	1099	high zero count	0.09545730912881091
ENSDARG00000001777	0.18438367563516708	540	other	0.0469035003908625
ENSDARG00000001781	-0.04677385402724879	432	other	0.03752280031269
ENSDARG00000001782	0.04205467742252471	1058	high zero count	0.09189611743246764
ENSDARG00000001785	0.7337752169122829	641	other	0.05567619213063493
ENSDARG00000001788	2.263125674784689	10	other	8.685833405715278e-4
ENSDARG00000001803	0.08838390183601663	3734	high zero count	0.3243290193694085
ENSDARG00000001804	0.22953626137383304	1155	high zero count	0.10032137583601146
ENSDARG00000001807	0.09112167379959506	230	other	0.01997741683314514
ENSDARG00000001818	-0.24259923964926347	1200	high zero count	0.10423000086858335
ENSDARG00000001825	-0.10434916443839362	2134	high zero count	0.18535568487796403
ENSDARG00000001829	0.374865684746533	26	other	0.0022583166854859725
ENSDARG00000001835	0.3491164154586323	690	other	0.05993225049943542
ENSDARG00000001857	0.07149991017341284	107	other	0.009293841744115348
ENSDARG00000001859	-0.08491158403148188	2107	high zero count	0.1830105098584209
ENSDARG00000001870	0.18317713353016038	281	other	0.024407191870059932
ENSDARG00000001873	0.9111447993289413	152	other	0.013202466776687223
ENSDARG00000001879	-0.044075790620061506	161	other	0.013984191783201599
ENSDARG00000001880	0.26156617121836706	1348	high zero count	0.11708503430904195
ENSDARG00000001888	0.4562874328191886	46	other	0.003995483366629028
ENSDARG00000001889	2.1215210891856593	223	other	0.019369408494745072
ENSDARG00000001890	0.45975233340167904	2	other	1.7371666811430558e-4
ENSDARG00000001897	0.6015675971616703	129	other	0.01120472509337271
ENSDARG00000001898	0.4498759997043898	751	other	0.06523060887692174
ENSDARG00000001906	-0.21556859094757483	816	other	0.07087640059063667
ENSDARG00000001910	0.554698989741785	832	other	0.07226613393555112
ENSDARG00000001912	-0.16194390480764279	352	other	0.03057413358811778
ENSDARG00000001913	-0.08239832882087197	261	other	0.022670025188916875
ENSDARG00000001929	0.35704779011424104	1056	high zero count	0.09172240076435334
ENSDARG00000001930	0.3212718213657839	164	other	0.014244766785373057
ENSDARG00000001937	0.20229856622019124	279	other	0.024233475201945628
ENSDARG00000001939	-0.003216579067765197	322	other	0.027968383566403198
ENSDARG00000001940	0.8522063699315992	16	other	0.0013897333449144446
ENSDARG00000001950	1.7845087071469812	404	other	0.03509076695908973
ENSDARG00000001953	0.3530176505482227	284	other	0.024667766872231392
ENSDARG00000001969	-0.027720714764623976	24	other	0.002084600017371667
ENSDARG00000001975	0.5416478889089232	858	other	0.07452445062103709
ENSDARG00000001976	-0.1949847469412482	1339	high zero count	0.11630330930252758
ENSDARG00000001994	1.2822681083396625	716	other	0.06219056718492139
ENSDARG00000001999	0.6242745632701096	291	other	0.02527577521063146
ENSDARG00000002002	0.2131344233731129	3452	high zero count	0.2998349691652914
ENSDARG00000002006	0.2932792449989483	68	other	0.005906366715886389
ENSDARG00000002013	1.022579570336595	159	other	0.013810475115087293
ENSDARG00000002016	0.5775875418572379	886	other	0.07695648397463736
ENSDARG00000002020	0.2968445135862257	550	other	0.04777208373143403
ENSDARG00000002026	0.10300798540148828	984	other	0.08546860071223834
ENSDARG00000002031	0.48128213224566885	137	other	0.011899591765829932
ENSDARG00000002037	0.2565285963757789	3517	high zero count	0.30548076087900633
ENSDARG00000002060	0.1524869124048737	1011	other	0.08781377573178147
ENSDARG00000002077	-0.018230956319817523	881	other	0.0765221923043516
ENSDARG00000002082	1.048731553606026	5	other	4.342916702857639e-4
ENSDARG00000002127	0.9487135077492004	135	other	0.011725875097715626
ENSDARG00000002128	0.5213908232332056	243	other	0.021106575175888126
ENSDARG00000002131	0.5676082288511993	151	other	0.01311560844263007
ENSDARG00000002165	0.7248569664884839	932	other	0.08095196734126639
ENSDARG00000002168	0.9976543995739484	23	other	0.001997741683314514
ENSDARG00000002172	0.297861136558671	300	other	0.026057500217145837
ENSDARG00000002174	0.3013894020938598	751	other	0.06523060887692174
ENSDARG00000002184	0.7579417018260065	144	other	0.01250760010423
ENSDARG00000002190	0.813772310283955	27	other	0.002345175019543125
ENSDARG00000002196	1.0386750370844984	244	other	0.021193433509945278
ENSDARG00000002197	0.49637849220213165	2629	high zero count	0.22835056023625466
ENSDARG00000002210	0.1377710018449298	2584	high zero count	0.2244419352036828
ENSDARG00000002213	-0.05473798965101234	318	other	0.027620950230174586
ENSDARG00000002215	1.189762437027309	20	other	0.0017371666811430556
ENSDARG00000002216	0.32259619206696155	296	other	0.025710066880917225
ENSDARG00000002217	0.6820251328343664	90	other	0.007817250065143751
ENSDARG00000002220	0.6752130282705672	91	other	0.007904108399200903
ENSDARG00000002230	0.6432847922587029	257	other	0.022322591852688266
ENSDARG00000002235	0.1472002817362534	673	other	0.05845565882046382
ENSDARG00000002240	1.7003474372250402	38	other	0.0033006166941718057
ENSDARG00000002249	0.3101456485558615	3090	high zero count	0.2683922522366021
ENSDARG00000002255	0.6412323339586641	1183	high zero count	0.10275340918961175
ENSDARG00000002264	0.7092275024371977	405	other	0.03517762529314688
ENSDARG00000002267	1.2779806508094693	63	other	0.0054720750456006256
ENSDARG00000002271	1.5231507561921196	1	other	8.685833405715279e-5
ENSDARG00000002285	0.3802550600267796	58	other	0.005037783375314861
ENSDARG00000002298	0.17716546619143764	611	other	0.053070442108920354
ENSDARG00000002300	1.098404810993326	254	other	0.022062016850516807
ENSDARG00000002304	0.294945385683379	965	other	0.08381829236515244
ENSDARG00000002305	1.057206198036902	188	other	0.016329366802744723
ENSDARG00000002330	-0.06359943630523163	3564	high zero count	0.3095631025796925
ENSDARG00000002332	0.23177983582693756	78	other	0.006774950056457917
ENSDARG00000002336	0.39041393136709285	984	other	0.08546860071223834
ENSDARG00000002339	0.5081373025371287	479	other	0.04160514201337619
ENSDARG00000002347	0.09565185973369289	2777	high zero count	0.2412055936767133
ENSDARG00000002353	1.1334319757729263	1411	high zero count	0.12255710935464258
ENSDARG00000002362	0.6670245363019585	361	other	0.031355858594632156
ENSDARG00000002365	0.37596525632097927	525	other	0.045600625380005214
ENSDARG00000002369	2.791378810200248	5	other	4.342916702857639e-4
ENSDARG00000002377	0.17495066440993873	285	other	0.024754625206288544
ENSDARG00000002385	-0.11591699365341732	1624	high zero count	0.14105793450881612
ENSDARG00000002396	0.37079406690748906	984	other	0.08546860071223834
ENSDARG00000002401	0.6201568750978524	35	other	0.0030400416920003475
ENSDARG00000002402	0.24178759807506608	487	other	0.042300008685833404
ENSDARG00000002403	0.6565349146979395	90	other	0.007817250065143751
ENSDARG00000002405	0.14743188105877791	1292	high zero count	0.1122209676018414
ENSDARG00000002445	1.071754630547294	424	other	0.036827933640232784
ENSDARG00000002467	0.6138165406863718	714	other	0.06201685051680709
ENSDARG00000002479	0.12651758729501245	249	other	0.021627725180231042
ENSDARG00000002483	-0.08679245406104398	1541	high zero count	0.13384869278207245
ENSDARG00000002487	0.45854270716619566	78	other	0.006774950056457917
ENSDARG00000002494	-0.16350599337177535	324	other	0.028142100234517502
ENSDARG00000002506	0.7049589884608608	34	other	0.0029531833579431945
ENSDARG00000002507	0.3382053457940894	240	other	0.02084600017371667
ENSDARG00000002523	1.1266572944955247	24	other	0.002084600017371667
ENSDARG00000002536	0.7399616164574174	183	other	0.01589507513245896
ENSDARG00000002538	0.6619391297592866	132	other	0.011465300095544168
ENSDARG00000002546	0.5737518747944279	1375	high zero count	0.11943020932858507
ENSDARG00000002549	0.214150963447308	49	other	0.004256058368800487
ENSDARG00000002552	1.3778770284773172	10	other	8.685833405715278e-4
ENSDARG00000002571	0.03884032769324817	468	other	0.040649700338747506
ENSDARG00000002576	0.06523784574196298	2460	high zero count	0.21367150178059585
ENSDARG00000002582	-0.0366004952783306	273	other	0.02371232519760271
ENSDARG00000002587	1.2023386744732052	205	other	0.01780595848171632
ENSDARG00000002589	0.947265510679297	1366	high zero count	0.1186484843220707
ENSDARG00000002591	1.131558455990179	48	other	0.004169200034743334
ENSDARG00000002593	0.8365025019457656	1893	high zero count	0.1644228263701902
ENSDARG00000002597	-0.00559902664614169	1918	high zero count	0.16659428472161905
ENSDARG00000002601	0.12499296844779599	2958	high zero count	0.25692695214105793
ENSDARG00000002609	0.585084420674139	183	other	0.01589507513245896
ENSDARG00000002613	0.702435529455787	166	other	0.014418483453487362
ENSDARG00000002632	1.3030707414081257	22	other	0.0019108833492573613
ENSDARG00000002642	0.21143833479412402	520	other	0.045166333709719446
ENSDARG00000002644	0.3010676716715434	417	other	0.03621992530183271
ENSDARG00000002656	0.45227652810847646	723	other	0.06279857552332146
ENSDARG00000002659	1.775223258188962	5	other	4.342916702857639e-4
ENSDARG00000002663	0.42793379498493606	418	other	0.036306783635889864
ENSDARG00000002670	0.216922565166132	263	other	0.022843741857031183
ENSDARG00000002682	0.0732491866659687	390	other	0.03387475028228958
ENSDARG00000002690	0.819144957676031	457	other	0.039694258664118826
ENSDARG00000002701	0.18485185853059402	584	other	0.050725267089377225
ENSDARG00000002720	0.6143600462774976	136	other	0.011812733431772778
ENSDARG00000002731	0.46313189785246855	78	other	0.006774950056457917
ENSDARG00000002732	0.08357751284629292	1606	high zero count	0.13949448449578736
ENSDARG00000002745	1.8893006653672035	20	other	0.0017371666811430556
ENSDARG00000002748	0.2867271568213012	842	other	0.07313471727612264
ENSDARG00000002750	0.007144885998986023	232	other	0.020151133501259445
ENSDARG00000002754	0.3370975781326116	1692	high zero count	0.1469643012247025
ENSDARG00000002758	0.6378357069599901	100	other	0.008685833405715278
ENSDARG00000002768	1.3004020661020443	1593	high zero count	0.1383653261530444
ENSDARG00000002771	-0.1372414506862608	855	other	0.07426387561886563
ENSDARG00000002787	0.24445029312289304	11	other	9.554416746286806e-4
ENSDARG00000002790	2.1593174028205673	1	other	8.685833405715279e-5
ENSDARG00000002792	0.9311961080646776	20	other	0.0017371666811430556
ENSDARG00000002795	0.5192934414036078	689	other	0.05984539216537827
ENSDARG00000002797	0.22753981106721738	1551	high zero count	0.13471727612264398
ENSDARG00000002798	0.09046085798466623	356	other	0.030921566924346392
ENSDARG00000002826	0.15884172658563256	991	other	0.08607660905063841
ENSDARG00000002830	0.31069553906999503	291	other	0.02527577521063146
ENSDARG00000002831	0.1812325917175545	315	other	0.027360375228003126
ENSDARG00000002840	0.33060200093753284	88	other	0.007643533397029445
ENSDARG00000002872	-0.03653719456882178	1274	high zero count	0.11065751758881265
ENSDARG00000002877	0.7893177195596527	74	other	0.006427516720229306
ENSDARG00000002880	0.4571722190083088	2650	high zero count	0.23017458525145487
ENSDARG00000002894	0.5622610207941976	263	other	0.022843741857031183
ENSDARG00000002897	0.2802803692696754	268	other	0.023278033527316947
ENSDARG00000002909	0.2889097276636577	312	other	0.02709980022583167
ENSDARG00000002912	0.7711358904153888	48	other	0.004169200034743334
ENSDARG00000002916	0.023387643187003523	1370	high zero count	0.11899591765829931
ENSDARG00000002933	0.11646899828016322	1563	high zero count	0.1357595761313298
ENSDARG00000002937	0.13896790002696569	227	other	0.01971684183097368
ENSDARG00000002945	0.15541959977294895	2186	high zero count	0.189872318248936
ENSDARG00000002949	1.6111761569224008	40	other	0.0034743333622861113
ENSDARG00000002952	0.33060697196092015	33	other	0.002866325023886042
ENSDARG00000002967	1.38380259396144	72	other	0.006253800052115
ENSDARG00000002968	0.2988304714207499	735	other	0.06384087553200729
ENSDARG00000002970	1.1353737994893127	17	other	0.0014765916789715972
ENSDARG00000002971	0.2930566153475463	46	other	0.003995483366629028
ENSDARG00000002986	0.08324249143120449	3454	high zero count	0.30000868583340573
ENSDARG00000002988	1.718500008027061	1701	high zero count	0.14774602623121688
ENSDARG00000002991	0.19120476645491233	1279	high zero count	0.11109180925909841
ENSDARG00000002994	0.6156976598103024	561	other	0.04872752540606271
ENSDARG00000003008	0.3996834811912941	195	other	0.01693737514114479
ENSDARG00000003017	1.4599422914558018	1	other	8.685833405715279e-5
ENSDARG00000003021	0.7958635792077212	1019	other	0.08850864240423868
ENSDARG00000003022	-0.10049907778918805	1079	high zero count	0.09372014244766785
ENSDARG00000003027	0.18601101531639072	437	other	0.03795709198297577
ENSDARG00000003032	2.4013215370632013	3	other	2.6057500217145836e-4
ENSDARG00000003035	1.5352373999699018	7	other	6.080083384000695e-4
ENSDARG00000003054	0.2990398839681566	893	other	0.07756449231303744
ENSDARG00000003058	0.6679108413370285	150	other	0.013028750108572918
ENSDARG00000003061	0.01359462297131297	101	other	0.008772691739772432
ENSDARG00000003068	1.046308070249923	83	other	0.007209241726743681
ENSDARG00000003077	1.0141717773139212	565	other	0.04907495874229132
ENSDARG00000003081	1.0971511321473755	50	other	0.004342916702857639
ENSDARG00000003084	-0.1578104573807871	1998	high zero count	0.17354295144619125
ENSDARG00000003085	0.5576124688554793	122	other	0.010596716754972639
ENSDARG00000003087	0.2619050601884001	1302	high zero count	0.11308955094241292
ENSDARG00000003091	0.30418235575620894	441	other	0.03830452531920438
ENSDARG00000003109	0.5324350485699804	118	other	0.010249283418744029
ENSDARG00000003127	1.4566731787824831	5	other	4.342916702857639e-4
ENSDARG00000003142	0.24316969820906836	405	other	0.03517762529314688
ENSDARG00000003151	1.970519972250319	5	other	4.342916702857639e-4
ENSDARG00000003153	0.6304163635131349	54	other	0.00469035003908625
ENSDARG00000003157	0.1873758972090074	556	other	0.04829323373577695
ENSDARG00000003165	0.6576059907633931	133	other	0.01155215842960132
ENSDARG00000003167	0.4066035197003756	139	other	0.012073308433944238
ENSDARG00000003169	0.4132078762284191	34	other	0.0029531833579431945
ENSDARG00000003175	0.24687085697167502	568	other	0.049335533744462784
ENSDARG00000003189	1.2301607335330418	6	other	5.211500043429167e-4
ENSDARG00000003193	0.11838264142571327	215	other	0.01867454182228785
ENSDARG00000003200	0.33827727840294086	640	other	0.05558933379657778
ENSDARG00000003205	0.3032045285003538	428	other	0.03717536697646139
ENSDARG00000003206	0.38979046203512996	839	other	0.07287414227395118
ENSDARG00000003208	0.04980705079360313	118	other	0.010249283418744029
ENSDARG00000003213	1.0425191639037752	2	other	1.7371666811430558e-4
ENSDARG00000003216	1.1817175087810334	320	other	0.02779466689828889
ENSDARG00000003217	0.10475046272211962	50	other	0.004342916702857639
ENSDARG00000003235	0.6324223377704924	148	other	0.012855033440458612
ENSDARG00000003244	-0.18606467535802176	1018	other	0.08842178407018153
ENSDARG00000003257	0.08399774091044986	336	other	0.029184400243203335
ENSDARG00000003269	0.029047511111196554	17	other	0.0014765916789715972
ENSDARG00000003270	0.43681482134528127	678	other	0.05888995049074959
ENSDARG00000003281	0.8471660885661497	383	other	0.03326674194388952
ENSDARG00000003287	0.736412703621678	430	other	0.0373490836445757
ENSDARG00000003293	0.1660673954775482	3349	high zero count	0.29088856075740466
ENSDARG00000003307	0.7450540851658163	122	other	0.010596716754972639
ENSDARG00000003308	1.092420277388663	40	other	0.0034743333622861113
ENSDARG00000003311	1.0373588815993848	879	other	0.0763484756362373
ENSDARG00000003313	0.17418134721286616	535	other	0.04646920872057674
ENSDARG00000003320	0.0596353301757538	195	other	0.01693737514114479
ENSDARG00000003328	-0.08566002616719688	774	other	0.06722835056023625
ENSDARG00000003373	0.8215612577352109	169	other	0.01467905845565882
ENSDARG00000003375	0.9496874270339903	518	other	0.04499261704160514
ENSDARG00000003380	0.05009689769908154	492	other	0.04273430035611917
ENSDARG00000003382	0.501805538520317	37	other	0.003213758360114653
ENSDARG00000003383	0.4227476723032916	596	other	0.05176756709806306
ENSDARG00000003395	-0.3285263490925851	598	other	0.05194128376617736
ENSDARG00000003398	0.8151785097116783	18	other	0.00156345001302875
ENSDARG00000003399	0.08888191221280381	3142	high zero count	0.27290888560757404
ENSDARG00000003411	0.1759979074141291	1018	other	0.08842178407018153
ENSDARG00000003429	2.3062342204069814	8	other	6.948666724572223e-4
ENSDARG00000003446	0.01598834857429651	1873	high zero count	0.16268565968904716
ENSDARG00000003449	-0.017658127345262793	2519	high zero count	0.21879614348996787
ENSDARG00000003462	0.0164968748255222	3224	high zero count	0.2800312690002606
ENSDARG00000003469	0.23581760176368052	1001	other	0.08694519239120993
ENSDARG00000003486	1.6395002784866979	1	other	8.685833405715279e-5
ENSDARG00000003487	0.7817279347032472	2	other	1.7371666811430558e-4
ENSDARG00000003495	0.9955189790643652	30	other	0.0026057500217145837
ENSDARG00000003512	0.798896846070415	210	other	0.018240250152002084
ENSDARG00000003517	0.9889256886662298	1095	high zero count	0.0951098757925823
ENSDARG00000003519	0.22021804776244341	62	other	0.0053852167115434725
ENSDARG00000003520	0.10155528219005121	53	other	0.004603491705029098
ENSDARG00000003526	1.5712986216680558	26	other	0.0022583166854859725
ENSDARG00000003527	0.5677583396525393	56	other	0.004864066707200556
ENSDARG00000003531	1.4877613911829402	7	other	6.080083384000695e-4
ENSDARG00000003564	0.8203399958105749	55	other	0.004777208373143403
ENSDARG00000003570	1.2267796512429003	5	other	4.342916702857639e-4
ENSDARG00000003573	0.8547224351007358	495	other	0.04299487535829063
ENSDARG00000003584	0.4670904900357349	1402	high zero count	0.12177538434812821
ENSDARG00000003592	0.3967837884293362	832	other	0.07226613393555112
ENSDARG00000003607	0.939676050029593	38	other	0.0033006166941718057
ENSDARG00000003616	5.954551454184332e-4	64	other	0.005558933379657779
ENSDARG00000003631	0.11090146275641295	358	other	0.031095283592460696
ENSDARG00000003641	1.3735827242950225	16	other	0.0013897333449144446
ENSDARG00000003642	0.3953884088988864	3773	high zero count	0.32771649439763745
ENSDARG00000003655	0.9257734895585845	395	other	0.03430904195257535
ENSDARG00000003675	0.30055052992863496	290	other	0.02518891687657431
ENSDARG00000003680	0.15419571273964047	314	other	0.027273516893945974
ENSDARG00000003684	-0.2823469783840807	923	other	0.08017024233475202
ENSDARG00000003693	1.8759350996321884	23	other	0.001997741683314514
ENSDARG00000003695	1.4216220796175438	9	other	7.81725006514375e-4
ENSDARG00000003699	0.3888694098885106	74	other	0.006427516720229306
ENSDARG00000003705	1.5491245985554039	137	other	0.011899591765829932
ENSDARG00000003706	-0.15136728527780968	213	other	0.018500825154173544
ENSDARG00000003732	-0.06978485898258432	2496	high zero count	0.21679840180665336
ENSDARG00000003749	0.7127713372123583	60	other	0.005211500043429167
ENSDARG00000003750	0.6691788667665404	17	other	0.0014765916789715972
ENSDARG00000003751	0.343552772999889	91	other	0.007904108399200903
ENSDARG00000003754	0.6453646003896194	83	other	0.007209241726743681
ENSDARG00000003757	0.6173793428526242	727	other	0.06314600885955007
ENSDARG00000003769	0.1614910828991002	151	other	0.01311560844263007
ENSDARG00000003776	0.448301979480485	27	other	0.002345175019543125
ENSDARG00000003779	0.37670150870070884	240	other	0.02084600017371667
ENSDARG00000003789	1.1486626162138192	64	other	0.005558933379657779
ENSDARG00000003795	2.8423281131526044	6	other	5.211500043429167e-4
ENSDARG00000003797	0.18476749684039626	1640	high zero count	0.14244766785373056
ENSDARG00000003808	1.1652744345127715	1518	high zero count	0.1318509510987579
ENSDARG00000003811	0.6383083325603183	14	other	0.001216016676800139
ENSDARG00000003818	1.0539515702017412	120	other	0.010423000086858335
ENSDARG00000003820	0.7563975261688589	1275	high zero count	0.1107443759228698
ENSDARG00000003827	-0.06428868020337104	224	other	0.019456266828802225
ENSDARG00000003829	0.8353628894507621	17	other	0.0014765916789715972
ENSDARG00000003835	1.2488175390343337	10	other	8.685833405715278e-4
ENSDARG00000003841	0.21557455749947915	503	other	0.04368974203074785
ENSDARG00000003845	0.5533621656978455	636	other	0.05524190046034917
ENSDARG00000003846	0.8552932885183415	193	other	0.016763658473030487
ENSDARG00000003854	0.7236213786950046	2	other	1.7371666811430558e-4
ENSDARG00000003860	1.7038902422841393	14	other	0.001216016676800139
ENSDARG00000003866	2.0219552950642035	9	other	7.81725006514375e-4
ENSDARG00000003869	0.5244518553688036	364	other	0.03161643359680361
ENSDARG00000003872	0.2646534458865778	690	other	0.05993225049943542
ENSDARG00000003902	0.18255240880820622	3406	high zero count	0.29583948579866237
ENSDARG00000003904	-0.0697410732649195	1622	high zero count	0.14088421784070182
ENSDARG00000003910	0.5303188919516679	56	other	0.004864066707200556
ENSDARG00000003920	2.6239373603974303	2	other	1.7371666811430558e-4
ENSDARG00000003927	0.7232476155698934	74	other	0.006427516720229306
ENSDARG00000003931	0.8266040461825693	283	other	0.024580908538174236
ENSDARG00000003934	-0.11733371686478486	1655	high zero count	0.14375054286458785
ENSDARG00000003938	1.3862974349508976	23	other	0.001997741683314514
ENSDARG00000003940	0.2690019049905899	82	other	0.007122383392686529
ENSDARG00000003941	0.712039541449782	47	other	0.004082341700686181
ENSDARG00000003952	2.9650587681031992	1	other	8.685833405715279e-5
ENSDARG00000003961	0.4295740547234936	2308	high zero count	0.2004690350039086
ENSDARG00000003963	0.36197145158222854	112	other	0.009728133414401112
ENSDARG00000003971	0.13602553736735382	1231	high zero count	0.10692260922435508
ENSDARG00000003973	0.11744683051054448	1304	high zero count	0.11326326761052723
ENSDARG00000003974	0.28169809002678703	107	other	0.009293841744115348
ENSDARG00000003977	0.005664166412062988	1633	high zero count	0.1418396595153305
ENSDARG00000003984	0.182831709435146	29	other	0.0025188916876574307
ENSDARG00000003989	0.08678504404120585	367	other	0.03187700859897507
ENSDARG00000003991	0.3582591140056128	838	other	0.07278728393989403
ENSDARG00000003994	0.0964966088167808	829	other	0.07200555893337966
ENSDARG00000003998	0.026686313104424122	1864	high zero count	0.16190393468253278
ENSDARG00000004015	-0.09247888507843566	2720	high zero count	0.23625466863545558
ENSDARG00000004017	0.5166773137711143	296	other	0.025710066880917225
ENSDARG00000004023	0.636770802943497	1089	high zero count	0.09458872578823938
ENSDARG00000004034	0.6879095817015435	49	other	0.004256058368800487
ENSDARG00000004037	0.4389655024920952	159	other	0.013810475115087293
ENSDARG00000004046	0.3837098726372468	101	other	0.008772691739772432
ENSDARG00000004049	1.0450451178477358	182	other	0.015808216798401806
ENSDARG00000004051	0.04223821187260036	1194	high zero count	0.10370885086424042
ENSDARG00000004055	0.35820544902325807	80	other	0.006948666724572223
ENSDARG00000004059	0.007043964850021541	1447	high zero count	0.12568400938070007
ENSDARG00000004060	1.6640427396177295	737	other	0.0640145922001216
ENSDARG00000004074	-0.02317885364252995	836	other	0.07261356727177973
ENSDARG00000004078	1.065666145223647	38	other	0.0033006166941718057
ENSDARG00000004094	1.020489934668867	40	other	0.0034743333622861113
ENSDARG00000004105	0.0397887425195271	334	other	0.02901068357508903
ENSDARG00000004111	-0.006010965806136179	867	other	0.07530617562755146
ENSDARG00000004115	-0.09449659521380328	880	other	0.07643533397029445
ENSDARG00000004131	-0.11941673173831453	1916	high zero count	0.16642056805350475
ENSDARG00000004132	0.8844339189555112	56	other	0.004864066707200556
ENSDARG00000004141	0.47362432841217456	2494	high zero count	0.21662468513853905
ENSDARG00000004154	0.09549184410558072	496	other	0.04308173369234778
ENSDARG00000004160	1.21670067267698	16	other	0.0013897333449144446
ENSDARG00000004161	0.8845820232999264	19	other	0.0016503083470859028
ENSDARG00000004167	-0.13145717123047965	893	other	0.07756449231303744
ENSDARG00000004169	1.7179823225645359	12	other	0.0010423000086858334
ENSDARG00000004171	0.9296967771745699	124	other	0.010770433423086945
ENSDARG00000004173	1.2894919478303748	54	other	0.00469035003908625
ENSDARG00000004174	1.5830896878220853	4	other	3.4743333622861116e-4
ENSDARG00000004176	-0.1710850264975372	1782	high zero count	0.15478155128984625
ENSDARG00000004189	1.528362852122307	16	other	0.0013897333449144446
ENSDARG00000004196	0.45173258208834605	207	other	0.017979675149830628
ENSDARG00000004199	0.7610721440243813	425	other	0.036914791974289936
ENSDARG00000004211	0.6273670908022823	1390	high zero count	0.12073308433944237
ENSDARG00000004218	1.0115679045017227	220	other	0.019108833492573613
ENSDARG00000004232	0.3247990229427108	583	other	0.05063840875532007
ENSDARG00000004246	0.5135850465577702	109	other	0.009467558412229654
ENSDARG00000004251	0.534854199439107	60	other	0.005211500043429167
ENSDARG00000004256	0.02703774072215612	2918	high zero count	0.25345261877877184
ENSDARG00000004261	1.9270967118701148	21	other	0.0018240250152002084
ENSDARG00000004270	0.3722034628273263	5	other	4.342916702857639e-4
ENSDARG00000004274	-0.17821339230845543	316	other	0.027447233562060278
ENSDARG00000004280	0.8455672889299981	24	other	0.002084600017371667
ENSDARG00000004296	0.46540093657677645	147	other	0.012768175106401458
ENSDARG00000004297	1.0843150322850361	52	other	0.004516633370971945
ENSDARG00000004301	0.21713162618511955	1648	high zero count	0.14314253452618778
ENSDARG00000004306	0.023354530881764056	1174	high zero count	0.10197168418309736
ENSDARG00000004307	0.043986143192516175	1959	high zero count	0.1701554764179623
ENSDARG00000004308	0.19585207887613545	2023	high zero count	0.17571440979762007
ENSDARG00000004311	0.32103802159578215	894	other	0.0776513506470946
ENSDARG00000004318	0.3656605486243532	1771	high zero count	0.1538261096152176
ENSDARG00000004322	0.13325709881443773	992	other	0.08616346738469556
ENSDARG00000004325	0.26110956287326104	2327	high zero count	0.20211934335099452
ENSDARG00000004336	0.25896638664193655	1564	high zero count	0.13584643446538697
ENSDARG00000004343	0.5857110713058097	17	other	0.0014765916789715972
ENSDARG00000004363	0.6647916935604525	238	other	0.02067228350560236
ENSDARG00000004372	0.5337421585825124	338	other	0.02935811691131764
ENSDARG00000004377	0.47721019432496725	405	other	0.03517762529314688
ENSDARG00000004378	0.5050132221654354	823	other	0.07148440892903674
ENSDARG00000004386	0.23527617052057495	1788	high zero count	0.1553027012941892
ENSDARG00000004392	0.05587434688320357	1530	high zero count	0.13289325110744377
ENSDARG00000004402	2.074990002951321	378	other	0.03283245027360375
ENSDARG00000004405	0.16109852433862265	2547	high zero count	0.22122817684356813
ENSDARG00000004406	0.4469597174700157	708	other	0.06149570051246417
ENSDARG00000004415	0.168967553832059	144	other	0.01250760010423
ENSDARG00000004427	1.3137611507351403	61	other	0.0052983583774863195
ENSDARG00000004436	0.5602505701946618	571	other	0.04959610874663424
ENSDARG00000004445	0.16486303988871143	326	other	0.028315816902631807
ENSDARG00000004447	-0.07318556142936009	1755	high zero count	0.15243637627030313
ENSDARG00000004452	1.4269882906431937	1	other	8.685833405715279e-5
ENSDARG00000004455	-0.033670606285691886	448	other	0.03891253365760445
ENSDARG00000004460	0.5000680127956172	82	other	0.007122383392686529
ENSDARG00000004470	0.9934039458998944	7	other	6.080083384000695e-4
ENSDARG00000004472	0.07562928388417382	1060	high zero count	0.09206983410058195
ENSDARG00000004497	0.2677267630029316	1587	high zero count	0.13784417614870148
ENSDARG00000004517	0.6325323513401054	210	other	0.018240250152002084
ENSDARG00000004525	0.29710126106545526	51	other	0.004429775036914792
ENSDARG00000004527	1.0956064684447013	203	other	0.017632241813602016
ENSDARG00000004529	-0.02035475104842391	966	other	0.08390515069920959
ENSDARG00000004537	0.4466804936620615	82	other	0.007122383392686529
ENSDARG00000004539	0.3850875202528031	1022	other	0.08876921740641014
ENSDARG00000004574	0.0396704290273995	981	other	0.08520802571006689
ENSDARG00000004576	0.21694973010049393	2267	high zero count	0.19690784330756536
ENSDARG00000004580	0.3293099568647796	3158	high zero count	0.27429861895248847
ENSDARG00000004581	0.36868321234626755	190	other	0.01650308347085903
ENSDARG00000004587	0.5118302412791689	209	other	0.018153391817944932
ENSDARG00000004588	1.7250106320185001	166	other	0.014418483453487362
ENSDARG00000004594	0.07057438425677125	93	other	0.00807782506731521
ENSDARG00000004598	-0.0863609246890414	3051	high zero count	0.2650047772083731
ENSDARG00000004618	-6.088701452171344e-4	1377	high zero count	0.11960392599669939
ENSDARG00000004621	1.3992667067216298	221	other	0.019195691826630765
ENSDARG00000004627	-0.1502327999089812	326	other	0.028315816902631807
ENSDARG00000004632	0.6856237706099639	343	other	0.029792408581603404
ENSDARG00000004635	0.5352279904449212	96	other	0.008338400069486667
ENSDARG00000004636	0.42789109120512026	37	other	0.003213758360114653
ENSDARG00000004643	0.20436890392943943	1122	high zero count	0.09745505081212542
ENSDARG00000004658	0.02189736522993035	1528	high zero count	0.13271953443932946
ENSDARG00000004672	0.2786489827290318	33	other	0.002866325023886042
ENSDARG00000004680	0.4514931224159797	77	other	0.006688091722400764
ENSDARG00000004687	0.38210652056701483	1739	high zero count	0.1510466429253887
ENSDARG00000004692	0.5750197774133877	40	other	0.0034743333622861113
ENSDARG00000004695	0.0344520005516243	636	other	0.05524190046034917
ENSDARG00000004696	-0.1422585797844855	383	other	0.03326674194388952
ENSDARG00000004697	1.1123622823352812	899	other	0.07808564231738035
ENSDARG00000004706	1.0590353619305908	17	other	0.0014765916789715972
ENSDARG00000004712	0.18127731543287423	386	other	0.033527316946060974
ENSDARG00000004713	0.8589308142995987	198	other	0.01719795014331625
ENSDARG00000004714	0.8170689056160187	88	other	0.007643533397029445
ENSDARG00000004724	0.13699717273025644	600	other	0.052115000434291674
ENSDARG00000004726	0.4691533626255957	434	other	0.037696516980804305
ENSDARG00000004735	1.5019280625349918	1	other	8.685833405715279e-5
ENSDARG00000004745	0.5731152199128365	1416	high zero count	0.12299140102492834
ENSDARG00000004748	0.6749430575526527	221	other	0.019195691826630765
ENSDARG00000004754	0.9241667975927194	35	other	0.0030400416920003475
ENSDARG00000004771	0.7799397310570532	1538	high zero count	0.13358811777990098
ENSDARG00000004774	0.7019984316269889	141	other	0.012247025102058542
ENSDARG00000004782	0.336583573954396	243	other	0.021106575175888126
ENSDARG00000004785	1.3313003144022648	29	other	0.0025188916876574307
ENSDARG00000004794	-0.12638116176116812	3113	high zero count	0.27038999391991664
ENSDARG00000004796	0.32869005937211915	74	other	0.006427516720229306
ENSDARG00000004806	0.5645895081771136	88	other	0.007643533397029445
ENSDARG00000004830	1.6154504846247852	125	other	0.010857291757144097
ENSDARG00000004836	1.4178273600326314	55	other	0.004777208373143403
ENSDARG00000004840	1.0941816087126128	750	other	0.06514375054286459
ENSDARG00000004843	0.8828468857094524	20	other	0.0017371666811430556
ENSDARG00000004851	0.255403139996055	1900	high zero count	0.16503083470859028
ENSDARG00000004861	0.22743948291658986	1204	high zero count	0.10457743420481196
ENSDARG00000004866	0.351970526244357	143	other	0.012420741770172848
ENSDARG00000004870	0.8054001107494658	16	other	0.0013897333449144446
ENSDARG00000004874	0.0590899347057891	2104	high zero count	0.18274993485624946
ENSDARG00000004875	0.3808955848426664	1854	high zero count	0.16103535134196126
ENSDARG00000004877	0.32255431576600796	80	other	0.006948666724572223
ENSDARG00000004880	-0.12120678158977145	436	other	0.037870233648918616
ENSDARG00000004889	0.2950587642126055	902	other	0.07834621731955181
ENSDARG00000004891	1.0377430077773433	293	other	0.025449491878745765
ENSDARG00000004906	1.5923875038790845	4	other	3.4743333622861116e-4
ENSDARG00000004925	0.17975559294788426	810	other	0.07035525058629376
ENSDARG00000004930	0.3525978317449702	185	other	0.016068791800573266
ENSDARG00000004932	0.13569275461342317	705	other	0.06123512551029271
ENSDARG00000004937	0.3379371856461528	315	other	0.027360375228003126
ENSDARG00000004939	0.1885851065549192	97	other	0.00842525840354382
ENSDARG00000004948	1.5382635776893265	12	other	0.0010423000086858334
ENSDARG00000004956	0.7574778188572386	29	other	0.0025188916876574307
ENSDARG00000004964	0.14471056249323255	1489	high zero count	0.1293320594111005
ENSDARG00000004979	0.08261540047684705	51	other	0.004429775036914792
ENSDARG00000004988	0.6077285304897636	267	other	0.023191175193259795
ENSDARG00000005002	0.0038920070121638596	273	other	0.02371232519760271
ENSDARG00000005015	0.3419049800548797	58	other	0.005037783375314861
ENSDARG00000005023	1.0058668727075823	277	other	0.02405975853383132
ENSDARG00000005026	0.6700394052223198	42	other	0.003648050030400417
ENSDARG00000005034	0.18276189836272086	2251	high zero count	0.19551810996265093
ENSDARG00000005049	0.43786276493755766	2502	high zero count	0.21731955181099627
ENSDARG00000005057	0.10239742382944082	1271	high zero count	0.11039694258664119
ENSDARG00000005058	0.6358485671662393	33	other	0.002866325023886042
ENSDARG00000005078	0.516891103835384	115	other	0.00998870841657257
ENSDARG00000005085	0.47106723140885487	367	other	0.03187700859897507
ENSDARG00000005098	0.36042625593734207	76	other	0.006601233388343611
ENSDARG00000005104	0.7631678515896797	315	other	0.027360375228003126
ENSDARG00000005108	0.9294677700750275	235	other	0.020411708503430905
ENSDARG00000005112	0.47111188127485004	973	other	0.08451315903760966
ENSDARG00000005115	1.252188409665002	81	other	0.007035525058629376
ENSDARG00000005122	1.05936303092168	19	other	0.0016503083470859028
ENSDARG00000005128	0.8183093957258246	190	other	0.01650308347085903
ENSDARG00000005134	0.9243790361363675	24	other	0.002084600017371667
ENSDARG00000005139	0.2689609729554622	464	other	0.04030226700251889
ENSDARG00000005141	0.12059856851540614	377	other	0.0327455919395466
ENSDARG00000005162	1.3797952524716592	1	other	8.685833405715279e-5
ENSDARG00000005163	0.21932290991786008	972	other	0.0844263007035525
ENSDARG00000005172	1.4329294037511893	268	other	0.023278033527316947
ENSDARG00000005179	0.1288839109955887	814	other	0.07070268392252237
ENSDARG00000005185	1.804576879450873	451	other	0.039173108659775906
ENSDARG00000005186	0.1593910900080216	111	other	0.009641275080343958
ENSDARG00000005191	2.2637546969995306	4	other	3.4743333622861116e-4
ENSDARG00000005210	0.3823729729717635	866	other	0.0752193172934943
ENSDARG00000005218	0.09582190579215843	2440	high zero count	0.21193433509945278
ENSDARG00000005220	0.6614606924214116	158	other	0.013723616781030139
ENSDARG00000005230	1.8565183667784075	5	other	4.342916702857639e-4
ENSDARG00000005236	0.812185892987414	14	other	0.001216016676800139
ENSDARG00000005246	0.10492589699663037	1597	high zero count	0.138712759489273
ENSDARG00000005251	0.6028933023080574	179	other	0.015547641796230348
ENSDARG00000005254	1.2734669217468075	9	other	7.81725006514375e-4
ENSDARG00000005274	-0.10896924249508087	1429	high zero count	0.12412055936767133
ENSDARG00000005315	1.0239746553988602	9	other	7.81725006514375e-4
ENSDARG00000005318	0.8746488952011101	1274	high zero count	0.11065751758881265
ENSDARG00000005320	0.05170402043564456	3451	high zero count	0.29974811083123426
ENSDARG00000005350	0.19671317311772923	25	other	0.0021714583514288194
ENSDARG00000005355	0.5889257911757209	122	other	0.010596716754972639
ENSDARG00000005356	-0.17601589026071057	480	other	0.04169200034743334
ENSDARG00000005359	1.6267046665087708	43	other	0.00373490836445757
ENSDARG00000005368	0.6227656712695057	257	other	0.022322591852688266
ENSDARG00000005374	0.1294135431539209	79	other	0.0068618083905150696
ENSDARG00000005382	0.2849118628782001	1313	high zero count	0.11404499261704161
ENSDARG00000005394	-0.050545305499039406	866	other	0.0752193172934943
ENSDARG00000005397	0.09108851412936489	263	other	0.022843741857031183
ENSDARG00000005416	0.12951200227822304	381	other	0.03309302527577521
ENSDARG00000005423	1.5215803483693748	297	other	0.025796925214974377
ENSDARG00000005448	0.2498097949190887	1898	high zero count	0.16485711804047598
ENSDARG00000005451	2.558409632644976	1	other	8.685833405715279e-5
ENSDARG00000005453	0.3080241326055768	333	other	0.02892382524103188
ENSDARG00000005454	0.6477094443006609	153	other	0.013289325110744377
ENSDARG00000005456	0.3974188930543901	187	other	0.01624250846868757
ENSDARG00000005458	0.7467527006639545	17	other	0.0014765916789715972
ENSDARG00000005462	0.12338986822892305	10	other	8.685833405715278e-4
ENSDARG00000005463	0.5522649039167239	435	other	0.037783375314861464
ENSDARG00000005464	0.2622493266093659	416	other	0.03613306696777556
ENSDARG00000005468	0.5131966286674013	215	other	0.01867454182228785
ENSDARG00000005476	0.10607573927279768	328	other	0.028489533570746114
ENSDARG00000005479	0.5645573343436212	68	other	0.005906366715886389
ENSDARG00000005481	0.7619062917949772	477	other	0.041431425345261876
ENSDARG00000005482	0.612324771971157	15	other	0.0013028750108572918
ENSDARG00000005485	0.762425844605213	1544	high zero count	0.1341092677842439
ENSDARG00000005500	0.02567825694620806	77	other	0.006688091722400764
ENSDARG00000005522	-0.17891116259428294	1095	high zero count	0.0951098757925823
ENSDARG00000005525	0.35977954075654256	100	other	0.008685833405715278
ENSDARG00000005526	0.2681872686517653	2100	high zero count	0.18240250152002085
ENSDARG00000005536	0.683884455240068	21	other	0.0018240250152002084
ENSDARG00000005540	0.8736728521716469	48	other	0.004169200034743334
ENSDARG00000005541	0.385949688658513	1128	high zero count	0.09797620081646834
ENSDARG00000005544	-0.18764044947666866	726	other	0.06305915052549292
ENSDARG00000005547	-0.21132310637244922	1032	other	0.08963780074698167
ENSDARG00000005549	0.5785299510328652	422	other	0.03665421697211847
ENSDARG00000005551	1.2734940076942691	11	other	9.554416746286806e-4
ENSDARG00000005559	-0.05934173098195403	649	other	0.05637105880309216
ENSDARG00000005560	1.9252141180290472	36	other	0.0031269000260575
ENSDARG00000005561	0.22633155620061995	879	other	0.0763484756362373
ENSDARG00000005565	0.3775635804551631	724	other	0.06288543385737862
ENSDARG00000005574	-0.020560037749305808	1990	high zero count	0.17284808477373403
ENSDARG00000005576	0.7083001429277967	9	other	7.81725006514375e-4
ENSDARG00000005586	0.9168358360684132	659	other	0.057239642143663685
ENSDARG00000005590	0.41620772974983916	28	other	0.002432033353600278
ENSDARG00000005593	0.14776697341910966	2010	high zero count	0.1745852514548771
ENSDARG00000005595	-0.0832304291416575	2218	high zero count	0.19265178493876486
ENSDARG00000005606	0.6433945434499496	209	other	0.018153391817944932
ENSDARG00000005612	0.8597658394059898	25	other	0.0021714583514288194
ENSDARG00000005619	0.05823421645307337	992	other	0.08616346738469556
ENSDARG00000005625	0.2711399577643157	76	other	0.006601233388343611
ENSDARG00000005629	0.3577534643179306	122	other	0.010596716754972639
ENSDARG00000005640	-0.16898692059529924	643	other	0.05584990879874924
ENSDARG00000005643	0.6048585064767826	366	other	0.03179015026491792
ENSDARG00000005645	0.7368428264233366	90	other	0.007817250065143751
ENSDARG00000005651	0.34336996574632594	211	other	0.018327108486059236
ENSDARG00000005652	0.5166434910421963	20	other	0.0017371666811430556
ENSDARG00000005675	1.054790351134624	110	other	0.009554416746286806
ENSDARG00000005679	0.4047198861454875	54	other	0.00469035003908625
ENSDARG00000005690	-0.14788749484084412	171	other	0.014852775123773126
ENSDARG00000005699	0.8400430073283862	56	other	0.004864066707200556
ENSDARG00000005704	0.02732657807956274	1652	high zero count	0.1434899678624164
ENSDARG00000005738	0.7912770690432084	29	other	0.0025188916876574307
ENSDARG00000005739	0.5135463926881821	1030	other	0.08946408407886737
ENSDARG00000005754	0.7035517852021274	46	other	0.003995483366629028
ENSDARG00000005762	0.2345673736572765	121	other	0.010509858420915487
ENSDARG00000005772	0.8088738977613511	88	other	0.007643533397029445
ENSDARG00000005774	1.7130818493233126	1	other	8.685833405715279e-5
ENSDARG00000005775	0.24257028185146626	1542	high zero count	0.1339355511161296
ENSDARG00000005789	0.6020419303745054	563	other	0.048901242074177016
ENSDARG00000005799	0.44417979581033545	630	other	0.05472075045600625
ENSDARG00000005800	-0.08477396502306735	604	other	0.05246243377052028
ENSDARG00000005821	0.3919454637568927	1836	high zero count	0.15947190132893252
ENSDARG00000005823	0.6383536983087018	77	other	0.006688091722400764
ENSDARG00000005827	1.4929730491178772	33	other	0.002866325023886042
ENSDARG00000005840	1.9248779659535649	17	other	0.0014765916789715972
ENSDARG00000005841	0.10304737111757356	240	other	0.02084600017371667
ENSDARG00000005842	0.7056426477028073	660	other	0.05732650047772084
ENSDARG00000005861	0.16926767878268723	668	other	0.05802136715017806
ENSDARG00000005867	0.36841532174965763	40	other	0.0034743333622861113
ENSDARG00000005870	0.548811499611253	505	other	0.04386345869886216
ENSDARG00000005891	0.7817354718934986	1236	high zero count	0.10735690089464084
ENSDARG00000005897	0.20004378574117676	3536	high zero count	0.30713106922609223
ENSDARG00000005908	1.0250294760559369	159	other	0.013810475115087293
ENSDARG00000005913	-0.03962587993091505	1214	high zero count	0.10544601754538348
ENSDARG00000005915	0.18598932535217275	1105	high zero count	0.09597845913315382
ENSDARG00000005916	-0.10302425424599075	421	other	0.03656735863806132
ENSDARG00000005924	1.060170505144148	601	other	0.052201858768348826
ENSDARG00000005926	1.578160993866888	17	other	0.0014765916789715972
ENSDARG00000005927	0.7882084699095544	472	other	0.040997133674976115
ENSDARG00000005941	0.6644853569239688	29	other	0.0025188916876574307
ENSDARG00000005943	-0.21451847135152297	1270	high zero count	0.11031008425258404
ENSDARG00000005945	0.7223123845302349	14	other	0.001216016676800139
ENSDARG00000005948	0.22609629013917232	954	other	0.08286285069052375
ENSDARG00000005980	0.5504498700062386	30	other	0.0026057500217145837
ENSDARG00000005989	0.4925826602083278	46	other	0.003995483366629028
ENSDARG00000005993	0.23931458812317719	1434	high zero count	0.12455485103795709
ENSDARG00000006003	0.5091942806905705	254	other	0.022062016850516807
ENSDARG00000006008	0.5162186478808721	1723	high zero count	0.14965690958047426
ENSDARG00000006010	0.7613910216731682	720	other	0.06253800052115001
ENSDARG00000006011	0.0014274675017683256	3792	high zero count	0.32936680274472335
ENSDARG00000006019	2.203050772202232	8	other	6.948666724572223e-4
ENSDARG00000006025	0.30613111634006035	71	other	0.006166941718057848
ENSDARG00000006029	0.7364529729533836	408	other	0.035438200295318335
ENSDARG00000006031	1.0594061966622839	11	other	9.554416746286806e-4
ENSDARG00000006038	0.16000252771535975	38	other	0.0033006166941718057
ENSDARG00000006040	0.6334922769414645	115	other	0.00998870841657257
ENSDARG00000006060	-0.09728421172197627	170	other	0.014765916789715974
ENSDARG00000006062	0.6295074835613931	3	other	2.6057500217145836e-4
ENSDARG00000006065	0.05909083375778851	2012	high zero count	0.1747589681229914
ENSDARG00000006074	0.4210049236521681	36	other	0.0031269000260575
ENSDARG00000006092	1.7418876222129482	1	other	8.685833405715279e-5
ENSDARG00000006093	0.5123755704047991	1082	high zero count	0.09398071744983931
ENSDARG00000006094	0.22685959328826796	758	other	0.0658386172153218
ENSDARG00000006110	0.07651818535694961	497	other	0.04316859202640493
ENSDARG00000006112	0.2678712794227379	2089	high zero count	0.18144705984539217
ENSDARG00000006120	0.5693961411602442	243	other	0.021106575175888126
ENSDARG00000006124	0.9696182204089682	3	other	2.6057500217145836e-4
ENSDARG00000006125	1.6327218746297112	110	other	0.009554416746286806
ENSDARG00000006128	0.5939486293683657	117	other	0.010162425084686877
ENSDARG00000006169	-0.1448288028563487	973	other	0.08451315903760966
ENSDARG00000006192	0.4533147809538337	3	other	2.6057500217145836e-4
ENSDARG00000006196	0.6283649027418462	335	other	0.029097541909146183
ENSDARG00000006202	-0.0631311497791457	1177	high zero count	0.10223225918526882
ENSDARG00000006207	0.24280687530322148	2403	high zero count	0.20872057673933814
ENSDARG00000006215	0.8842030407558891	208	other	0.01806653348388778
ENSDARG00000006219	1.094383149297522	35	other	0.0030400416920003475
ENSDARG00000006220	0.33926980550919683	731	other	0.06349344219577868
ENSDARG00000006225	1.9420404295790739	20	other	0.0017371666811430556
ENSDARG00000006235	0.6697206046922947	36	other	0.0031269000260575
ENSDARG00000006240	0.6292684214836218	285	other	0.024754625206288544
ENSDARG00000006242	2.473501217440428	16	other	0.0013897333449144446
ENSDARG00000006251	0.5692541938893516	13	other	0.0011291583427429862
ENSDARG00000006253	0.0019832177476479355	494	other	0.042908017024233476
ENSDARG00000006257	0.6936692090184331	168	other	0.014592200121601668
ENSDARG00000006260	3.4440930553445304	4	other	3.4743333622861116e-4
ENSDARG00000006266	0.9776294898811292	142	other	0.012333883436115696
ENSDARG00000006272	0.0025078322299050227	1682	high zero count	0.14609571788413098
ENSDARG00000006279	-0.18827910883518392	620	other	0.053852167115434724
ENSDARG00000006283	0.4707936695083318	64	other	0.005558933379657779
ENSDARG00000006288	-0.19497962068697516	926	other	0.08043081733692348
ENSDARG00000006290	1.7927122560005302	40	other	0.0034743333622861113
ENSDARG00000006292	-0.1075554240965612	711	other	0.06175627551463563
ENSDARG00000006299	0.35451323587222217	19	other	0.0016503083470859028
ENSDARG00000006300	0.44097400888833316	146	other	0.012681316772344306
ENSDARG00000006307	0.0711044393753731	243	other	0.021106575175888126
ENSDARG00000006314	0.26071846685950373	190	other	0.01650308347085903
ENSDARG00000006332	0.6046608627981791	586	other	0.05089898375749153
ENSDARG00000006353	0.3239604233397365	44	other	0.0038217666985147225
ENSDARG00000006356	0.31932358999650406	2759	high zero count	0.23964214366368453
ENSDARG00000006370	1.0092850414088563	107	other	0.009293841744115348
ENSDARG00000006385	0.4054191759220242	321	other	0.027881525232346042
ENSDARG00000006389	0.39011381955594115	7	other	6.080083384000695e-4
ENSDARG00000006392	0.2438884991721186	208	other	0.01806653348388778
ENSDARG00000006395	1.2043600744149843	12	other	0.0010423000086858334
ENSDARG00000006397	1.5428787869346372	18	other	0.00156345001302875
ENSDARG00000006408	1.5220011889366132	40	other	0.0034743333622861113
ENSDARG00000006413	3.0530374289464834	8	other	6.948666724572223e-4
ENSDARG00000006420	0.5839569865040958	114	other	0.009901850082515417
ENSDARG00000006427	1.0249921237765753	437	other	0.03795709198297577
ENSDARG00000006434	0.5021004427048771	126	other	0.010944150091201251
ENSDARG00000006467	0.015428264250636647	1178	high zero count	0.10231911751932599
ENSDARG00000006477	0.9097687307226351	13	other	0.0011291583427429862
ENSDARG00000006491	0.4638177340370415	625	other	0.05428645878572049
ENSDARG00000006494	0.7973666693906858	18	other	0.00156345001302875
ENSDARG00000006497	1.9170759566144564	62	other	0.0053852167115434725
ENSDARG00000006508	0.251273609338287	1970	high zero count	0.171110918092591
ENSDARG00000006514	0.7971472684406818	148	other	0.012855033440458612
ENSDARG00000006524	1.1186217318483798	4	other	3.4743333622861116e-4
ENSDARG00000006526	1.463042788278807	63	other	0.0054720750456006256
ENSDARG00000006527	0.751717554205993	12	other	0.0010423000086858334
ENSDARG00000006545	0.2330207841752838	41	other	0.0035611916963432643
ENSDARG00000006546	0.633178370582578	141	other	0.012247025102058542
ENSDARG00000006553	0.9366659961911542	120	other	0.010423000086858335
ENSDARG00000006566	1.0949882570610734	19	other	0.0016503083470859028
ENSDARG00000006567	-0.014078041621410414	1080	high zero count	0.093807000781725
ENSDARG00000006584	0.31710850539975954	120	other	0.010423000086858335
ENSDARG00000006585	0.3361030059556855	225	other	0.019543125162859377
ENSDARG00000006588	0.6508549311843437	1613	high zero count	0.14010249283418744
ENSDARG00000006598	0.16790534527697654	1915	high zero count	0.16633370971944758
ENSDARG00000006600	0.3544241393449216	168	other	0.014592200121601668
ENSDARG00000006601	-0.03298527678298615	1990	high zero count	0.17284808477373403
ENSDARG00000006603	0.6835753940506956	48	other	0.004169200034743334
ENSDARG00000006604	0.43498145894165313	106	other	0.009206983410058196
ENSDARG00000006607	-0.0920325330367597	424	other	0.036827933640232784
ENSDARG00000006609	0.812599521807255	154	other	0.013376183444801529
ENSDARG00000006615	0.09211755555076519	351	other	0.030487275254060628
ENSDARG00000006617	0.6633007735669821	378	other	0.03283245027360375
ENSDARG00000006621	0.4364462824335248	132	other	0.011465300095544168
ENSDARG00000006624	0.5215337972679637	22	other	0.0019108833492573613
ENSDARG00000006639	0.5776110996891274	26	other	0.0022583166854859725
ENSDARG00000006640	0.20352002761184557	876	other	0.07608790063406584
ENSDARG00000006642	0.37330214978437626	56	other	0.004864066707200556
ENSDARG00000006666	0.5484429870038702	112	other	0.009728133414401112
ENSDARG00000006672	0.6999743733251893	98	other	0.008512116737600973
ENSDARG00000006678	-0.10799939111860153	1304	high zero count	0.11326326761052723
ENSDARG00000006683	0.7104301160589483	76	other	0.006601233388343611
ENSDARG00000006691	3.548640453716853	2	other	1.7371666811430558e-4
ENSDARG00000006712	0.475809686539222	241	other	0.02093285850777382
ENSDARG00000006719	0.08596264584516836	101	other	0.008772691739772432
ENSDARG00000006747	0.24765525822827864	171	other	0.014852775123773126
ENSDARG00000006754	0.2558737243756104	557	other	0.0483800920698341
ENSDARG00000006757	0.3719641878197463	105	other	0.009120125076001042
ENSDARG00000006758	1.0586869863118236	243	other	0.021106575175888126
ENSDARG00000006766	0.5658795888131571	2	other	1.7371666811430558e-4
ENSDARG00000006773	0.7451990528241731	665	other	0.0577607921480066
ENSDARG00000006782	0.5809891951140137	146	other	0.012681316772344306
ENSDARG00000006786	0.8072597266552791	33	other	0.002866325023886042
ENSDARG00000006791	0.22446327025899387	883	other	0.0766959089724659
ENSDARG00000006812	0.6938218818749919	27	other	0.002345175019543125
ENSDARG00000006832	0.34282263986495143	521	other	0.0452531920437766
ENSDARG00000006837	0.5992940034277822	86	other	0.00746981672891514
ENSDARG00000006840	0.6307669925609894	177	other	0.015373925128116042
ENSDARG00000006848	-0.17849696289041664	477	other	0.041431425345261876
ENSDARG00000006849	0.2455517303241817	1692	high zero count	0.1469643012247025
ENSDARG00000006859	0.3367626643036717	15	other	0.0013028750108572918
ENSDARG00000006862	0.4264609950523007	494	other	0.042908017024233476
ENSDARG00000006865	-0.06884928160354759	2041	high zero count	0.17727785981064884
ENSDARG00000006878	-0.011478216402544983	292	other	0.025362633544688613
ENSDARG00000006889	0.416642213355886	118	other	0.010249283418744029
ENSDARG00000006899	0.08789659308389457	2592	high zero count	0.22513680187614002
ENSDARG00000006900	0.7356226915072015	83	other	0.007209241726743681
ENSDARG00000006901	0.29199546675019966	1294	high zero count	0.1123946842699557
ENSDARG00000006911	-0.15662025244802108	442	other	0.03839138365326153
ENSDARG00000006915	1.0912412951956985	436	other	0.037870233648918616
ENSDARG00000006921	0.5909121170363855	20	other	0.0017371666811430556
ENSDARG00000006923	0.02478239388130926	787	other	0.06835750890297924
ENSDARG00000006924	0.14418617901128272	187	other	0.01624250846868757
ENSDARG00000006939	0.22697743067304507	338	other	0.02935811691131764
ENSDARG00000006963	1.0995893710760052	13	other	0.0011291583427429862
ENSDARG00000006978	0.2505610171744901	1222	high zero count	0.10614088421784071
ENSDARG00000007009	0.001591742580495324	966	other	0.08390515069920959
ENSDARG00000007024	0.5224095809858799	2549	high zero count	0.22140189351168243
ENSDARG00000007025	0.1258865973686872	1432	high zero count	0.12438113436984279
ENSDARG00000007034	0.5517466621001085	83	other	0.007209241726743681
ENSDARG00000007040	-0.049343106739940884	3778	high zero count	0.3281507860679232
ENSDARG00000007065	0.6849350605692058	272	other	0.023625466863545556
ENSDARG00000007077	-0.15653749742161024	574	other	0.0498566837488057
ENSDARG00000007081	0.6224709861403753	9	other	7.81725006514375e-4
ENSDARG00000007092	0.3498497368651822	297	other	0.025796925214974377
ENSDARG00000007098	2.23037333927187	5	other	4.342916702857639e-4
ENSDARG00000007099	1.4443195420468142	120	other	0.010423000086858335
ENSDARG00000007108	0.34691469640639766	2396	high zero count	0.20811256840093806
ENSDARG00000007125	0.045712805975135336	3216	high zero count	0.2793364023278034
ENSDARG00000007127	0.8475365437919035	668	other	0.05802136715017806
ENSDARG00000007130	1.0239037990723292	3366	high zero count	0.2923651524363763
ENSDARG00000007135	0.7694861542984623	46	other	0.003995483366629028
ENSDARG00000007136	0.32314870625959735	197	other	0.0171110918092591
ENSDARG00000007141	1.4653165418761636	6	other	5.211500043429167e-4
ENSDARG00000007149	0.053656968511080184	3486	high zero count	0.3027881525232346
ENSDARG00000007172	-4.868073477410182e-4	102	other	0.008859550073829584
ENSDARG00000007175	0.16663279578607143	351	other	0.030487275254060628
ENSDARG00000007179	0.20501665379665243	11	other	9.554416746286806e-4
ENSDARG00000007180	0.42933581224093054	130	other	0.011291583427429861
ENSDARG00000007181	0.16459229979415685	885	other	0.07686962564058021
ENSDARG00000007184	0.3803144104811404	34	other	0.0029531833579431945
ENSDARG00000007195	0.44731799514525034	1003	other	0.08711890905932425
ENSDARG00000007196	0.7959447008997591	127	other	0.011031008425258403
ENSDARG00000007198	0.7161267078855846	26	other	0.0022583166854859725
ENSDARG00000007207	0.2941254347927371	252	other	0.021888300182402502
ENSDARG00000007216	1.5443593061425163	11	other	9.554416746286806e-4
ENSDARG00000007217	0.3843572043410127	143	other	0.012420741770172848
ENSDARG00000007219	0.7669374071898574	116	other	0.010075566750629723
ENSDARG00000007220	0.054521841432259396	1428	high zero count	0.12403370103361418
ENSDARG00000007221	0.07265588915835866	91	other	0.007904108399200903
ENSDARG00000007231	0.6795064106676131	141	other	0.012247025102058542
ENSDARG00000007241	0.769524190411626	62	other	0.0053852167115434725
ENSDARG00000007247	0.29182756296894286	3007	high zero count	0.2611830105098584
ENSDARG00000007250	0.4770439676667305	97	other	0.00842525840354382
ENSDARG00000007257	1.5978845314479557	54	other	0.00469035003908625
ENSDARG00000007271	0.18556978372017124	74	other	0.006427516720229306
ENSDARG00000007275	1.3522526161500756	1562	high zero count	0.13567271779727264
ENSDARG00000007277	0.15351838518719785	3256	high zero count	0.28281073569008947
ENSDARG00000007278	0.28639381108281153	17	other	0.0014765916789715972
ENSDARG00000007279	1.0006469518879146	159	other	0.013810475115087293
ENSDARG00000007285	0.9278878615451573	142	other	0.012333883436115696
ENSDARG00000007294	2.08768321411562	8	other	6.948666724572223e-4
ENSDARG00000007302	0.15722862969762746	73	other	0.006340658386172153
ENSDARG00000007315	0.47250217999398797	32	other	0.0027794666898288893
ENSDARG00000007323	1.1953707185267548	22	other	0.0019108833492573613
ENSDARG00000007329	0.13319846088757958	735	other	0.06384087553200729
ENSDARG00000007347	1.231688484091705	215	other	0.01867454182228785
ENSDARG00000007359	0.4136555490200496	78	other	0.006774950056457917
ENSDARG00000007362	0.4286892730574293	325	other	0.028228958568574655
ENSDARG00000007366	-0.13250144790487306	1276	high zero count	0.11083123425692695
ENSDARG00000007369	0.6249165009950212	25	other	0.0021714583514288194
ENSDARG00000007370	-0.06036876653279816	154	other	0.013376183444801529
ENSDARG00000007377	1.1092401255430704	6	other	5.211500043429167e-4
ENSDARG00000007383	0.03978502511900083	568	other	0.049335533744462784
ENSDARG00000007385	2.159121441829595	3	other	2.6057500217145836e-4
ENSDARG00000007387	0.5926507978309062	108	other	0.0093807000781725
ENSDARG00000007396	0.3781139438442554	1092	high zero count	0.09484930079041085
ENSDARG00000007405	1.1269032845681017	77	other	0.006688091722400764
ENSDARG00000007406	0.26523791314294404	578	other	0.05020411708503431
ENSDARG00000007407	-0.047937692598754814	2473	high zero count	0.21480066012333884
ENSDARG00000007409	0.21974833553433282	2101	high zero count	0.182489359854078
ENSDARG00000007413	0.7661832441687767	9	other	7.81725006514375e-4
ENSDARG00000007418	0.27266438559032186	1250	high zero count	0.10857291757144098
ENSDARG00000007421	0.3121717184198735	1680	high zero count	0.14592200121601667
ENSDARG00000007429	0.27974178191997434	1561	high zero count	0.1355858594632155
ENSDARG00000007430	-0.12368101502285697	684	other	0.0594111004950925
ENSDARG00000007438	1.5240390312013952	16	other	0.0013897333449144446
ENSDARG00000007443	-0.1495027942171785	727	other	0.06314600885955007
ENSDARG00000007444	-0.03805972279920026	274	other	0.023799183531659863
ENSDARG00000007449	0.47045083920125663	1172	high zero count	0.10179796751498306
ENSDARG00000007461	-0.13600943071074534	2141	high zero count	0.1859636932163641
ENSDARG00000007465	0.2633255443958995	577	other	0.05011725875097715
ENSDARG00000007485	0.525827763657706	66	other	0.005732650047772084
ENSDARG00000007494	0.16484064081601657	1767	high zero count	0.15347867627898898
ENSDARG00000007496	0.33089365665332876	125	other	0.010857291757144097
ENSDARG00000007523	0.587487872037568	100	other	0.008685833405715278
ENSDARG00000007526	1.9770206462823487	18	other	0.00156345001302875
ENSDARG00000007531	0.39279749268884234	3684	high zero count	0.31998610266655086
ENSDARG00000007553	2.889062102119406e-4	504	other	0.043776600364805004
ENSDARG00000007560	-0.047405580414514016	2122	high zero count	0.1843133848692782
ENSDARG00000007566	0.20660700889403066	1250	high zero count	0.10857291757144098
ENSDARG00000007576	1.4427669223711685	315	other	0.027360375228003126
ENSDARG00000007597	0.191603265288356	1474	high zero count	0.1280291844002432
ENSDARG00000007601	-0.05770600705311003	258	other	0.02240945018674542
ENSDARG00000007603	0.5740072003505668	362	other	0.03144271692868931
ENSDARG00000007624	0.16874840210343503	310	other	0.026926083557717362
ENSDARG00000007630	0.056447918844818104	1266	high zero count	0.10996265091635543
ENSDARG00000007639	0.59780788723709255	87	other	0.007556675062972292
ENSDARG00000007654	0.7032646614086427	462	other	0.040128550334404586
ENSDARG00000007657	1.0230219399847587	987	other	0.0857291757144098
ENSDARG00000007663	0.667426238678613	1843	high zero count	0.16007990966733257
ENSDARG00000007671	0.4354892453784469	201	other	0.01745852514548771
ENSDARG00000007678	0.5995568971232107	196	other	0.017024233475201947
ENSDARG00000007682	1.3496475954918887	182	other	0.015808216798401806
ENSDARG00000007691	0.71006758750073	64	other	0.005558933379657779
ENSDARG00000007693	1.1880576558251184	6	other	5.211500043429167e-4
ENSDARG00000007697	1.6003634611484125	469	other	0.04073655867280466
ENSDARG00000007708	2.185279378999101	4	other	3.4743333622861116e-4
ENSDARG00000007711	0.24434021359562075	849	other	0.07374272561452272
ENSDARG00000007720	1.5419837911566319	37	other	0.003213758360114653
ENSDARG00000007722	0.04303335249536253	1878	high zero count	0.16311995135933294
ENSDARG00000007727	0.07122399807220621	3622	high zero count	0.3146008859550074
ENSDARG00000007734	0.12432630060882066	2997	high zero count	0.2603144271692869
ENSDARG00000007737	0.7832214825049568	79	other	0.0068618083905150696
ENSDARG00000007744	0.6133525397304161	18	other	0.00156345001302875
ENSDARG00000007745	2.1092632148635206	6	other	5.211500043429167e-4
ENSDARG00000007751	0.12129367444072572	763	other	0.06627290888560758
ENSDARG00000007753	0.3524801322762201	913	other	0.07930165899418049
ENSDARG00000007755	0.8740314255059707	924	other	0.08025710066880917
ENSDARG00000007760	-0.03646433644759814	259	other	0.02249630852080257
ENSDARG00000007764	0.09524496934813058	294	other	0.025536350212802917
ENSDARG00000007774	0.8403130835010612	106	other	0.009206983410058196
ENSDARG00000007783	0.09645132157768986	969	other	0.08416572570138105
ENSDARG00000007786	0.29239839371285503	36	other	0.0031269000260575
ENSDARG00000007788	-0.26259815427771627	441	other	0.03830452531920438
ENSDARG00000007791	1.9853057349910144	3	other	2.6057500217145836e-4
ENSDARG00000007795	1.3239054566518338	77	other	0.006688091722400764
ENSDARG00000007804	0.32577713074883324	264	other	0.022930600191088335
ENSDARG00000007807	-0.12940325895031474	750	other	0.06514375054286459
ENSDARG00000007808	0.734303106663685	332	other	0.028836966906974723
ENSDARG00000007812	0.4870880209966518	525	other	0.045600625380005214
ENSDARG00000007813	0.05496931527360627	755	other	0.06557804221315035
ENSDARG00000007818	1.4617609837311214	66	other	0.005732650047772084
ENSDARG00000007823	0.574197690404003	284	other	0.024667766872231392
ENSDARG00000007824	0.40338899488927377	261	other	0.022670025188916875
ENSDARG00000007825	0.76823427840771	640	other	0.05558933379657778
ENSDARG00000007836	2.533396038743001	1	other	8.685833405715279e-5
ENSDARG00000007842	0.375908600162365	740	other	0.06427516720229307
ENSDARG00000007863	1.7194552266365404	6	other	5.211500043429167e-4
ENSDARG00000007867	1.5793802082792385	12	other	0.0010423000086858334
ENSDARG00000007869	-0.1189052256644079	1880	high zero count	0.16329366802744724
ENSDARG00000007886	0.5341415848678164	97	other	0.00842525840354382
ENSDARG00000007891	0.05207767669497271	492	other	0.04273430035611917
ENSDARG00000007892	0.13245416650320943	1720	high zero count	0.1493963345783028
ENSDARG00000007901	0.5623860285751412	67	other	0.005819508381829237
ENSDARG00000007912	-0.18923057720919817	1564	high zero count	0.13584643446538697
ENSDARG00000007916	0.05733868204793501	941	other	0.08173369234778077
ENSDARG00000007918	0.0872569537820754	343	other	0.029792408581603404
ENSDARG00000007923	0.7252101048919317	58	other	0.005037783375314861
ENSDARG00000007941	0.2536985673951295	1789	high zero count	0.15538955962824633
ENSDARG00000007943	0.47622795962478254	80	other	0.006948666724572223
ENSDARG00000007955	0.7602116837028462	46	other	0.003995483366629028
ENSDARG00000007959	0.7966883298679466	104	other	0.00903326674194389
ENSDARG00000007971	0.7053215574799591	757	other	0.06575175888126465
ENSDARG00000007975	0.4498369329754359	759	other	0.06592547554937896
ENSDARG00000007976	0.24702334390976388	87	other	0.007556675062972292
ENSDARG00000007982	0.4326103245361226	311	other	0.027012941891774517
ENSDARG00000007988	0.09433884221472301	3018	high zero count	0.2621384521844871
ENSDARG00000007989	1.1397509052577397	60	other	0.005211500043429167
ENSDARG00000007996	0.6773582048036008	36	other	0.0031269000260575
ENSDARG00000008020	0.8111485514936446	247	other	0.021454008512116738
ENSDARG00000008022	0.13678462828691437	181	other	0.015721358464344654
ENSDARG00000008026	0.128233642091022	20	other	0.0017371666811430556
ENSDARG00000008030	1.5972014737190419	107	other	0.009293841744115348
ENSDARG00000008032	0.9927965108740401	11	other	9.554416746286806e-4
ENSDARG00000008034	0.3781031759643301	574	other	0.0498566837488057
ENSDARG00000008049	0.9499182714113511	56	other	0.004864066707200556
ENSDARG00000008068	0.3272437535866421	142	other	0.012333883436115696
ENSDARG00000008097	1.241340089542495	26	other	0.0022583166854859725
ENSDARG00000008105	0.6217805061565336	143	other	0.012420741770172848
ENSDARG00000008107	0.08920564199403869	198	other	0.01719795014331625
ENSDARG00000008119	0.3413883291707763	433	other	0.03760965864674715
ENSDARG00000008131	0.8803955772274916	1082	high zero count	0.09398071744983931
ENSDARG00000008133	0.013609623219507651	3433	high zero count	0.2981846608182055
ENSDARG00000008141	0.20473007563183768	106	other	0.009206983410058196
ENSDARG00000008142	0.959071826521325	69	other	0.005993225049943542
ENSDARG00000008153	0.8843045302994186	2	other	1.7371666811430558e-4
ENSDARG00000008155	1.0585864673777676	173	other	0.015026491791887432
ENSDARG00000008164	0.41769183157144524	356	other	0.030921566924346392
ENSDARG00000008165	0.031551566746398314	3033	high zero count	0.2634413271953444
ENSDARG00000008170	0.14290773913260615	321	other	0.027881525232346042
ENSDARG00000008184	0.8546578110749902	17	other	0.0014765916789715972
ENSDARG00000008186	-0.11709709638655577	868	other	0.07539303396160861
ENSDARG00000008188	1.5943365329532821	6	other	5.211500043429167e-4
ENSDARG00000008191	0.10010098130762493	1234	high zero count	0.10718318422652653
ENSDARG00000008200	0.3737192607019435	8	other	6.948666724572223e-4
ENSDARG00000008209	0.3182533804567669	1675	high zero count	0.14548770954573093
ENSDARG00000008218	0.4028140768275945	111	other	0.009641275080343958
ENSDARG00000008224	1.3755143657113742	10	other	8.685833405715278e-4
ENSDARG00000008235	0.12477558681202212	457	other	0.039694258664118826
ENSDARG00000008237	0.879103908543679	13	other	0.0011291583427429862
ENSDARG00000008238	-0.03656995465491223	119	other	0.01033614175280118
ENSDARG00000008239	0.08284320756216063	2123	high zero count	0.18440024320333537
ENSDARG00000008247	-0.04553003225102744	779	other	0.06766264223052201
ENSDARG00000008255	0.8720810540982304	6	other	5.211500043429167e-4
ENSDARG00000008275	0.6708295292553058	176	other	0.01528706679405889
ENSDARG00000008278	0.2588596787310089	90	other	0.007817250065143751
ENSDARG00000008287	-0.20395795316458828	235	other	0.020411708503430905
ENSDARG00000008292	2.3949009976485107	5	other	4.342916702857639e-4
ENSDARG00000008305	0.44388259293914795	1540	high zero count	0.1337618344480153
ENSDARG00000008306	-0.12835769915052556	498	other	0.043255450360462085
ENSDARG00000008310	1.1106040733365845	29	other	0.0025188916876574307
ENSDARG00000008322	-0.1258754163423615	241	other	0.02093285850777382
ENSDARG00000008329	0.008861899542012514	887	other	0.07704334230869452
ENSDARG00000008333	0.28646301850878	949	other	0.08242855902023799
ENSDARG00000008363	0.8762491596084397	2	other	1.7371666811430558e-4
ENSDARG00000008370	0.9176590637587687	5	other	4.342916702857639e-4
ENSDARG00000008372	0.21754319803881056	99	other	0.008598975071658126
ENSDARG00000008377	0.8890559805108075	24	other	0.002084600017371667
ENSDARG00000008380	1.0663620590045977	26	other	0.0022583166854859725
ENSDARG00000008383	1.9328150603252108	3	other	2.6057500217145836e-4
ENSDARG00000008384	0.37212718025012664	774	other	0.06722835056023625
ENSDARG00000008388	0.8051089143910704	368	other	0.03196386693303222
ENSDARG00000008395	0.43889184751034604	238	other	0.02067228350560236
ENSDARG00000008398	0.02991490219208236	1714	high zero count	0.14887518457395987
ENSDARG00000008403	0.10080689091283944	1836	high zero count	0.15947190132893252
ENSDARG00000008407	1.4243580541137264	538	other	0.0467297837227482
ENSDARG00000008413	0.56403091350117	186	other	0.01615565013463042
ENSDARG00000008433	0.4645511193956068	56	other	0.004864066707200556
ENSDARG00000008434	0.38940433839699923	905	other	0.07860679232172327
ENSDARG00000008447	1.5123434880963225	9	other	7.81725006514375e-4
ENSDARG00000008450	0.4838778683524626	261	other	0.022670025188916875
ENSDARG00000008454	0.03173151495124194	3651	high zero count	0.3171197776426648
ENSDARG00000008461	0.10020921479875232	427	other	0.03708850864240424
ENSDARG00000008472	-0.0011295844195697978	546	other	0.04742465039520542
ENSDARG00000008480	0.2809223998665859	665	other	0.0577607921480066
ENSDARG00000008487	0.1489244466407628	118	other	0.010249283418744029
ENSDARG00000008490	0.6844667054054584	166	other	0.014418483453487362
ENSDARG00000008491	0.27036683947803103	980	other	0.08512116737600973
ENSDARG00000008494	1.1452029254949172	19	other	0.0016503083470859028
ENSDARG00000008502	1.7771185195621975	15	other	0.0013028750108572918
ENSDARG00000008503	-0.012589621241585167	195	other	0.01693737514114479
ENSDARG00000008542	-0.004766418749126192	71	other	0.006166941718057848
ENSDARG00000008548	0.23115228101884702	436	other	0.037870233648918616
ENSDARG00000008551	0.8685319314445361	53	other	0.004603491705029098
ENSDARG00000008560	0.2722270129759655	203	other	0.017632241813602016
ENSDARG00000008568	0.8032859746192756	174	other	0.015113350125944584
ENSDARG00000008573	0.28658384621898947	462	other	0.040128550334404586
ENSDARG00000008592	0.050570236514643645	1094	high zero count	0.09502301745852515
ENSDARG00000008593	-0.18792740960264934	668	other	0.05802136715017806
ENSDARG00000008623	0.5661344245803552	1163	high zero count	0.10101624250846869
ENSDARG00000008637	0.2203894891493391	50	other	0.004342916702857639
ENSDARG00000008639	0.6534663281519946	202	other	0.017545383479544863
ENSDARG00000008660	0.6570685618015575	274	other	0.023799183531659863
ENSDARG00000008662	0.001740156307683923	215	other	0.01867454182228785
ENSDARG00000008678	1.4874759197687195	21	other	0.0018240250152002084
ENSDARG00000008697	0.45667872757113376	40	other	0.0034743333622861113
ENSDARG00000008703	0.7258686821524836	3379	high zero count	0.29349431077911925
ENSDARG00000008706	0.9606408385052461	2	other	1.7371666811430558e-4
ENSDARG00000008720	0.32281376129207495	698	other	0.06062711717189264
ENSDARG00000008723	0.02764346481243618	958	other	0.08321028402675237
ENSDARG00000008732	0.24052006387077277	480	other	0.04169200034743334
ENSDARG00000008735	1.425376126473715	131	other	0.011378441761487015
ENSDARG00000008740	0.24582808532471892	35	other	0.0030400416920003475
ENSDARG00000008748	1.7109982710596727	8	other	6.948666724572223e-4
ENSDARG00000008757	-0.17304223485322268	858	other	0.07452445062103709
ENSDARG00000008765	1.0391712489587743	219	other	0.01902197515851646
ENSDARG00000008772	0.11943938901793494	499	other	0.04334230869451924
ENSDARG00000008784	0.37546750546156754	255	other	0.02214887518457396
ENSDARG00000008785	1.8854816053342733	38	other	0.0033006166941718057
ENSDARG00000008788	0.43926717206892846	604	other	0.05246243377052028
ENSDARG00000008790	-0.18426223431837568	1119	high zero count	0.09719447580995397
ENSDARG00000008803	2.3680308733476685	11	other	9.554416746286806e-4
ENSDARG00000008805	0.2750352428889832	305	other	0.026491791887431598
ENSDARG00000008808	0.766323317362598	510	other	0.04429775036914792
ENSDARG00000008811	0.22854206957689868	3220	high zero count	0.279683835664032
ENSDARG00000008816	1.113108518508322	59	other	0.005124641709372014
ENSDARG00000008818	0.2540439326475079	190	other	0.01650308347085903
ENSDARG00000008829	0.10833306373656627	854	other	0.07417701728480848
ENSDARG00000008832	0.4413167344424394	1337	high zero count	0.11612959263441328
ENSDARG00000008840	0.23175688910722264	226	other	0.01962998349691653
ENSDARG00000008852	0.6717911476263996	146	other	0.012681316772344306
ENSDARG00000008859	0.9364083104865829	347	other	0.030139841917832016
ENSDARG00000008861	1.0340075262037374	1030	other	0.08946408407886737
ENSDARG00000008867	1.6167718581412311	49	other	0.004256058368800487
ENSDARG00000008880	-0.03203539331171076	428	other	0.03717536697646139
ENSDARG00000008884	0.5932992157299122	33	other	0.002866325023886042
ENSDARG00000008886	0.35719902381147917	793	other	0.06887865890732216
ENSDARG00000008904	0.4446836339670657	48	other	0.004169200034743334
ENSDARG00000008906	-0.023851396480613424	1809	high zero count	0.1571267263093894
ENSDARG00000008920	0.670440849663792	247	other	0.021454008512116738
ENSDARG00000008936	1.8039177432480162	39	other	0.0033874750282289587
ENSDARG00000008947	0.7530157768037172	7	other	6.080083384000695e-4
ENSDARG00000008966	0.8816661536651753	12	other	0.0010423000086858334
ENSDARG00000008969	0.6318428373313862	760	other	0.06601233388343612
ENSDARG00000008976	0.24065703245895126	22	other	0.0019108833492573613
ENSDARG00000008979	-0.012968389526796392	186	other	0.01615565013463042
ENSDARG00000008982	0.8341992389876957	250	other	0.021714583514288194
ENSDARG00000008983	-0.08976343137726181	1200	high zero count	0.10423000086858335
ENSDARG00000008986	0.055931672261817694	1065	high zero count	0.09250412577086771
ENSDARG00000009001	0.8681882864778802	20	other	0.0017371666811430556
ENSDARG00000009014	0.9304851854952395	191	other	0.016589941804916183
ENSDARG00000009018	0.6315169379804768	267	other	0.023191175193259795
ENSDARG00000009020	-0.1241495981786495	787	other	0.06835750890297924
ENSDARG00000009021	-0.051753107654411254	1315	high zero count	0.11421870928515591
ENSDARG00000009023	0.6213095365651513	16	other	0.0013897333449144446
ENSDARG00000009026	-0.1631922473394985	1689	high zero count	0.14670372622253106
ENSDARG00000009031	0.11662306193856568	11	other	9.554416746286806e-4
ENSDARG00000009040	0.21302725893537625	433	other	0.03760965864674715
ENSDARG00000009046	-0.05431768727783727	2784	high zero count	0.24181360201511334
ENSDARG00000009106	2.4692352168902625	3	other	2.6057500217145836e-4
ENSDARG00000009113	0.04235251337634066	1135	high zero count	0.09858420915486842
ENSDARG00000009133	0.396182921845731	1239	high zero count	0.1076174758968123
ENSDARG00000009134	0.17033860923122576	2596	high zero count	0.22548423521236863
ENSDARG00000009136	0.3279979772435046	29	other	0.0025188916876574307
ENSDARG00000009142	0.6067967425782799	24	other	0.002084600017371667
ENSDARG00000009153	0.06717320826188199	3094	high zero count	0.26873968557283073
ENSDARG00000009169	0.8764468593689273	263	other	0.022843741857031183
ENSDARG00000009170	0.8231016251156554	13	other	0.0011291583427429862
ENSDARG00000009178	0.3152621350059378	1127	high zero count	0.09788934248241118
ENSDARG00000009194	0.42198316078326464	636	other	0.05524190046034917
ENSDARG00000009196	0.5941765389852217	1374	high zero count	0.11934335099452792
ENSDARG00000009208	0.503760355302253	2218	high zero count	0.19265178493876486
ENSDARG00000009209	0.20237695718382986	22	other	0.0019108833492573613
ENSDARG00000009214	0.8310332028465737	13	other	0.0011291583427429862
ENSDARG00000009218	0.07459204495058801	1785	high zero count	0.15504212629201772
ENSDARG00000009250	1.5519199466875508	42	other	0.003648050030400417
ENSDARG00000009252	0.03432910621551942	3586	high zero count	0.31147398592894987
ENSDARG00000009253	1.2972976625991988	44	other	0.0038217666985147225
ENSDARG00000009262	0.6111528890147164	2034	high zero count	0.17666985147224876
ENSDARG00000009266	0.12480236199844841	2635	high zero count	0.22887171024059758
ENSDARG00000009267	0.0016296930879980565	1707	high zero count	0.1482671762355598
ENSDARG00000009273	0.7407100994211769	44	other	0.0038217666985147225
ENSDARG00000009280	1.0888854293397863	119	other	0.01033614175280118
ENSDARG00000009285	3.4441692299969273	1	other	8.685833405715279e-5
ENSDARG00000009311	0.6006858229167408	1976	high zero count	0.1716320680969339
ENSDARG00000009313	0.24192734611801556	981	other	0.08520802571006689
ENSDARG00000009315	0.8599507337083899	25	other	0.0021714583514288194
ENSDARG00000009336	1.01009226996566	27	other	0.002345175019543125
ENSDARG00000009341	0.20251903107345706	568	other	0.049335533744462784
ENSDARG00000009342	0.7097842852204361	12	other	0.0010423000086858334
ENSDARG00000009346	0.4841338523624488	12	other	0.0010423000086858334
ENSDARG00000009350	0.8611707568274719	174	other	0.015113350125944584
ENSDARG00000009386	-0.07866714542780182	1098	high zero count	0.09537045079475376
ENSDARG00000009387	0.2692478073164125	119	other	0.01033614175280118
ENSDARG00000009390	0.5464930418036765	1225	high zero count	0.10640145922001217
ENSDARG00000009401	0.374547495664896	384	other	0.03335360027794667
ENSDARG00000009418	0.44691133998624327	195	other	0.01693737514114479
ENSDARG00000009430	0.15001724189383592	481	other	0.04177885868149049
ENSDARG00000009436	0.525672742218451	107	other	0.009293841744115348
ENSDARG00000009438	0.10536160217898907	71	other	0.006166941718057848
ENSDARG00000009447	2.507659442534552	3	other	2.6057500217145836e-4
ENSDARG00000009459	0.09695403464417736	958	other	0.08321028402675237
ENSDARG00000009470	-0.047092791032379566	776	other	0.06740206722835056
ENSDARG00000009472	0.19336435904099392	105	other	0.009120125076001042
ENSDARG00000009473	0.33938239169808243	301	other	0.02614435855120299
ENSDARG00000009477	-0.189808866480142	1338	high zero count	0.11621645096847043
ENSDARG00000009480	0.4584353221531403	27	other	0.002345175019543125
ENSDARG00000009484	0.7502748781652441	4	other	3.4743333622861116e-4
ENSDARG00000009488	0.38361898329177796	613	other	0.05324415877703466
ENSDARG00000009494	0.4399094290771397	46	other	0.003995483366629028
ENSDARG00000009499	0.6679304856660253	492	other	0.04273430035611917
ENSDARG00000009505	1.331476495466918	5	other	4.342916702857639e-4
ENSDARG00000009524	0.050646101353396575	1128	high zero count	0.09797620081646834
ENSDARG00000009525	0.9436956247939052	109	other	0.009467558412229654
ENSDARG00000009534	1.6182935314016074	14	other	0.001216016676800139
ENSDARG00000009544	0.8800485410189602	237	other	0.02058542517154521
ENSDARG00000009549	0.8460487946701164	363	other	0.03152957526274646
ENSDARG00000009550	-0.14803493097853146	1984	high zero count	0.17232693476939112
ENSDARG00000009553	1.26056049943564	1162	high zero count	0.10092938417441154
ENSDARG00000009557	0.20339824808622733	509	other	0.044210892035090765
ENSDARG00000009567	0.324767133190438	179	other	0.015547641796230348
ENSDARG00000009585	0.79629188100449	71	other	0.006166941718057848
ENSDARG00000009594	0.8050388758679186	455	other	0.039520541996004514
ENSDARG00000009607	0.8971420919224594	466	other	0.040475983670633195
ENSDARG00000009610	0.14235506616120305	857	other	0.07443759228697994
ENSDARG00000009624	0.5217348079577029	489	other	0.04247372535394771
ENSDARG00000009629	0.43095842243272753	106	other	0.009206983410058196
ENSDARG00000009637	0.5121325800680191	1178	high zero count	0.10231911751932599
ENSDARG00000009640	2.0777747162137667	23	other	0.001997741683314514
ENSDARG00000009653	0.18270623940019695	77	other	0.006688091722400764
ENSDARG00000009657	0.5628350662803986	97	other	0.00842525840354382
ENSDARG00000009677	0.12220537683734398	270	other	0.02345175019543125
ENSDARG00000009681	0.7023910278476325	1114	high zero count	0.0967601841396682
ENSDARG00000009685	0.8003924203478247	551	other	0.047858942065491183
ENSDARG00000009689	-0.15405166766758224	239	other	0.020759141839659514
ENSDARG00000009693	0.550048943539032	64	other	0.005558933379657779
ENSDARG00000009724	1.6787044553531854	246	other	0.021367150178059586
ENSDARG00000009733	-0.20718572294146775	471	other	0.04091027534091896
ENSDARG00000009735	0.8584167184708159	10	other	8.685833405715278e-4
ENSDARG00000009740	0.7259919112474907	44	other	0.0038217666985147225
ENSDARG00000009743	-0.04975964642924439	3344	high zero count	0.2904542690871189
ENSDARG00000009745	0.4359424222708881	41	other	0.0035611916963432643
ENSDARG00000009748	0.13168901966304544	1910	high zero count	0.1658994180491618
ENSDARG00000009753	1.3599469213246917	5	other	4.342916702857639e-4
ENSDARG00000009754	1.0866332573524293	7	other	6.080083384000695e-4
ENSDARG00000009764	-0.20197519332939873	179	other	0.015547641796230348
ENSDARG00000009771	1.0062340895710582	41	other	0.0035611916963432643
ENSDARG00000009779	1.4623603427805327	7	other	6.080083384000695e-4
ENSDARG00000009782	0.11567174506130405	1905	high zero count	0.16546512637887606
ENSDARG00000009783	0.20013191635250932	265	other	0.023017458525145487
ENSDARG00000009806	0.741938331883515	360	other	0.031269000260575004
ENSDARG00000009823	0.43306337124445793	580	other	0.05037783375314862
ENSDARG00000009825	0.021658625370060507	1375	high zero count	0.11943020932858507
ENSDARG00000009830	2.848895755078201	1	other	8.685833405715279e-5
ENSDARG00000009837	0.28841955731355917	180	other	0.015634500130287502
ENSDARG00000009844	-0.02873534328457111	1567	high zero count	0.1361070094675584
ENSDARG00000009851	0.1923723675940236	1989	high zero count	0.1727612264396769
ENSDARG00000009862	0.23625599374652495	48	other	0.004169200034743334
ENSDARG00000009864	0.41440666624065836	265	other	0.023017458525145487
ENSDARG00000009870	0.18737752482218561	546	other	0.04742465039520542
ENSDARG00000009871	1.1907851972832477	53	other	0.004603491705029098
ENSDARG00000009881	1.746225632049786	93	other	0.00807782506731521
ENSDARG00000009899	-0.21270550936290905	904	other	0.07851993398766612
ENSDARG00000009901	1.2617101400420792	690	other	0.05993225049943542
ENSDARG00000009922	0.12425757983901284	651	other	0.05654477547120646
ENSDARG00000009939	0.20766302382538504	279	other	0.024233475201945628
ENSDARG00000009942	0.4094920084668208	149	other	0.012941891774515765
ENSDARG00000009949	0.6432713755224756	236	other	0.020498566837488057
ENSDARG00000009950	2.007679746916202	10	other	8.685833405715278e-4
ENSDARG00000009953	0.702951364524231	42	other	0.003648050030400417
ENSDARG00000009958	0.0836514427809534	185	other	0.016068791800573266
ENSDARG00000009961	0.7121362493639615	1144	high zero count	0.09936593416138279
ENSDARG00000009978	1.7780172873167825	208	other	0.01806653348388778
ENSDARG00000009982	1.1767452047957914	112	other	0.009728133414401112
ENSDARG00000010008	0.8376957508367369	222	other	0.019282550160687917
ENSDARG00000010010	0.06127886681738179	1844	high zero count	0.16016676800138974
ENSDARG00000010018	0.5610650370343815	106	other	0.009206983410058196
ENSDARG00000010021	0.5779749122218982	281	other	0.024407191870059932
ENSDARG00000010029	0.05009315712814874	2851	high zero count	0.24763311039694258
ENSDARG00000010031	-0.0677512396724749	1783	high zero count	0.1548684096239034
ENSDARG00000010032	1.2777786767926729	1883	high zero count	0.16355424302961868
ENSDARG00000010035	-0.20433446835490254	1602	high zero count	0.13914705115955875
ENSDARG00000010042	0.15852952254309335	1147	high zero count	0.09962650916355424
ENSDARG00000010047	0.2702895897708877	502	other	0.0436028836966907
ENSDARG00000010051	0.8751910254480406	44	other	0.0038217666985147225
ENSDARG00000010052	1.1550516946408038	12	other	0.0010423000086858334
ENSDARG00000010059	0.10893996894848225	417	other	0.03621992530183271
ENSDARG00000010070	0.34356310412649216	722	other	0.06271171718926431
ENSDARG00000010078	0.5435669326691619	202	other	0.017545383479544863
ENSDARG00000010083	0.17210557050799552	152	other	0.013202466776687223
ENSDARG00000010085	0.5304593258910453	1619	high zero count	0.14062364283853035
ENSDARG00000010098	0.2853612725579426	810	other	0.07035525058629376
ENSDARG00000010113	1.9539766092987032	14	other	0.001216016676800139
ENSDARG00000010132	0.31759887798631276	919	other	0.07982280899852341
ENSDARG00000010137	0.6979381016991271	36	other	0.0031269000260575
ENSDARG00000010144	0.4140704813401372	271	other	0.023538608529488404
ENSDARG00000010145	0.47153741887910183	564	other	0.04898810040823417
ENSDARG00000010149	2.9818868242305148	1	other	8.685833405715279e-5
ENSDARG00000010155	0.7134403114811021	205	other	0.01780595848171632
ENSDARG00000010160	3.1841299684803914	1	other	8.685833405715279e-5
ENSDARG00000010181	-0.18409290376849302	1100	high zero count	0.09554416746286806
ENSDARG00000010186	-0.025136308606802563	371	other	0.032224441935203685
ENSDARG00000010192	-0.12447990714848221	283	other	0.024580908538174236
ENSDARG00000010194	1.7324114690909853	6	other	5.211500043429167e-4
ENSDARG00000010207	0.198619628403692	3785	high zero count	0.3287587944063233
ENSDARG00000010231	0.4694430248902609	1823	high zero count	0.15834274298618953
ENSDARG00000010238	1.2614114450087408	40	other	0.0034743333622861113
ENSDARG00000010244	2.8237082343654722	9	other	7.81725006514375e-4
ENSDARG00000010246	2.4516848945585705	1	other	8.685833405715279e-5
ENSDARG00000010248	0.12066617410656123	1917	high zero count	0.16650742638756189
ENSDARG00000010250	1.0396064114183736	157	other	0.013636758446972987
ENSDARG00000010255	0.14336083755954132	270	other	0.02345175019543125
ENSDARG00000010266	0.6374355179450859	6	other	5.211500043429167e-4
ENSDARG00000010267	0.37947971522274937	310	other	0.026926083557717362
ENSDARG00000010276	0.367048410592832	1448	high zero count	0.12577086771475723
ENSDARG00000010279	1.2090123519805305	151	other	0.01311560844263007
ENSDARG00000010280	0.6865433642635833	61	other	0.0052983583774863195
ENSDARG00000010281	0.47595325799191346	25	other	0.0021714583514288194
ENSDARG00000010300	-0.22533895535161966	315	other	0.027360375228003126
ENSDARG00000010301	1.246709453893897	5	other	4.342916702857639e-4
ENSDARG00000010312	0.4938460568550629	1430	high zero count	0.12420741770172848
ENSDARG00000010316	0.7492233076430727	55	other	0.004777208373143403
ENSDARG00000010318	0.11099638865515869	1031	other	0.08955094241292452
ENSDARG00000010332	0.06639668111524828	1462	high zero count	0.12698688439155736
ENSDARG00000010381	1.4469790456970868	38	other	0.0033006166941718057
ENSDARG00000010400	0.8187295334708867	97	other	0.00842525840354382
ENSDARG00000010408	0.06226716868578208	791	other	0.06870494223920785
ENSDARG00000010411	0.9000445993913675	17	other	0.0014765916789715972
ENSDARG00000010420	0.3616940957542798	3832	high zero count	0.3328411361070095
ENSDARG00000010423	0.2782547441315242	2722	high zero count	0.23642838530356988
ENSDARG00000010425	-0.19750072584525197	889	other	0.07721705897680882
ENSDARG00000010432	0.4681590959624805	72	other	0.006253800052115
ENSDARG00000010434	1.206564858501199	1116	high zero count	0.09693390080778251
ENSDARG00000010437	0.40721423549082914	138	other	0.011986450099887084
ENSDARG00000010442	0.4710833682137699	649	other	0.05637105880309216
ENSDARG00000010445	0.32948450249500366	924	other	0.08025710066880917
ENSDARG00000010454	0.04611833818581403	3261	high zero count	0.2832450273603752
ENSDARG00000010472	0.042161899050519376	264	other	0.022930600191088335
ENSDARG00000010477	-0.08040765696792676	2873	high zero count	0.24954399374619995
ENSDARG00000010478	0.21770711740471568	210	other	0.018240250152002084
ENSDARG00000010482	-0.0116704802299868	1858	high zero count	0.16138278467818987
ENSDARG00000010487	1.1120563759824111	596	other	0.05176756709806306
ENSDARG00000010519	0.482071123284933	30	other	0.0026057500217145837
ENSDARG00000010524	-6.452420609484308e-5	3364	high zero count	0.29219143576826195
ENSDARG00000010531	0.5988142280250879	109	other	0.009467558412229654
ENSDARG00000010553	1.2678412522444789	85	other	0.007382958394857987
ENSDARG00000010555	0.5390782694027554	1705	high zero count	0.1480934595674455
ENSDARG00000010563	0.5917182340939755	359	other	0.03118214192651785
ENSDARG00000010571	0.6942585357943992	24	other	0.002084600017371667
ENSDARG00000010572	0.8148577494957787	189	other	0.016416225136801875
ENSDARG00000010583	-0.10434603110007688	72	other	0.006253800052115
ENSDARG00000010591	-0.013793032135209117	1082	high zero count	0.09398071744983931
ENSDARG00000010596	1.0867210909374228	37	other	0.003213758360114653
ENSDARG00000010601	0.0766364124860991	247	other	0.021454008512116738
ENSDARG00000010610	0.10136780371156208	1539	high zero count	0.13367497611395812
ENSDARG00000010630	0.15646641268064687	1045	other	0.09076695908972465
ENSDARG00000010641	1.6661465235945385	5	other	4.342916702857639e-4
ENSDARG00000010655	0.2549838461905233	242	other	0.021019716841830974
ENSDARG00000010658	0.4557292202022336	63	other	0.0054720750456006256
ENSDARG00000010673	0.14548162819855093	945	other	0.08208112568400938
ENSDARG00000010680	0.45901593041557903	2716	high zero count	0.23590723529922697
ENSDARG00000010681	-0.0986090489644579	94	other	0.008164683401372361
ENSDARG00000010710	0.5731510250529989	220	other	0.019108833492573613
ENSDARG00000010717	0.9792043953545412	70	other	0.006080083384000695
ENSDARG00000010721	1.102558612601275	2	other	1.7371666811430558e-4
ENSDARG00000010727	0.17736395829770563	2704	high zero count	0.23486493529054112
ENSDARG00000010729	0.15826014985275758	257	other	0.022322591852688266
ENSDARG00000010732	0.15263472693460062	209	other	0.018153391817944932
ENSDARG00000010738	0.05582684858446253	1269	high zero count	0.11022322591852689
ENSDARG00000010745	1.4143244157839026	106	other	0.009206983410058196
ENSDARG00000010752	0.6452228621649055	35	other	0.0030400416920003475
ENSDARG00000010756	-0.20104394667858755	865	other	0.07513245895943715
ENSDARG00000010764	0.14456884956246457	277	other	0.02405975853383132
ENSDARG00000010767	-0.10754626091203232	205	other	0.01780595848171632
ENSDARG00000010770	0.8842605453316923	319	other	0.027707808564231738
ENSDARG00000010773	-0.0870322749829657	198	other	0.01719795014331625
ENSDARG00000010779	1.048707191923365	6	other	5.211500043429167e-4
ENSDARG00000010784	0.8928647188431295	5	other	4.342916702857639e-4
ENSDARG00000010785	0.6025581866994921	189	other	0.016416225136801875
ENSDARG00000010789	0.5191377683942324	71	other	0.006166941718057848
ENSDARG00000010791	0.36906675776767717	246	other	0.021367150178059586
ENSDARG00000010792	0.6092553230313709	12	other	0.0010423000086858334
ENSDARG00000010794	0.8891251240324927	213	other	0.018500825154173544
ENSDARG00000010816	-0.12807848014560327	860	other	0.0746981672891514
ENSDARG00000010823	0.6433388030807499	75	other	0.006514375054286459
ENSDARG00000010831	0.902091220055886	560	other	0.04864066707200556
ENSDARG00000010841	0.36906901075801035	1053	high zero count	0.09146182576218188
ENSDARG00000010844	0.19618234933178852	94	other	0.008164683401372361
ENSDARG00000010862	-0.13945949254716367	1970	high zero count	0.171110918092591
ENSDARG00000010873	0.7657020738247449	49	other	0.004256058368800487
ENSDARG00000010878	0.6687584862148213	225	other	0.019543125162859377
ENSDARG00000010905	0.07061655180630928	462	other	0.040128550334404586
ENSDARG00000010918	-0.10275115364455942	298	other	0.02588378354903153
ENSDARG00000010945	-0.15723422554829783	301	other	0.02614435855120299
ENSDARG00000010946	1.1034185563042769	30	other	0.0026057500217145837
ENSDARG00000010948	0.8054073050651431	468	other	0.040649700338747506
ENSDARG00000010953	1.1389297517443417	2013	high zero count	0.17484582645704855
ENSDARG00000010956	0.4418174556901455	115	other	0.00998870841657257
ENSDARG00000010957	0.34355320084875834	2134	high zero count	0.18535568487796403
ENSDARG00000010962	1.2935234174662515	510	other	0.04429775036914792
ENSDARG00000010965	1.829854383062746	14	other	0.001216016676800139
ENSDARG00000010977	0.29923688954855526	644	other	0.055936767132806396
ENSDARG00000010978	0.22320598729758862	800	other	0.06948666724572222
ENSDARG00000010981	0.07573654398007432	1335	high zero count	0.11595587596629897
ENSDARG00000011000	0.897277359792882	4	other	3.4743333622861116e-4
ENSDARG00000011020	0.6607667326140677	29	other	0.0025188916876574307
ENSDARG00000011026	0.2923609083152945	2537	high zero count	0.2203595935029966
ENSDARG00000011027	0.42343931025381487	26	other	0.0022583166854859725
ENSDARG00000011049	0.15781660428701763	549	other	0.04768522539737688
ENSDARG00000011055	1.212869657190296	375	other	0.03257187527143229
ENSDARG00000011065	1.2265831953451987	311	other	0.027012941891774517
ENSDARG00000011066	-0.0557429005433393	2432	high zero count	0.21123946842699556
ENSDARG00000011072	0.13964944670201215	450	other	0.039086250325718754
ENSDARG00000011076	-0.05523578746335087	1628	high zero count	0.14140536784504473
ENSDARG00000011079	0.43128273867616623	30	other	0.0026057500217145837
ENSDARG00000011088	0.5714579935333232	365	other	0.031703291930860765
ENSDARG00000011094	0.7254645411961641	8	other	6.948666724572223e-4
ENSDARG00000011122	0.7560435137332885	225	other	0.019543125162859377
ENSDARG00000011125	1.3477441125603293	13	other	0.0011291583427429862
ENSDARG00000011141	0.8244241472353782	197	other	0.0171110918092591
ENSDARG00000011146	1.6883881621399215	242	other	0.021019716841830974
ENSDARG00000011152	0.42027250612019623	257	other	0.022322591852688266
ENSDARG00000011157	0.33879199815838945	62	other	0.0053852167115434725
ENSDARG00000011163	0.3022727100966708	237	other	0.02058542517154521
ENSDARG00000011166	0.9510398623273394	529	other	0.04594805871623382
ENSDARG00000011170	1.7089097661410753	81	other	0.007035525058629376
ENSDARG00000011171	0.11148314059223768	485	other	0.0421262920177191
ENSDARG00000011175	1.6229661354282099	121	other	0.010509858420915487
ENSDARG00000011188	0.9506053351629568	19	other	0.0016503083470859028
ENSDARG00000011196	0.5252167099596885	68	other	0.005906366715886389
ENSDARG00000011201	3.1366806139862486	3	other	2.6057500217145836e-4
ENSDARG00000011219	0.3952318925162601	15	other	0.0013028750108572918
ENSDARG00000011233	-0.08297271650949395	1390	high zero count	0.12073308433944237
ENSDARG00000011235	0.6948626593576595	631	other	0.054807608790063404
ENSDARG00000011239	0.4401618131321714	1887	high zero count	0.1639016763658473
ENSDARG00000011240	0.4098790398144893	419	other	0.036393641969947016
ENSDARG00000011245	0.58267921620749	504	other	0.043776600364805004
ENSDARG00000011246	0.6668532014676422	87	other	0.007556675062972292
ENSDARG00000011247	0.33496741281989834	20	other	0.0017371666811430556
ENSDARG00000011259	-0.03510741416777293	1325	high zero count	0.11508729262572744
ENSDARG00000011262	0.058820602814196904	781	other	0.06783635889863632
ENSDARG00000011272	1.0082364404213102	196	other	0.017024233475201947
ENSDARG00000011273	-0.1138731808339238	563	other	0.048901242074177016
ENSDARG00000011298	-0.1862034811618864	1219	high zero count	0.10588030921566924
ENSDARG00000011299	0.8456354422300866	90	other	0.007817250065143751
ENSDARG00000011301	0.6495360061984409	215	other	0.01867454182228785
ENSDARG00000011312	0.6709218717737367	11	other	9.554416746286806e-4
ENSDARG00000011333	-0.08947027161445159	297	other	0.025796925214974377
ENSDARG00000011360	0.3229383317361785	612	other	0.053157300442977506
ENSDARG00000011370	0.04772545398380723	371	other	0.032224441935203685
ENSDARG00000011371	0.3067542548527658	2309	high zero count	0.20055589333796578
ENSDARG00000011373	0.3374333623353563	75	other	0.006514375054286459
ENSDARG00000011376	0.1742725445293275	612	other	0.053157300442977506
ENSDARG00000011400	0.11768908980386975	2396	high zero count	0.20811256840093806
ENSDARG00000011404	0.9370582127601192	12	other	0.0010423000086858334
ENSDARG00000011405	3.180268952303184	2	other	1.7371666811430558e-4
ENSDARG00000011407	0.7006928315232597	148	other	0.012855033440458612
ENSDARG00000011418	0.7436900621029272	290	other	0.02518891687657431
ENSDARG00000011422	0.07706838254696899	289	other	0.025102058542517156
ENSDARG00000011434	0.5121063765271128	1383	high zero count	0.1201250760010423
ENSDARG00000011445	-0.011537645418915386	3358	high zero count	0.29167028576391907
ENSDARG00000011449	-0.05369543994438331	820	other	0.07122383392686528
ENSDARG00000011459	0.6959399565486861	119	other	0.01033614175280118
ENSDARG00000011462	1.027782512482989	134	other	0.011639016763658474
ENSDARG00000011466	0.37840355745745297	1293	high zero count	0.11230782593589855
ENSDARG00000011473	-0.034813461276335084	1088	high zero count	0.09450186745418222
ENSDARG00000011488	0.8035914172141074	295	other	0.025623208546860073
ENSDARG00000011493	0.1587329552867078	1065	high zero count	0.09250412577086771
ENSDARG00000011498	0.6630608960192482	2641	high zero count	0.2293928602449405
ENSDARG00000011506	0.11486338757222327	1743	high zero count	0.1513940762616173
ENSDARG00000011510	1.3858531764814819	9	other	7.81725006514375e-4
ENSDARG00000011515	0.15937872575720333	1517	high zero count	0.13176409276470077
ENSDARG00000011519	0.34133368036877143	1056	high zero count	0.09172240076435334
ENSDARG00000011521	0.16536195090506423	753	other	0.06540432554503604
ENSDARG00000011533	0.420851613481056	386	other	0.033527316946060974
ENSDARG00000011537	-7.988013177147808e-4	2031	high zero count	0.17640927647007731
ENSDARG00000011545	1.0818584138041565	111	other	0.009641275080343958
ENSDARG00000011553	1.4514212942330462	3	other	2.6057500217145836e-4
ENSDARG00000011564	1.9653556026595036	3	other	2.6057500217145836e-4
ENSDARG00000011570	0.07717038718924878	302	other	0.02623121688526014
ENSDARG00000011573	-0.3509504791624942	1823	high zero count	0.15834274298618953
ENSDARG00000011579	0.1138453518490235	1924	high zero count	0.16711543472596196
ENSDARG00000011581	0.27694458445002457	426	other	0.03700165030834709
ENSDARG00000011582	0.7962261984355343	298	other	0.02588378354903153
ENSDARG00000011583	0.28300428899765406	2948	high zero count	0.2560583688004864
ENSDARG00000011594	0.6797896892703355	119	other	0.01033614175280118
ENSDARG00000011597	1.225813924094026	14	other	0.001216016676800139
ENSDARG00000011600	0.2342813043685521	1576	high zero count	0.1368887344740728
ENSDARG00000011602	0.008976117482314189	208	other	0.01806653348388778
ENSDARG00000011605	0.4783496214091964	619	other	0.05376530878137757
ENSDARG00000011609	1.4929907902540174	13	other	0.0011291583427429862
ENSDARG00000011611	1.974693483910561	7	other	6.080083384000695e-4
ENSDARG00000011613	1.4362868519478436	3	other	2.6057500217145836e-4
ENSDARG00000011615	0.41363511980464857	1660	high zero count	0.14418483453487363
ENSDARG00000011618	0.34300766310028025	309	other	0.02683922522366021
ENSDARG00000011640	0.8690469364814786	1953	high zero count	0.1696343264136194
ENSDARG00000011648	1.646352134605762	39	other	0.0033874750282289587
ENSDARG00000011661	0.5550005171749479	78	other	0.006774950056457917
ENSDARG00000011662	0.8721190315026842	376	other	0.032658733605489446
ENSDARG00000011665	2.7544622724019927	7	other	6.080083384000695e-4
ENSDARG00000011673	0.11732376398353288	1320	high zero count	0.11465300095544168
ENSDARG00000011683	0.34909106967021747	182	other	0.015808216798401806
ENSDARG00000011696	-0.047234343553078303	3593	high zero count	0.31208199426734995
ENSDARG00000011701	0.2999607574667403	2856	high zero count	0.24806740206722835
ENSDARG00000011703	0.03548428163813552	1765	high zero count	0.15330495961087467
ENSDARG00000011723	0.14729145010065364	2160	high zero count	0.18761400156345
ENSDARG00000011724	0.16526904269118886	1534	high zero count	0.13324068444367237
ENSDARG00000011727	0.3877557496225424	325	other	0.028228958568574655
ENSDARG00000011740	1.5027013341217383	3	other	2.6057500217145836e-4
ENSDARG00000011743	0.3513479635455139	989	other	0.0859028923825241
ENSDARG00000011764	0.354326941272342	59	other	0.005124641709372014
ENSDARG00000011769	0.04664721143870228	760	other	0.06601233388343612
ENSDARG00000011770	0.30208424930645117	1352	high zero count	0.11743246764527056
ENSDARG00000011777	0.8380098722119145	23	other	0.001997741683314514
ENSDARG00000011783	0.7094966183383187	212	other	0.018413966820116392
ENSDARG00000011785	0.1335013239799122	3096	high zero count	0.268913402240945
ENSDARG00000011797	1.200941627739885	1031	other	0.08955094241292452
ENSDARG00000011801	0.007575355663302788	3170	high zero count	0.27534091896117435
ENSDARG00000011809	-0.09196240760328146	974	other	0.08460001737166681
ENSDARG00000011819	0.22861366175162456	139	other	0.012073308433944238
ENSDARG00000011821	-0.11153855180242564	635	other	0.05515504212629202
ENSDARG00000011824	0.31880033814702957	103	other	0.008946408407886736
ENSDARG00000011825	0.5972647099641034	311	other	0.027012941891774517
ENSDARG00000011841	2.1494071171058695	17	other	0.0014765916789715972
ENSDARG00000011851	-0.03422919412173173	746	other	0.06479631720663598
ENSDARG00000011855	-0.1894066888415835	1615	high zero count	0.14027620950230174
ENSDARG00000011863	0.06702962981096268	136	other	0.011812733431772778
ENSDARG00000011870	-0.2072104805756595	888	other	0.07713020064275167
ENSDARG00000011876	0.10951273729765827	247	other	0.021454008512116738
ENSDARG00000011879	-0.18110765236490645	1827	high zero count	0.15869017632241814
ENSDARG00000011885	0.65585076588951	228	other	0.019803700165030833
ENSDARG00000011886	0.00661546241760229	2968	high zero count	0.2577955354816295
ENSDARG00000011890	0.13618248400901403	1101	high zero count	0.09563102579692521
ENSDARG00000011897	0.5754019909173428	122	other	0.010596716754972639
ENSDARG00000011921	1.016803638841616	15	other	0.0013028750108572918
ENSDARG00000011925	0.8490212786561113	202	other	0.017545383479544863
ENSDARG00000011932	0.7115507776165465	31	other	0.0026926083557717363
ENSDARG00000011934	0.8987874608466622	39	other	0.0033874750282289587
ENSDARG00000011941	0.35050619624298246	299	other	0.02597064188308868
ENSDARG00000011945	0.42534327847763936	22	other	0.0019108833492573613
ENSDARG00000011948	0.26432803705752833	15	other	0.0013028750108572918
ENSDARG00000011956	0.07116235894807418	1569	high zero count	0.13628072613567271
ENSDARG00000011958	0.574828885697685	252	other	0.021888300182402502
ENSDARG00000011961	0.13602060304594243	174	other	0.015113350125944584
ENSDARG00000011973	0.3984770952766901	820	other	0.07122383392686528
ENSDARG00000011989	0.47221175111258656	2262	high zero count	0.1964735516372796
ENSDARG00000011998	0.2418252703855247	1971	high zero count	0.17119777642664813
ENSDARG00000011999	0.5668423670377261	3543	high zero count	0.3077390775644923
ENSDARG00000012002	0.1524872041611687	156	other	0.013549900112915835
ENSDARG00000012005	0.20532446755540587	618	other	0.05367845044732042
ENSDARG00000012013	0.20657373318560318	234	other	0.020324850169373753
ENSDARG00000012016	0.40891124453661887	536	other	0.046556067054633894
ENSDARG00000012019	0.05580428302778917	325	other	0.028228958568574655
ENSDARG00000012021	0.3818833923104448	925	other	0.08034395900286632
ENSDARG00000012025	0.8271390788825114	352	other	0.03057413358811778
ENSDARG00000012030	-0.03834067531199228	1775	high zero count	0.1541735429514462
ENSDARG00000012035	0.39163831036494157	219	other	0.01902197515851646
ENSDARG00000012039	0.3590645899052678	212	other	0.018413966820116392
ENSDARG00000012040	0.3915288660373454	4	other	3.4743333622861116e-4
ENSDARG00000012044	0.6009128523568784	945	other	0.08208112568400938
ENSDARG00000012051	-0.05073406713044956	1656	high zero count	0.14383740119864502
ENSDARG00000012066	1.0625367860947046	686	other	0.05958481716320681
ENSDARG00000012071	0.33456655889447307	1121	high zero count	0.09736819247806827
ENSDARG00000012072	0.49437493628494805	1925	high zero count	0.1672022930600191
ENSDARG00000012073	0.16993256202309823	113	other	0.009814991748458264
ENSDARG00000012076	1.4371571457046919	137	other	0.011899591765829932
ENSDARG00000012078	1.3657185953750648	89	other	0.007730391731086598
ENSDARG00000012113	0.20110451132950544	2304	high zero count	0.20012160166768
ENSDARG00000012125	-0.2268529417235732	1382	high zero count	0.12003821766698515
ENSDARG00000012135	0.19170030036873206	2501	high zero count	0.2172326934769391
ENSDARG00000012138	0.3585382811348771	784	other	0.06809693390080779
ENSDARG00000012140	1.0203360404140422	21	other	0.0018240250152002084
ENSDARG00000012141	1.1961999392268186	9	other	7.81725006514375e-4
ENSDARG00000012144	1.4660908455947559	79	other	0.0068618083905150696
ENSDARG00000012177	0.05204538808520684	695	other	0.060366542169721184
ENSDARG00000012192	0.3281893341450883	199	other	0.017284808477373403
ENSDARG00000012194	0.890815131786327	640	other	0.05558933379657778
ENSDARG00000012196	-0.12452055570482926	782	other	0.06792321723269348
ENSDARG00000012199	0.26802041866505016	256	other	0.022235733518631114
ENSDARG00000012215	0.5688120267142583	758	other	0.0658386172153218
ENSDARG00000012219	0.0996911427280579	439	other	0.03813080865109007
ENSDARG00000012222	0.5160445471147392	48	other	0.004169200034743334
ENSDARG00000012234	1.4845841191635412	68	other	0.005906366715886389
ENSDARG00000012244	1.5485997456706182	2	other	1.7371666811430558e-4
ENSDARG00000012248	0.9854670189587427	213	other	0.018500825154173544
ENSDARG00000012261	0.4093066360562093	42	other	0.003648050030400417
ENSDARG00000012271	0.11261176529563298	2142	high zero count	0.18605055155042127
ENSDARG00000012274	1.080093040258394	21	other	0.0018240250152002084
ENSDARG00000012281	0.20399341753866318	476	other	0.04134456701120472
ENSDARG00000012295	0.10536821734269576	607	other	0.05272300877269174
ENSDARG00000012306	0.05128905621976075	277	other	0.02405975853383132
ENSDARG00000012311	0.312426566486673	555	other	0.04820637540171979
ENSDARG00000012314	0.4013686270421378	5	other	4.342916702857639e-4
ENSDARG00000012325	0.3340595233518866	790	other	0.0686180839051507
ENSDARG00000012340	0.40619050554448155	599	other	0.052028142100234515
ENSDARG00000012341	0.6658158563209674	233	other	0.020237991835316597
ENSDARG00000012347	0.4388356359674967	1618	high zero count	0.1405367845044732
ENSDARG00000012355	0.70312911774900555	476	other	0.04134456701120472
ENSDARG00000012368	0.15890370562296013	1136	high zero count	0.09867106748892557
ENSDARG00000012369	0.46420399220009223	1462	high zero count	0.12698688439155736
ENSDARG00000012378	0.7414542001600536	70	other	0.006080083384000695
ENSDARG00000012381	0.47192149303408804	2589	high zero count	0.22487622687396855
ENSDARG00000012387	0.8602043486713126	12	other	0.0010423000086858334
ENSDARG00000012389	0.4901403051326103	196	other	0.017024233475201947
ENSDARG00000012390	-0.2395720514989113	218	other	0.018935116824459308
ENSDARG00000012397	-0.13083843836824607	605	other	0.052549292104577434
ENSDARG00000012399	0.8258079390464889	36	other	0.0031269000260575
ENSDARG00000012403	-0.2736879418290281	427	other	0.03708850864240424
ENSDARG00000012405	1.6309794221048157	61	other	0.0052983583774863195
ENSDARG00000012407	0.45146863140844407	785	other	0.06818379223486494
ENSDARG00000012422	0.2634734420097213	701	other	0.060887692174064104
ENSDARG00000012426	0.511321865605074	397	other	0.034482758620689655
ENSDARG00000012432	1.0560702552552208	46	other	0.003995483366629028
ENSDARG00000012450	1.2497926760644622	40	other	0.0034743333622861113
ENSDARG00000012453	0.4264966165716267	1304	high zero count	0.11326326761052723
ENSDARG00000012458	1.7149421610303024	3	other	2.6057500217145836e-4
ENSDARG00000012460	-0.15218602836333167	893	other	0.07756449231303744
ENSDARG00000012467	0.1223689842281733	822	other	0.07139755059497958
ENSDARG00000012468	0.0914997655668381	321	other	0.027881525232346042
ENSDARG00000012485	0.6538875140138235	565	other	0.04907495874229132
ENSDARG00000012495	0.6428827315261222	54	other	0.00469035003908625
ENSDARG00000012499	0.39267373634113334	391	other	0.03396160861634674
ENSDARG00000012505	1.8177568599154745	2	other	1.7371666811430558e-4
ENSDARG00000012506	0.2113376545459051	1250	high zero count	0.10857291757144098
ENSDARG00000012513	1.8445806837855545	13	other	0.0011291583427429862
ENSDARG00000012519	0.7546293512697292	2	other	1.7371666811430558e-4
ENSDARG00000012539	-0.12482127192758732	3649	high zero count	0.3169460609745505
ENSDARG00000012553	1.559692827002306	33	other	0.002866325023886042
ENSDARG00000012563	-0.07008617627710184	939	other	0.08155997567966647
ENSDARG00000012572	0.2688453187889057	1051	high zero count	0.09128810909406758
ENSDARG00000012574	0.8481278402404401	52	other	0.004516633370971945
ENSDARG00000012577	0.6921461337488222	11	other	9.554416746286806e-4
ENSDARG00000012581	0.2635867777192421	1420	high zero count	0.12333883436115696
ENSDARG00000012586	0.38403279160485215	437	other	0.03795709198297577
ENSDARG00000012588	0.41464008919648093	900	other	0.07817250065143751
ENSDARG00000012591	0.9692993402368641	757	other	0.06575175888126465
ENSDARG00000012593	1.0291821070464606	98	other	0.008512116737600973
ENSDARG00000012603	0.9471796721703105	8	other	6.948666724572223e-4
ENSDARG00000012609	0.08077060364809968	2922	high zero count	0.25380005211500045
ENSDARG00000012610	0.7023835437739077	332	other	0.028836966906974723
ENSDARG00000012625	0.5153107234499589	360	other	0.031269000260575004
ENSDARG00000012627	1.3538741112514856	12	other	0.0010423000086858334
ENSDARG00000012642	0.06976480405431165	132	other	0.011465300095544168
ENSDARG00000012656	1.159743862146338	15	other	0.0013028750108572918
ENSDARG00000012667	0.43638704633299774	772	other	0.06705463389212195
ENSDARG00000012671	0.06855573563755248	473	other	0.04108399200903327
ENSDARG00000012672	0.8869446410288678	9	other	7.81725006514375e-4
ENSDARG00000012674	0.3972495515456302	141	other	0.012247025102058542
ENSDARG00000012682	3.1770171371542753	1	other	8.685833405715279e-5
ENSDARG00000012684	0.8080060228370993	3	other	2.6057500217145836e-4
ENSDARG00000012688	2.4148579314934624	3	other	2.6057500217145836e-4
ENSDARG00000012694	0.4600520165761936	338	other	0.02935811691131764
ENSDARG00000012699	-0.03670711329518067	220	other	0.019108833492573613
ENSDARG00000012723	0.5154137443181053	124	other	0.010770433423086945
ENSDARG00000012729	0.0543175961351254	639	other	0.05550247546252063
ENSDARG00000012741	0.9356212199101199	40	other	0.0034743333622861113
ENSDARG00000012747	0.9604011170080661	7	other	6.080083384000695e-4
ENSDARG00000012763	0.37235160944785006	193	other	0.016763658473030487
ENSDARG00000012776	0.276131868921084	1107	high zero count	0.09615217580126813
ENSDARG00000012777	1.4603094064402415	23	other	0.001997741683314514
ENSDARG00000012788	0.2095265486576869	343	other	0.029792408581603404
ENSDARG00000012789	0.9028896943158966	1554	high zero count	0.13497785112481542
ENSDARG00000012790	0.45608725714253573	65	other	0.005645791713714931
ENSDARG00000012801	0.4318398697769059	1071	high zero count	0.09302527577521064
ENSDARG00000012818	0.610956028997484	78	other	0.006774950056457917
ENSDARG00000012820	1.4288318816838332	2	other	1.7371666811430558e-4
ENSDARG00000012824	0.07070771460779597	2808	high zero count	0.24389820203248502
ENSDARG00000012827	0.41232142338198297	623	other	0.05411274211760619
ENSDARG00000012833	0.0791534446238618	444	other	0.038565100321375834
ENSDARG00000012840	0.4780967399544552	337	other	0.029271258577260487
ENSDARG00000012848	0.9273774117012505	5	other	4.342916702857639e-4
ENSDARG00000012860	-0.040781339130724945	1161	high zero count	0.10084252584035439
ENSDARG00000012866	1.0998627770328673	11	other	9.554416746286806e-4
ENSDARG00000012871	0.8051638778431365	16	other	0.0013897333449144446
ENSDARG00000012874	0.6328133569884732	12	other	0.0010423000086858334
ENSDARG00000012881	0.4978781536099548	1620	high zero count	0.14071050117258752
ENSDARG00000012887	0.9754242361516119	1171	high zero count	0.10171110918092591
ENSDARG00000012892	0.8782472016629717	108	other	0.0093807000781725
ENSDARG00000012896	0.24149477378174786	2928	high zero count	0.25432120211934334
ENSDARG00000012899	0.5124993931108959	90	other	0.007817250065143751
ENSDARG00000012914	0.9196987362232486	378	other	0.03283245027360375
ENSDARG00000012915	0.5148031247069376	79	other	0.0068618083905150696
ENSDARG00000012927	0.3172005861738302	257	other	0.022322591852688266
ENSDARG00000012929	0.3616067411137271	216	other	0.018761400156345
ENSDARG00000012932	0.4710548534397791	26	other	0.0022583166854859725
ENSDARG00000012942	0.48813896231917997	952	other	0.08268913402240945
ENSDARG00000012944	1.2748503678281236	1344	high zero count	0.11673760097281334
ENSDARG00000012946	0.7912156367978248	30	other	0.0026057500217145837
ENSDARG00000012949	1.0953960209113547	228	other	0.019803700165030833
ENSDARG00000012953	0.3822453700913292	650	other	0.05645791713714931
ENSDARG00000012968	0.35547389829221726	430	other	0.0373490836445757
ENSDARG00000012972	1.120962340607593	70	other	0.006080083384000695
ENSDARG00000012981	0.3409425862203424	234	other	0.020324850169373753
ENSDARG00000012982	0.3181577802054802	110	other	0.009554416746286806
ENSDARG00000012987	1.9268865576489471	114	other	0.009901850082515417
ENSDARG00000013004	1.1702938464649626	55	other	0.004777208373143403
ENSDARG00000013005	0.3446268276847959	1830	high zero count	0.1589507513245896
ENSDARG00000013009	0.7921756764338022	155	other	0.013463041778858681
ENSDARG00000013014	0.6311632622790552	1630	high zero count	0.14157908451315904
ENSDARG00000013016	0.3417490686239601	30	other	0.0026057500217145837
ENSDARG00000013022	0.20964660242110394	790	other	0.0686180839051507
ENSDARG00000013023	-0.014262571922333723	1056	high zero count	0.09172240076435334
ENSDARG00000013025	0.15118139817950013	255	other	0.02214887518457396
ENSDARG00000013031	1.2413160992240493	5	other	4.342916702857639e-4
ENSDARG00000013044	1.3165158541885456	66	other	0.005732650047772084
ENSDARG00000013056	0.10085005336160083	1971	high zero count	0.17119777642664813
ENSDARG00000013057	0.6835897102115943	528	other	0.04586120038217667
ENSDARG00000013058	0.08890229842044528	1070	high zero count	0.09293841744115348
ENSDARG00000013063	0.740527892273185	434	other	0.037696516980804305
ENSDARG00000013075	0.35619315449705097	70	other	0.006080083384000695
ENSDARG00000013076	0.8709930222967359	459	other	0.03986797533223313
ENSDARG00000013079	0.2142308173480539	1483	high zero count	0.12881090940675757
ENSDARG00000013082	0.21995185273359827	1392	high zero count	0.12090680100755667
ENSDARG00000013087	1.3348477121339324	322	other	0.027968383566403198
ENSDARG00000013095	0.8748912467691183	105	other	0.009120125076001042
ENSDARG00000013110	0.4305349456798481	2837	high zero count	0.24641709372014245
ENSDARG00000013117	0.8922211619739673	529	other	0.04594805871623382
ENSDARG00000013122	1.227777881742641	95	other	0.008251541735429515
ENSDARG00000013125	0.04697002051934827	1647	high zero count	0.14305567619213064
ENSDARG00000013144	1.9591563366525027	91	other	0.007904108399200903
ENSDARG00000013150	0.3609766844853678	60	other	0.005211500043429167
ENSDARG00000013153	0.28750468219188513	270	other	0.02345175019543125
ENSDARG00000013161	0.6293219049679944	2	other	1.7371666811430558e-4
ENSDARG00000013168	0.14449840420829727	175	other	0.015200208460001738
ENSDARG00000013207	0.8118950787214384	251	other	0.02180144184834535
ENSDARG00000013221	-0.005143288510966682	295	other	0.025623208546860073
ENSDARG00000013224	0.38540354127013016	310	other	0.026926083557717362
ENSDARG00000013250	0.5710415814714614	13	other	0.0011291583427429862
ENSDARG00000013251	-0.2118281945448567	1506	high zero count	0.1308086510900721
ENSDARG00000013252	0.6344834702088455	627	other	0.054460175453834796
ENSDARG00000013266	-0.17130785077549038	634	other	0.05506818379223487
ENSDARG00000013274	0.1387387847732364	105	other	0.009120125076001042
ENSDARG00000013279	0.12647249563765986	2211	high zero count	0.1920437766003648
ENSDARG00000013295	0.4316860969387067	469	other	0.04073655867280466
ENSDARG00000013302	0.1391044671606564	847	other	0.0735690089464084
ENSDARG00000013307	3.4761410270435316	2	other	1.7371666811430558e-4
ENSDARG00000013310	-0.15260450903485934	474	other	0.04117085034309042
ENSDARG00000013312	0.20917392216271946	1582	high zero count	0.1374098844784157
ENSDARG00000013317	1.0802759189709765	106	other	0.009206983410058196
ENSDARG00000013329	0.30048085629342325	313	other	0.027186658559888822
ENSDARG00000013333	1.5913298775148623	57	other	0.004950925041257708
ENSDARG00000013335	0.5963914174455595	1199	high zero count	0.10414314253452618
ENSDARG00000013343	0.008457175294570506	171	other	0.014852775123773126
ENSDARG00000013346	0.49588809767522235	24	other	0.002084600017371667
ENSDARG00000013360	1.1618265015354143	128	other	0.011117866759315557
ENSDARG00000013371	0.23568264027603075	2221	high zero count	0.19291235994093633
ENSDARG00000013379	0.743731154351936	3	other	2.6057500217145836e-4
ENSDARG00000013382	0.9225896989993589	646	other	0.0561104838009207
ENSDARG00000013397	0.18307606772077553	369	other	0.03205072526708938
ENSDARG00000013409	-0.0558132027483802	3304	high zero count	0.2869799357248328
ENSDARG00000013414	0.3695200318988148	431	other	0.03743594197863285
ENSDARG00000013415	0.12070142298932966	120	other	0.010423000086858335
ENSDARG00000013422	-0.177491281422364	587	other	0.05098584209154868
ENSDARG00000013430	2.1745363043478982	113	other	0.009814991748458264
ENSDARG00000013434	0.27690182747102027	39	other	0.0033874750282289587
ENSDARG00000013441	0.12459270243727319	924	other	0.08025710066880917
ENSDARG00000013443	1.895757260394903	56	other	0.004864066707200556
ENSDARG00000013457	1.0465572434505344	204	other	0.017719100147659168
ENSDARG00000013472	0.25484685681013847	82	other	0.007122383392686529
ENSDARG00000013475	2.2138643524099053	9	other	7.81725006514375e-4
ENSDARG00000013476	0.09400946222768755	215	other	0.01867454182228785
ENSDARG00000013477	-0.0011795420335599656	3131	high zero count	0.27195344393294535
ENSDARG00000013478	0.6792438767475755	85	other	0.007382958394857987
ENSDARG00000013500	0.012644148604851276	655	other	0.05689220880743508
ENSDARG00000013505	1.0950671987885474	31	other	0.0026926083557717363
ENSDARG00000013522	0.3469461985959688	1069	high zero count	0.09285155910709633
ENSDARG00000013524	0.06865783718643413	1907	high zero count	0.16563884304699036
ENSDARG00000013528	-0.07650696038253472	444	other	0.038565100321375834
ENSDARG00000013539	-0.1115897338808564	2858	high zero count	0.24824111873534266
ENSDARG00000013542	1.1293511555797147	23	other	0.001997741683314514
ENSDARG00000013561	1.1122047812364795	217	other	0.018848258490402153
ENSDARG00000013575	0.23724136221156542	54	other	0.00469035003908625
ENSDARG00000013576	0.20888325372049502	2313	high zero count	0.2009033266741944
ENSDARG00000013582	1.0282111090745298	74	other	0.006427516720229306
ENSDARG00000013596	0.45194037080578797	131	other	0.011378441761487015
ENSDARG00000013613	0.08936557883833916	1498	high zero count	0.13011378441761487
ENSDARG00000013615	0.7355816928313993	223	other	0.019369408494745072
ENSDARG00000013623	2.33750271056994	3	other	2.6057500217145836e-4
ENSDARG00000013628	1.6276076060984057	52	other	0.004516633370971945
ENSDARG00000013655	1.4818170999661715	16	other	0.0013897333449144446
ENSDARG00000013659	1.1747441435540935	1114	high zero count	0.0967601841396682
ENSDARG00000013667	0.4385830351592909	738	other	0.06410145053417876
ENSDARG00000013669	0.2523592003600399	377	other	0.0327455919395466
ENSDARG00000013670	1.2606197354303386	20	other	0.0017371666811430556
ENSDARG00000013681	1.7134035156317315	298	other	0.02588378354903153
ENSDARG00000013685	0.01565161298086251	590	other	0.051246417093720145
ENSDARG00000013694	0.1895286743594549	1856	high zero count	0.16120906801007556
ENSDARG00000013704	0.21659226458060113	161	other	0.013984191783201599
ENSDARG00000013705	0.32786207508203385	710	other	0.06166941718057848
ENSDARG00000013708	0.945506958406926	3	other	2.6057500217145836e-4
ENSDARG00000013711	0.42069611124303113	279	other	0.024233475201945628
ENSDARG00000013719	0.16435789109914883	782	other	0.06792321723269348
ENSDARG00000013721	0.4378599294651337	144	other	0.01250760010423
ENSDARG00000013726	0.0019614923535787336	1687	high zero count	0.14653000955441675
ENSDARG00000013729	1.54193653349844	7	other	6.080083384000695e-4
ENSDARG00000013730	0.0580755774675588	199	other	0.017284808477373403
ENSDARG00000013732	1.5186653642712569	11	other	9.554416746286806e-4
ENSDARG00000013734	0.8677424979218185	235	other	0.020411708503430905
ENSDARG00000013741	0.44909832749895306	392	other	0.034048466950403894
ENSDARG00000013749	0.1329353390466275	1833	high zero count	0.15921132632676105
ENSDARG00000013755	0.6033155098252447	698	other	0.06062711717189264
ENSDARG00000013763	1.0227846002104175	19	other	0.0016503083470859028
ENSDARG00000013771	0.4379629161002691	2737	high zero count	0.23773126031442718
ENSDARG00000013775	0.7449810702456457	1995	high zero count	0.1732823764440198
ENSDARG00000013776	0.9038518115708346	30	other	0.0026057500217145837
ENSDARG00000013777	0.8174236093778905	467	other	0.04056284200469035
ENSDARG00000013784	0.13933177451324327	568	other	0.049335533744462784
ENSDARG00000013794	0.3017845365838324	1251	high zero count	0.10865977590549813
ENSDARG00000013795	0.08715828711130924	141	other	0.012247025102058542
ENSDARG00000013800	1.0116504314478645	392	other	0.034048466950403894
ENSDARG00000013802	0.38683961126947636	146	other	0.012681316772344306
ENSDARG00000013804	1.440661461917383	19	other	0.0016503083470859028
ENSDARG00000013822	1.035186644089413	61	other	0.0052983583774863195
ENSDARG00000013830	0.32775696109591035	202	other	0.017545383479544863
ENSDARG00000013838	0.9727138078665317	175	other	0.015200208460001738
ENSDARG00000013839	0.28795398259038313	1320	high zero count	0.11465300095544168
ENSDARG00000013841	0.47106280075671625	64	other	0.005558933379657779
ENSDARG00000013842	0.009602983825187959	3536	high zero count	0.30713106922609223
ENSDARG00000013843	0.4223046747208553	1244	high zero count	0.10805176756709807
ENSDARG00000013845	0.3348063580018713	128	other	0.011117866759315557
ENSDARG00000013847	0.631827468902694	110	other	0.009554416746286806
ENSDARG00000013853	0.6637777732770009	169	other	0.01467905845565882
ENSDARG00000013855	-0.055521496928808575	2011	high zero count	0.17467210978893424
ENSDARG00000013860	0.21926610881560535	826	other	0.0717449839312082
ENSDARG00000013861	0.2734878054682489	353	other	0.030660991922174932
ENSDARG00000013863	1.0904691471741517	27	other	0.002345175019543125
ENSDARG00000013880	0.2027258636135146	3663	high zero count	0.31816207765135063
ENSDARG00000013881	0.5529489623603936	232	other	0.020151133501259445
ENSDARG00000013892	0.5760595742232053	31	other	0.0026926083557717363
ENSDARG00000013921	0.08501383992562397	1818	high zero count	0.15790845131590375
ENSDARG00000013926	0.3737778455361452	3656	high zero count	0.3175540693129506
ENSDARG00000013928	0.23458739629851427	1009	other	0.08764005906366716
ENSDARG00000013931	2.2501570889815894	8	other	6.948666724572223e-4
ENSDARG00000013938	2.0894522188017093	24	other	0.002084600017371667
ENSDARG00000013946	1.146251672637065	19	other	0.0016503083470859028
ENSDARG00000013950	0.4875620791110957	1711	high zero count	0.1486146095717884
ENSDARG00000013961	0.907992450440456	41	other	0.0035611916963432643
ENSDARG00000013963	1.9195526825249078	2028	high zero count	0.17614870146790584
ENSDARG00000013965	0.7468344542364571	56	other	0.004864066707200556
ENSDARG00000013966	1.6652597447027218	88	other	0.007643533397029445
ENSDARG00000013968	2.4777673762268235	1	other	8.685833405715279e-5
ENSDARG00000013973	0.5585112290450254	425	other	0.036914791974289936
ENSDARG00000013976	0.7964887648959361	265	other	0.023017458525145487
ENSDARG00000013979	1.9240429576360607	160	other	0.013897333449144445
ENSDARG00000013997	0.8792651364139236	122	other	0.010596716754972639
ENSDARG00000014003	0.6269556864388969	34	other	0.0029531833579431945
ENSDARG00000014004	0.8610991089439248	20	other	0.0017371666811430556
ENSDARG00000014008	0.691246359458159	47	other	0.004082341700686181
ENSDARG00000014013	1.0500896276170024	15	other	0.0013028750108572918
ENSDARG00000014015	0.9073034407282998	17	other	0.0014765916789715972
ENSDARG00000014017	1.4706543872995603	37	other	0.003213758360114653
ENSDARG00000014018	0.37537068744324714	523	other	0.04542690871189091
ENSDARG00000014024	0.3785750690184962	1677	high zero count	0.14566142621384523
ENSDARG00000014031	0.0022793689216374694	331	other	0.02875010857291757
ENSDARG00000014039	-0.1189048104818828	2676	high zero count	0.23243290193694086
ENSDARG00000014041	0.5924711401699976	117	other	0.010162425084686877
ENSDARG00000014047	0.8227043677604826	232	other	0.020151133501259445
ENSDARG00000014050	0.2896408400394834	3448	high zero count	0.2994875358290628
ENSDARG00000014053	0.7834075349428489	1577	high zero count	0.13697559280812993
ENSDARG00000014058	0.005698217718764047	1970	high zero count	0.171110918092591
ENSDARG00000014068	1.255059483579349	338	other	0.02935811691131764
ENSDARG00000014081	-0.13675877341023537	264	other	0.022930600191088335
ENSDARG00000014083	1.129915935764623	132	other	0.011465300095544168
ENSDARG00000014085	0.5277143469024077	472	other	0.040997133674976115
ENSDARG00000014091	0.6762834297043818	1603	high zero count	0.13923390949361591
ENSDARG00000014101	0.06810610114044337	390	other	0.03387475028228958
ENSDARG00000014106	0.500834694396315	180	other	0.015634500130287502
ENSDARG00000014113	0.08418225867418916	85	other	0.007382958394857987
ENSDARG00000014137	0.74759608311579	132	other	0.011465300095544168
ENSDARG00000014139	1.2343385864737453	19	other	0.0016503083470859028
ENSDARG00000014148	0.01975032847011562	2123	high zero count	0.18440024320333537
ENSDARG00000014161	0.485799559593241	602	other	0.05228871710240598
ENSDARG00000014165	1.6609197589868632	16	other	0.0013897333449144446
ENSDARG00000014169	-0.11288737062439515	1907	high zero count	0.16563884304699036
ENSDARG00000014171	0.40610688118267324	516	other	0.04481890037349084
ENSDARG00000014179	0.12923977936550207	1776	high zero count	0.15426040128550333
ENSDARG00000014180	0.199440075887221	438	other	0.03804395031703292
ENSDARG00000014181	-0.02322837711134884	235	other	0.020411708503430905
ENSDARG00000014196	1.252155274812827	545	other	0.04733779206114827
ENSDARG00000014201	0.7726188966939651	1200	high zero count	0.10423000086858335
ENSDARG00000014208	1.2409114349854953	1419	high zero count	0.1232519760270998
ENSDARG00000014209	-0.06477712379481096	2696	high zero count	0.2341700686180839
ENSDARG00000014215	0.20220434131229037	275	other	0.023886041865717016
ENSDARG00000014218	0.05520198536647123	1050	high zero count	0.09120125076001043
ENSDARG00000014222	1.1397137540957458	1	other	8.685833405715279e-5
ENSDARG00000014230	1.5634703115803652	3	other	2.6057500217145836e-4
ENSDARG00000014233	0.07232957134357916	3274	high zero count	0.28437418570311823
ENSDARG00000014239	0.07400700827815111	1835	high zero count	0.15938504299487535
ENSDARG00000014244	1.2803038312888335	9	other	7.81725006514375e-4
ENSDARG00000014259	0.3939061977199546	152	other	0.013202466776687223
ENSDARG00000014273	0.7515682359087785	1787	high zero count	0.15521584296013202
ENSDARG00000014274	0.6338734657076989	36	other	0.0031269000260575
ENSDARG00000014287	1.1950610721411845	670	other	0.058195083818292366
ENSDARG00000014292	0.5270143288501772	127	other	0.011031008425258403
ENSDARG00000014303	0.14150879310579098	112	other	0.009728133414401112
ENSDARG00000014313	2.357370287814637	31	other	0.0026926083557717363
ENSDARG00000014321	-0.09710713398355862	706	other	0.061321983844349864
ENSDARG00000014324	0.05004838484869948	2341	high zero count	0.20333536002779468
ENSDARG00000014329	2.415084703230264	4	other	3.4743333622861116e-4
ENSDARG00000014333	0.8909850240806189	413	other	0.0358724919656041
ENSDARG00000014348	0.5714236998575793	516	other	0.04481890037349084
ENSDARG00000014357	-0.06449280718021225	656	other	0.05697906714149223
ENSDARG00000014361	1.2021567022644224	117	other	0.010162425084686877
ENSDARG00000014366	0.8173541137623977	16	other	0.0013897333449144446
ENSDARG00000014373	0.017259244039906963	1339	high zero count	0.11630330930252758
ENSDARG00000014378	0.03674190547415018	374	other	0.03248501693737514
ENSDARG00000014386	0.05075122757212176	677	other	0.05880309215669244
ENSDARG00000014420	0.7631870802919491	109	other	0.009467558412229654
ENSDARG00000014428	0.7950616309368732	26	other	0.0022583166854859725
ENSDARG00000014430	0.5433820403659623	31	other	0.0026926083557717363
ENSDARG00000014439	0.011448961589773288	220	other	0.019108833492573613
ENSDARG00000014462	0.25394264002069017	1527	high zero count	0.1326326761052723
ENSDARG00000014463	0.4790953502515562	211	other	0.018327108486059236
ENSDARG00000014465	-0.1894159727729368	1937	high zero count	0.16824459306870493
ENSDARG00000014474	0.12275192737860628	437	other	0.03795709198297577
ENSDARG00000014488	0.44387048419511366	929	other	0.08069139233909493
ENSDARG00000014498	0.9181720537534122	4	other	3.4743333622861116e-4
ENSDARG00000014499	1.2606094319628935	94	other	0.008164683401372361
ENSDARG00000014506	0.5803401928906412	589	other	0.05115955875966299
ENSDARG00000014517	1.3195761054687325	13	other	0.0011291583427429862
ENSDARG00000014522	1.0356513482849237	195	other	0.01693737514114479
ENSDARG00000014531	0.5162828037398527	68	other	0.005906366715886389
ENSDARG00000014532	0.017986853607272753	1013	other	0.08798749239989577
ENSDARG00000014536	1.5014037218741363	21	other	0.0018240250152002084
ENSDARG00000014545	-0.151645850049382	669	other	0.058108225484235214
ENSDARG00000014554	0.6165679735074158	628	other	0.05454703378789195
ENSDARG00000014556	0.2933940454361657	807	other	0.0700946755841223
ENSDARG00000014565	0.001009883181773201	1408	high zero count	0.12229653435247112
ENSDARG00000014569	1.511373116527874	10	other	8.685833405715278e-4
ENSDARG00000014572	1.3284079071569952	308	other	0.026752366889603058
ENSDARG00000014577	0.7678178316468752	57	other	0.004950925041257708
ENSDARG00000014582	0.6075071428082731	302	other	0.02623121688526014
ENSDARG00000014587	1.3359217936010501	85	other	0.007382958394857987
ENSDARG00000014588	-0.02679616921738844	747	other	0.06488317554069313
ENSDARG00000014591	2.038587886125008	12	other	0.0010423000086858334
ENSDARG00000014599	0.030885393055756216	548	other	0.04759836706331973
ENSDARG00000014623	-0.11553878083397831	1702	high zero count	0.14783288456527405
ENSDARG00000014626	0.22945791280072492	823	other	0.07148440892903674
ENSDARG00000014634	1.184801004852063	215	other	0.01867454182228785
ENSDARG00000014646	0.8319812247344514	845	other	0.0733952922782941
ENSDARG00000014674	0.7463220581262215	23	other	0.001997741683314514
ENSDARG00000014676	1.3502307346331504	20	other	0.0017371666811430556
ENSDARG00000014680	-0.2001902632952804	1915	high zero count	0.16633370971944758
ENSDARG00000014685	0.619018122653372	421	other	0.03656735863806132
ENSDARG00000014692	0.9784743852442074	89	other	0.007730391731086598
ENSDARG00000014704	0.10769783540326353	2025	high zero count	0.17588812646573437
ENSDARG00000014722	-0.017598352235725197	2326	high zero count	0.20203248501693738
ENSDARG00000014727	0.9376378780614564	538	other	0.0467297837227482
ENSDARG00000014731	0.9099194534189172	57	other	0.004950925041257708
ENSDARG00000014746	0.8286035083425708	255	other	0.02214887518457396
ENSDARG00000014763	1.63443469478031	5	other	4.342916702857639e-4
ENSDARG00000014770	0.7285843015248388	7	other	6.080083384000695e-4
ENSDARG00000014790	0.479115636374701	18	other	0.00156345001302875
ENSDARG00000014793	1.1394123394003335	70	other	0.006080083384000695
ENSDARG00000014794	1.4825757645348228	28	other	0.002432033353600278
ENSDARG00000014796	0.4860288465754061	513	other	0.04455832537131938
ENSDARG00000014803	0.8390477683996347	890	other	0.07730391731086597
ENSDARG00000014804	-0.005193518295791839	1621	high zero count	0.14079735950664465
ENSDARG00000014806	1.449224040397235	74	other	0.006427516720229306
ENSDARG00000014817	2.0484741569457463	6	other	5.211500043429167e-4
ENSDARG00000014825	0.6023845908312232	171	other	0.014852775123773126
ENSDARG00000014840	0.15625203713234845	1634	high zero count	0.14192651784938765
ENSDARG00000014871	1.1409104068663352	1135	high zero count	0.09858420915486842
ENSDARG00000014875	0.06576176877426373	2123	high zero count	0.18440024320333537
ENSDARG00000014891	0.27852559189273995	337	other	0.029271258577260487
ENSDARG00000014898	0.7348540177445034	94	other	0.008164683401372361
ENSDARG00000014907	0.48211282504992903	634	other	0.05506818379223487
ENSDARG00000014910	0.15115996562461004	3225	high zero count	0.28011812733431773
ENSDARG00000014914	1.7357761231214823	181	other	0.015721358464344654
ENSDARG00000014915	1.330154964772164	79	other	0.0068618083905150696
ENSDARG00000014927	-0.005821224323329655	3776	high zero count	0.3279770693998089
ENSDARG00000014941	0.7003276199955456	1714	high zero count	0.14887518457395987
ENSDARG00000014943	0.27734748761342165	396	other	0.0343959002866325
ENSDARG00000014945	0.9129708415228209	102	other	0.008859550073829584
ENSDARG00000014956	0.35100285758287597	142	other	0.012333883436115696
ENSDARG00000014962	0.3616000409450246	133	other	0.01155215842960132
ENSDARG00000014963	0.15041046945790934	902	other	0.07834621731955181
ENSDARG00000014966	0.44411000699478437	77	other	0.006688091722400764
ENSDARG00000014969	0.42893105935655557	169	other	0.01467905845565882
ENSDARG00000014973	0.05379835483611061	2750	high zero count	0.23886041865717014
ENSDARG00000014976	0.19091028991076314	788	other	0.0684443672370364
ENSDARG00000014986	0.7326022112170957	19	other	0.0016503083470859028
ENSDARG00000014994	0.6041924806604196	204	other	0.017719100147659168
ENSDARG00000014995	0.38970065784585606	34	other	0.0029531833579431945
ENSDARG00000015002	0.21112305353757962	2129	high zero count	0.18492139320767828
ENSDARG00000015003	0.3707548887357065	3009	high zero count	0.2613567271779727
ENSDARG00000015006	1.0309232311122165	130	other	0.011291583427429861
ENSDARG00000015015	0.8280495137501225	234	other	0.020324850169373753
ENSDARG00000015016	0.4526653731365279	464	other	0.04030226700251889
ENSDARG00000015025	-0.007926656103367612	3266	high zero count	0.283679319030661
ENSDARG00000015050	2.607011490509924	2	other	1.7371666811430558e-4
ENSDARG00000015053	-0.11402180651235728	1047	high zero count	0.09094067575783897
ENSDARG00000015057	0.1955716148597619	224	other	0.019456266828802225
ENSDARG00000015059	0.7004866823535605	22	other	0.0019108833492573613
ENSDARG00000015065	0.23069277139129837	3310	high zero count	0.2875010857291757
ENSDARG00000015070	0.34528424824731463	223	other	0.019369408494745072
ENSDARG00000015072	-0.03227338943605213	383	other	0.03326674194388952
ENSDARG00000015088	0.7784825282826031	100	other	0.008685833405715278
ENSDARG00000015111	1.6250251515898988	19	other	0.0016503083470859028
ENSDARG00000015123	0.7866027680351818	311	other	0.027012941891774517
ENSDARG00000015126	1.1755209843173804	17	other	0.0014765916789715972
ENSDARG00000015149	-0.24467114112417246	1027	other	0.08920350907669591
ENSDARG00000015153	-0.03564758219787051	2003	high zero count	0.17397724311647703
ENSDARG00000015156	-0.055050243796588266	753	other	0.06540432554503604
ENSDARG00000015161	0.7510118625845985	526	other	0.045687483714062366
ENSDARG00000015164	1.1859119943078595	28	other	0.002432033353600278
ENSDARG00000015174	0.2240576661595515	2006	high zero count	0.1742378181186485
ENSDARG00000015176	-0.1838521579239954	1157	high zero count	0.10049509250412578
ENSDARG00000015184	0.5337819697573652	293	other	0.025449491878745765
ENSDARG00000015199	0.30697396589768033	105	other	0.009120125076001042
ENSDARG00000015201	0.31677047400455677	34	other	0.0029531833579431945
ENSDARG00000015206	0.5016002990522771	1	other	8.685833405715279e-5
ENSDARG00000015208	1.4345292638174276	91	other	0.007904108399200903
ENSDARG00000015221	0.33909649289393273	102	other	0.008859550073829584
ENSDARG00000015222	0.5591608492225554	431	other	0.03743594197863285
ENSDARG00000015224	0.807559172334107	50	other	0.004342916702857639
ENSDARG00000015236	-0.08061891952362285	381	other	0.03309302527577521
ENSDARG00000015239	1.7508179786776468	115	other	0.00998870841657257
ENSDARG00000015240	-0.11251658015350766	715	other	0.06210370885086424
ENSDARG00000015252	-0.11025297678111833	459	other	0.03986797533223313
ENSDARG00000015254	1.2162589773278345	18	other	0.00156345001302875
ENSDARG00000015266	0.37718972767765074	583	other	0.05063840875532007
ENSDARG00000015273	0.17600932765477117	1353	high zero count	0.11751932597932771
ENSDARG00000015278	0.20635740988625384	565	other	0.04907495874229132
ENSDARG00000015292	1.337298800808662	2	other	1.7371666811430558e-4
ENSDARG00000015310	1.0360264249048314	21	other	0.0018240250152002084
ENSDARG00000015312	0.09006727139836254	309	other	0.02683922522366021
ENSDARG00000015314	1.326861350657898	53	other	0.004603491705029098
ENSDARG00000015315	1.4514079118473318	12	other	0.0010423000086858334
ENSDARG00000015325	0.758605526970829	14	other	0.001216016676800139
ENSDARG00000015343	1.1157401172020676	190	other	0.01650308347085903
ENSDARG00000015352	0.8273470106561897	131	other	0.011378441761487015
ENSDARG00000015355	0.5197109685795605	638	other	0.055415617128463476
ENSDARG00000015374	0.5846975982254868	316	other	0.027447233562060278
ENSDARG00000015385	1.798133791825714	28	other	0.002432033353600278
ENSDARG00000015392	1.7974455948656838	8	other	6.948666724572223e-4
ENSDARG00000015394	0.6983454233531046	46	other	0.003995483366629028
ENSDARG00000015422	0.7508511818323441	69	other	0.005993225049943542
ENSDARG00000015425	0.3015642279393641	2146	high zero count	0.18639798488664988
ENSDARG00000015427	2.446794075652105	1	other	8.685833405715279e-5
ENSDARG00000015445	0.8344389247515255	339	other	0.029444975245374795
ENSDARG00000015449	0.5355191678645882	197	other	0.0171110918092591
ENSDARG00000015460	0.1799756454020594	33	other	0.002866325023886042
ENSDARG00000015471	0.13737563902523572	31	other	0.0026926083557717363
ENSDARG00000015472	0.7982743449062597	32	other	0.0027794666898288893
ENSDARG00000015474	0.3274995028799517	2	other	1.7371666811430558e-4
ENSDARG00000015482	0.17911125352291046	684	other	0.0594111004950925
ENSDARG00000015495	0.5325181011313828	204	other	0.017719100147659168
ENSDARG00000015506	0.3121069465935568	198	other	0.01719795014331625
ENSDARG00000015524	1.9302436639690803	5	other	4.342916702857639e-4
ENSDARG00000015536	0.70988647814574	168	other	0.014592200121601668
ENSDARG00000015537	0.26315414890972183	262	other	0.02275688352297403
ENSDARG00000015538	1.3840334659928106	25	other	0.0021714583514288194
ENSDARG00000015540	0.30990919766106445	341	other	0.0296186919134891
ENSDARG00000015546	0.16219791373147768	2606	high zero count	0.22635281855294015
ENSDARG00000015551	3.6990951781674903	1	other	8.685833405715279e-5
ENSDARG00000015552	0.22176372223994095	51	other	0.004429775036914792
ENSDARG00000015554	0.3786203611597635	518	other	0.04499261704160514
ENSDARG00000015557	0.8072047137486523	67	other	0.005819508381829237
ENSDARG00000015559	0.24495140425126574	611	other	0.053070442108920354
ENSDARG00000015563	0.29250642658585346	581	other	0.05046469208720577
ENSDARG00000015566	0.5364755826278244	162	other	0.014071050117258751
ENSDARG00000015567	0.8511054840853354	475	other	0.04125770867714757
ENSDARG00000015575	0.6612793115481294	1595	high zero count	0.1385390428211587
ENSDARG00000015610	0.8082079752887266	59	other	0.005124641709372014
ENSDARG00000015611	0.27709696176692145	1858	high zero count	0.16138278467818987
ENSDARG00000015627	0.12168534323886139	3470	high zero count	0.30139841917832016
ENSDARG00000015628	0.5306286604523488	505	other	0.04386345869886216
ENSDARG00000015638	0.48765780584265367	78	other	0.006774950056457917
ENSDARG00000015649	0.9759694575425523	25	other	0.0021714583514288194
ENSDARG00000015653	1.2517045965463685	42	other	0.003648050030400417
ENSDARG00000015657	0.20787212913308464	1230	high zero count	0.10683575089029793
ENSDARG00000015662	0.814625461108938	138	other	0.011986450099887084
ENSDARG00000015674	0.19366600172371226	1223	high zero count	0.10622774255189786
ENSDARG00000015676	0.15150016735629818	1622	high zero count	0.14088421784070182
ENSDARG00000015681	1.1455406643876471	14	other	0.001216016676800139
ENSDARG00000015686	0.005320321011899444	3636	high zero count	0.3158169026318075
ENSDARG00000015707	0.3184348461272372	44	other	0.0038217666985147225
ENSDARG00000015709	1.262545861067712	40	other	0.0034743333622861113
ENSDARG00000015722	0.9062482106349863	93	other	0.00807782506731521
ENSDARG00000015747	-0.15547587061696738	1516	high zero count	0.1316772344306436
ENSDARG00000015757	1.5530019448026406	89	other	0.007730391731086598
ENSDARG00000015759	1.7638772444251183	45	other	0.0039086250325718755
ENSDARG00000015765	0.20897189265863653	2460	high zero count	0.21367150178059585
ENSDARG00000015780	0.2389479590205785	2418	high zero count	0.21002345175019543
ENSDARG00000015790	0.777143183237179	306	other	0.026578650221488753
ENSDARG00000015793	0.4862968985697082	738	other	0.06410145053417876
ENSDARG00000015805	0.7421765690477631	89	other	0.007730391731086598
ENSDARG00000015807	0.17827848365009288	388	other	0.03370103361417528
ENSDARG00000015822	1.0439180495130254	51	other	0.004429775036914792
ENSDARG00000015823	0.6264303462780532	221	other	0.019195691826630765
ENSDARG00000015824	1.1452415740799882	3638	high zero count	0.31599061929992184
ENSDARG00000015829	0.511783413978082	1096	high zero count	0.09519673412663945
ENSDARG00000015835	1.5317784626926114	35	other	0.0030400416920003475
ENSDARG00000015851	1.0466360500951424	10	other	8.685833405715278e-4
ENSDARG00000015854	0.02013919077414655	834	other	0.07243985060366542
ENSDARG00000015856	-0.013800600459295882	1237	high zero count	0.10744375922869799
ENSDARG00000015862	3.3658111021671537	6	other	5.211500043429167e-4
ENSDARG00000015863	0.8779512354040288	1103	high zero count	0.09580474246503952
ENSDARG00000015866	1.4604122562297184	488	other	0.042386867019890556
ENSDARG00000015869	-0.09668264289338815	259	other	0.02249630852080257
ENSDARG00000015876	0.0533355756013924	822	other	0.07139755059497958
ENSDARG00000015887	1.8796663384525416	190	other	0.01650308347085903
ENSDARG00000015889	0.9319619557252873	14	other	0.001216016676800139
ENSDARG00000015890	0.9876258736898251	445	other	0.038651958655432986
ENSDARG00000015891	0.38114216201701273	312	other	0.02709980022583167
ENSDARG00000015901	0.8688377971071527	94	other	0.008164683401372361
ENSDARG00000015905	0.430549874285349	204	other	0.017719100147659168
ENSDARG00000015907	0.711522746896986	13	other	0.0011291583427429862
ENSDARG00000015915	0.25238338539533056	74	other	0.006427516720229306
ENSDARG00000015917	0.6662905358201381	1178	high zero count	0.10231911751932599
ENSDARG00000015918	0.9886572111003972	44	other	0.0038217666985147225
ENSDARG00000015921	0.6533852982573557	20	other	0.0017371666811430556
ENSDARG00000015922	0.11943142057715252	239	other	0.020759141839659514
ENSDARG00000015930	1.1701361893235613	25	other	0.0021714583514288194
ENSDARG00000015931	0.2771484079503135	1690	high zero count	0.1467905845565882
ENSDARG00000015937	0.29313734928293955	2271	high zero count	0.19725527664379397
ENSDARG00000015947	0.6695231055581417	1001	other	0.08694519239120993
ENSDARG00000015955	0.3458693359064852	2634	high zero count	0.22878485190654044
ENSDARG00000015966	0.810309611464706	125	other	0.010857291757144097
ENSDARG00000015968	-0.009487469968317659	3259	high zero count	0.28307131069226094
ENSDARG00000015970	-0.08625233185959653	151	other	0.01311560844263007
ENSDARG00000015971	-0.009385917232466807	1786	high zero count	0.15512898462607488
ENSDARG00000015978	2.4425698168660848	6	other	5.211500043429167e-4
ENSDARG00000015989	0.2169602131987648	172	other	0.01493963345783028
ENSDARG00000015990	1.0324941430967058	5	other	4.342916702857639e-4
ENSDARG00000015997	0.45600047901636326	68	other	0.005906366715886389
ENSDARG00000015998	0.2842193511661438	177	other	0.015373925128116042
ENSDARG00000016010	0.7276959808961083	62	other	0.0053852167115434725
ENSDARG00000016016	1.0683164756438035	10	other	8.685833405715278e-4
ENSDARG00000016022	0.3567598714596702	881	other	0.0765221923043516
ENSDARG00000016038	0.5439604093218883	152	other	0.013202466776687223
ENSDARG00000016044	0.4116925909615182	210	other	0.018240250152002084
ENSDARG00000016048	1.2416121137756835	438	other	0.03804395031703292
ENSDARG00000016056	0.03355348723692415	715	other	0.06210370885086424
ENSDARG00000016058	0.5799162688400802	388	other	0.03370103361417528
ENSDARG00000016059	0.8839414177366803	132	other	0.011465300095544168
ENSDARG00000016074	0.245108370263006	86	other	0.00746981672891514
ENSDARG00000016080	0.7795791509718301	2042	high zero count	0.17736471814470597
ENSDARG00000016084	0.5443295045985476	86	other	0.00746981672891514
ENSDARG00000016085	0.5851437159826628	290	other	0.02518891687657431
ENSDARG00000016086	0.6521590239298855	45	other	0.0039086250325718755
ENSDARG00000016089	-0.06254898457913739	592	other	0.05142013376183445
ENSDARG00000016093	0.1385662995708719	506	other	0.04395031703291931
ENSDARG00000016112	-0.04359878723285629	761	other	0.06609919221749327
ENSDARG00000016117	0.15627746016157565	69	other	0.005993225049943542
ENSDARG00000016122	0.7486633349355376	671	other	0.05828194215234952
ENSDARG00000016128	0.6858633215532316	629	other	0.0546338921219491
ENSDARG00000016132	0.38980676190912006	1420	high zero count	0.12333883436115696
ENSDARG00000016138	0.21312541826390813	1983	high zero count	0.17224007643533398
ENSDARG00000016141	-0.10585681485150496	1083	high zero count	0.09406757578389646
ENSDARG00000016143	0.7271684679195516	247	other	0.021454008512116738
ENSDARG00000016153	0.9613088051210048	4	other	3.4743333622861116e-4
ENSDARG00000016154	0.27888525255823743	838	other	0.07278728393989403
ENSDARG00000016156	0.9458608423758008	97	other	0.00842525840354382
ENSDARG00000016160	-0.02127698373167722	736	other	0.06392773386606444
ENSDARG00000016161	-0.08890659144161467	1475	high zero count	0.12811604273430036
ENSDARG00000016163	0.8916455166659114	106	other	0.009206983410058196
ENSDARG00000016173	2.103106657664192	3	other	2.6057500217145836e-4
ENSDARG00000016177	0.5407743679799656	21	other	0.0018240250152002084
ENSDARG00000016181	1.3686769217642043	17	other	0.0014765916789715972
ENSDARG00000016188	0.9390244919200588	167	other	0.014505341787544515
ENSDARG00000016200	1.0040323349625835	99	other	0.008598975071658126
ENSDARG00000016212	0.0062407535854033525	349	other	0.03031355858594632
ENSDARG00000016231	0.03446722215127505	571	other	0.04959610874663424
ENSDARG00000016233	0.7178209320073575	199	other	0.017284808477373403
ENSDARG00000016238	0.8590777577996406	817	other	0.07096325892469382
ENSDARG00000016239	1.3842286519934983	28	other	0.002432033353600278
ENSDARG00000016253	0.3921297258376439	150	other	0.013028750108572918
ENSDARG00000016255	0.9163409524376145	91	other	0.007904108399200903
ENSDARG00000016256	0.27989283493860817	169	other	0.01467905845565882
ENSDARG00000016260	0.6916327347639641	5	other	4.342916702857639e-4
ENSDARG00000016263	0.4821765285151184	31	other	0.0026926083557717363
ENSDARG00000016280	0.4613260723983264	101	other	0.008772691739772432
ENSDARG00000016301	0.42019283379964223	1654	high zero count	0.14366368453053072
ENSDARG00000016302	0.479522871287218	1	other	8.685833405715279e-5
ENSDARG00000016304	1.5351501640861822	245	other	0.021280291844002434
ENSDARG00000016307	0.3801621524074545	347	other	0.030139841917832016
ENSDARG00000016311	-0.05735563689563911	187	other	0.01624250846868757
ENSDARG00000016318	0.33405516590415124	419	other	0.036393641969947016
ENSDARG00000016319	0.514191162940895	1472	high zero count	0.12785546773212889
ENSDARG00000016336	0.049701589492036825	557	other	0.0483800920698341
ENSDARG00000016337	0.2540220684338418	1327	high zero count	0.11526100929384174
ENSDARG00000016343	-0.14829011268214487	746	other	0.06479631720663598
ENSDARG00000016345	1.2134565333830378	26	other	0.0022583166854859725
ENSDARG00000016350	0.7011452793320126	299	other	0.02597064188308868
ENSDARG00000016357	0.055241061091731575	834	other	0.07243985060366542
ENSDARG00000016360	1.0297123839773457	87	other	0.007556675062972292
ENSDARG00000016363	-0.011345279200015925	176	other	0.01528706679405889
ENSDARG00000016364	0.23271837335609843	899	other	0.07808564231738035
ENSDARG00000016368	0.5956230145089095	596	other	0.05176756709806306
ENSDARG00000016375	0.42339570263176773	172	other	0.01493963345783028
ENSDARG00000016393	1.320037197966902	14	other	0.001216016676800139
ENSDARG00000016396	-0.03150150423062672	1828	high zero count	0.1587770346564753
ENSDARG00000016399	0.3492290274232176	82	other	0.007122383392686529
ENSDARG00000016404	0.02066130910190665	2065	high zero count	0.1793624598280205
ENSDARG00000016412	0.23218292213903538	3661	high zero count	0.31798836098323635
ENSDARG00000016415	0.48403658071598166	1176	high zero count	0.10214540085121167
ENSDARG00000016427	0.07820468541172375	1542	high zero count	0.1339355511161296
ENSDARG00000016429	0.468616725472766	37	other	0.003213758360114653
ENSDARG00000016443	2.327981831085653	1	other	8.685833405715279e-5
ENSDARG00000016447	0.7687400260433707	14	other	0.001216016676800139
ENSDARG00000016457	0.15050091402254845	2623	high zero count	0.22782941023191175
ENSDARG00000016460	0.3706228605243695	163	other	0.014157908451315903
ENSDARG00000016463	0.7046398404751243	1786	high zero count	0.15512898462607488
ENSDARG00000016464	-0.10565096298574056	173	other	0.015026491791887432
ENSDARG00000016470	0.531904033372812	665	other	0.0577607921480066
ENSDARG00000016474	0.1955272259444109	3194	high zero count	0.277425518978546
ENSDARG00000016477	1.1409839390836303	309	other	0.02683922522366021
ENSDARG00000016481	0.14869637508722103	1081	high zero count	0.09389385911578216
ENSDARG00000016483	-0.14626585482106266	926	other	0.08043081733692348
ENSDARG00000016484	1.38632178222321	15	other	0.0013028750108572918
ENSDARG00000016490	-0.002673382343815286	665	other	0.0577607921480066
ENSDARG00000016494	0.0580789905049337	997	other	0.08659775905498132
ENSDARG00000016496	0.582931283024032	39	other	0.0033874750282289587
ENSDARG00000016505	0.6911525596708875	649	other	0.05637105880309216
ENSDARG00000016513	0.8702835204648484	61	other	0.0052983583774863195
ENSDARG00000016514	0.18845304891992956	1206	high zero count	0.10475115087292626
ENSDARG00000016516	2.2373208947490624	16	other	0.0013897333449144446
ENSDARG00000016519	0.2938588778180948	124	other	0.010770433423086945
ENSDARG00000016526	0.5672870916906457	218	other	0.018935116824459308
ENSDARG00000016528	-0.22180345097501647	1732	high zero count	0.1504386345869886
ENSDARG00000016532	0.8408889101110673	35	other	0.0030400416920003475
ENSDARG00000016545	0.3464412613378325	705	other	0.06123512551029271
ENSDARG00000016548	0.9707455581039283	3	other	2.6057500217145836e-4
ENSDARG00000016551	0.4878320508165703	131	other	0.011378441761487015
ENSDARG00000016570	0.24192305107098028	349	other	0.03031355858594632
ENSDARG00000016573	0.5069181003074814	462	other	0.040128550334404586
ENSDARG00000016584	0.34974473007797563	285	other	0.024754625206288544
ENSDARG00000016594	0.14471571040420395	194	other	0.01685051680708764
ENSDARG00000016598	1.0176490986796485	219	other	0.01902197515851646
ENSDARG00000016607	0.041177004013099455	2008	high zero count	0.1744115347867628
ENSDARG00000016611	0.15866431280038465	151	other	0.01311560844263007
ENSDARG00000016623	1.0003877146541569	1116	high zero count	0.09693390080778251
ENSDARG00000016630	0.6286583420802259	12	other	0.0010423000086858334
ENSDARG00000016649	0.4106040549405021	25	other	0.0021714583514288194
ENSDARG00000016651	1.1150220547757692	48	other	0.004169200034743334
ENSDARG00000016664	0.5852925570200576	19	other	0.0016503083470859028
ENSDARG00000016676	0.9985459998962655	151	other	0.01311560844263007
ENSDARG00000016687	1.1771324857178493	8	other	6.948666724572223e-4
ENSDARG00000016691	1.5911138771122095	59	other	0.005124641709372014
ENSDARG00000016695	0.6194442363827508	534	other	0.04638235038651959
ENSDARG00000016699	0.050293214856392904	837	other	0.07270042560583688
ENSDARG00000016706	0.823114917313712	49	other	0.004256058368800487
ENSDARG00000016710	0.46656550930782587	267	other	0.023191175193259795
ENSDARG00000016721	1.8942341974399783	8	other	6.948666724572223e-4
ENSDARG00000016724	0.6469353249578572	18	other	0.00156345001302875
ENSDARG00000016725	0.8973053209380201	549	other	0.04768522539737688
ENSDARG00000016733	0.9024659384938947	135	other	0.011725875097715626
ENSDARG00000016739	0.26767276354916425	792	other	0.068791800573265
ENSDARG00000016743	0.4465338117324875	411	other	0.03569877529748979
ENSDARG00000016745	0.5794894089873512	286	other	0.024841483540345696
ENSDARG00000016749	-0.1778636544953506	2075	high zero count	0.18023104316859204
ENSDARG00000016753	0.4456357955693038	38	other	0.0033006166941718057
ENSDARG00000016754	1.5590299447928606	66	other	0.005732650047772084
ENSDARG00000016763	0.29558690392001613	73	other	0.006340658386172153
ENSDARG00000016765	0.6094963530012917	1452	high zero count	0.12611830105098584
ENSDARG00000016769	0.22057003250348858	2439	high zero count	0.21184747676539564
ENSDARG00000016771	1.6603375407737972	12	other	0.0010423000086858334
ENSDARG00000016773	0.23175427893910933	841	other	0.07304785894206549
ENSDARG00000016774	0.09839188083679226	130	other	0.011291583427429861
ENSDARG00000016775	0.09028125505748516	58	other	0.005037783375314861
ENSDARG00000016783	1.618718553243065	26	other	0.0022583166854859725
ENSDARG00000016788	-0.15204716823287837	393	other	0.034135325284461046
ENSDARG00000016789	-0.20238932832840587	1010	other	0.08772691739772431
ENSDARG00000016793	1.5322385215665426	634	other	0.05506818379223487
ENSDARG00000016794	0.5870108377236877	219	other	0.01902197515851646
ENSDARG00000016809	0.5419877541483722	130	other	0.011291583427429861
ENSDARG00000016811	0.3614401904640434	85	other	0.007382958394857987
ENSDARG00000016830	1.0127662375616744	10	other	8.685833405715278e-4
ENSDARG00000016835	0.6539773789379977	1684	high zero count	0.14626943455224528
ENSDARG00000016837	0.1696743676695435	1419	high zero count	0.1232519760270998
ENSDARG00000016855	0.7702895759058641	275	other	0.023886041865717016
ENSDARG00000016856	0.22735585480786955	3721	high zero count	0.32319986102666554
ENSDARG00000016858	0.3591161620411475	131	other	0.011378441761487015
ENSDARG00000016864	1.0286101069918605	23	other	0.001997741683314514
ENSDARG00000016866	0.05058641396630967	1768	high zero count	0.15356553461304612
ENSDARG00000016867	0.9018697855782788	511	other	0.04438460870320507
ENSDARG00000016871	1.83063621479671	14	other	0.001216016676800139
ENSDARG00000016875	0.710913478818039	74	other	0.006427516720229306
ENSDARG00000016889	2.174737749355935	9	other	7.81725006514375e-4
ENSDARG00000016903	1.279711689738294	14	other	0.001216016676800139
ENSDARG00000016904	1.557492577148093	70	other	0.006080083384000695
ENSDARG00000016908	0.1189028364312242	124	other	0.010770433423086945
ENSDARG00000016934	-0.051168555346585674	1904	high zero count	0.1653782680448189
ENSDARG00000016936	-0.21696790547935096	1109	high zero count	0.09632589246938243
ENSDARG00000016939	0.696164974771503	1851	high zero count	0.16077477633978982
ENSDARG00000016964	0.3845058388645273	771	other	0.0669677755580648
ENSDARG00000016968	1.0064455665268088	6	other	5.211500043429167e-4
ENSDARG00000016977	0.5511678502580465	113	other	0.009814991748458264
ENSDARG00000016979	-0.005431747893725699	217	other	0.018848258490402153
ENSDARG00000016994	-0.23410504181789268	552	other	0.047945800399548336
ENSDARG00000016999	-0.015198480781007781	36	other	0.0031269000260575
ENSDARG00000017004	-0.16956782644243396	274	other	0.023799183531659863
ENSDARG00000017010	0.2471663256701831	667	other	0.05793450881612091
ENSDARG00000017014	1.757884967557525	17	other	0.0014765916789715972
ENSDARG00000017034	0.3987465021126381	1799	high zero count	0.15625814296881785
ENSDARG00000017036	-0.026623758077577303	1033	other	0.08972465908103883
ENSDARG00000017037	0.5275351158780268	366	other	0.03179015026491792
ENSDARG00000017038	-0.0783758854280768	732	other	0.06358030052983583
ENSDARG00000017047	0.556749288208386	1766	high zero count	0.1533918179449318
ENSDARG00000017049	0.8842939448159653	46	other	0.003995483366629028
ENSDARG00000017058	0.7009604884094444	134	other	0.011639016763658474
ENSDARG00000017067	0.7516268096854563	78	other	0.006774950056457917
ENSDARG00000017078	-0.053149409891405874	637	other	0.055328758794406324
ENSDARG00000017084	1.8560537722241706	23	other	0.001997741683314514
ENSDARG00000017086	0.7436899657059298	380	other	0.03300616694171806
ENSDARG00000017093	0.8186938663780248	534	other	0.04638235038651959
ENSDARG00000017105	0.5323062028360057	34	other	0.0029531833579431945
ENSDARG00000017107	0.1303266485577015	1575	high zero count	0.13680187614001563
ENSDARG00000017108	0.22219650655808215	1513	high zero count	0.13141665942847217
ENSDARG00000017115	0.7626718120202192	10	other	8.685833405715278e-4
ENSDARG00000017119	0.6788658704038169	1233	high zero count	0.10709632589246938
ENSDARG00000017121	0.3459986851178845	356	other	0.030921566924346392
ENSDARG00000017126	0.6595854750167238	549	other	0.04768522539737688
ENSDARG00000017127	-0.027641052309829266	273	other	0.02371232519760271
ENSDARG00000017128	0.11642445875280216	1988	high zero count	0.17267436810561973
ENSDARG00000017140	1.275549981147549	149	other	0.012941891774515765
ENSDARG00000017143	0.13573329469309123	21	other	0.0018240250152002084
ENSDARG00000017165	0.3763237457909726	343	other	0.029792408581603404
ENSDARG00000017168	0.054225069013391636	469	other	0.04073655867280466
ENSDARG00000017180	1.2366102005553063	128	other	0.011117866759315557
ENSDARG00000017188	0.05099471961325517	370	other	0.03213758360114653
ENSDARG00000017195	0.2039534157321904	1525	high zero count	0.132458959437158
ENSDARG00000017199	0.10160350651410026	1262	high zero count	0.10961521758012681
ENSDARG00000017211	0.775742401644126	76	other	0.006601233388343611
ENSDARG00000017220	0.04289492400101073	134	other	0.011639016763658474
ENSDARG00000017229	-0.2244087477317072	1616	high zero count	0.1403630678363589
ENSDARG00000017230	0.9123983903626467	6	other	5.211500043429167e-4
ENSDARG00000017235	3.419597449127747	1	other	8.685833405715279e-5
ENSDARG00000017242	0.28926600219098264	1162	high zero count	0.10092938417441154
ENSDARG00000017244	0.2913778012505999	55	other	0.004777208373143403
ENSDARG00000017246	0.24054559610445886	1415	high zero count	0.12290454269087119
ENSDARG00000017255	0.3292559067942399	520	other	0.045166333709719446
ENSDARG00000017261	0.6416867759833752	565	other	0.04907495874229132
ENSDARG00000017272	0.10044229343675853	559	other	0.04855380873794841
ENSDARG00000017294	0.7598948029691384	456	other	0.039607400330061666
ENSDARG00000017299	0.7727091360474143	434	other	0.037696516980804305
ENSDARG00000017311	0.3658283586127242	410	other	0.03561191696343264
ENSDARG00000017312	0.6383578239887476	1463	high zero count	0.12707374272561453
ENSDARG00000017314	0.6322044739472454	1319	high zero count	0.11456614262138452
ENSDARG00000017315	0.1205602326968878	29	other	0.0025188916876574307
ENSDARG00000017320	1.332013707842382	139	other	0.012073308433944238
ENSDARG00000017321	-0.13055181259966567	1223	high zero count	0.10622774255189786
ENSDARG00000017337	0.43132784196314194	576	other	0.05003040041692
ENSDARG00000017338	1.1534717487146944	299	other	0.02597064188308868
ENSDARG00000017354	0.4541030273322548	490	other	0.04256058368800487
ENSDARG00000017365	-0.05949885271616544	246	other	0.021367150178059586
ENSDARG00000017366	-0.2423860767524426	1336	high zero count	0.11604273430035612
ENSDARG00000017369	0.2523530995184917	839	other	0.07287414227395118
ENSDARG00000017385	0.2318743627129451	562	other	0.048814383740119864
ENSDARG00000017388	0.5663971544308386	847	other	0.0735690089464084
ENSDARG00000017397	0.4581130337285478	9	other	7.81725006514375e-4
ENSDARG00000017400	0.8770749189744301	1326	high zero count	0.11517415095978459
ENSDARG00000017422	0.5986887635370431	108	other	0.0093807000781725
ENSDARG00000017423	0.9368289220430683	7	other	6.080083384000695e-4
ENSDARG00000017427	0.021135344570394312	85	other	0.007382958394857987
ENSDARG00000017431	-0.19664085895936068	880	other	0.07643533397029445
ENSDARG00000017439	0.8211446942072482	7	other	6.080083384000695e-4
ENSDARG00000017441	1.317134218240422	157	other	0.013636758446972987
ENSDARG00000017445	2.6399471401492733	3	other	2.6057500217145836e-4
ENSDARG00000017446	-0.15494847075557736	576	other	0.05003040041692
ENSDARG00000017454	0.9811069720208788	10	other	8.685833405715278e-4
ENSDARG00000017489	0.4462927708473512	1929	high zero count	0.1675497263962477
ENSDARG00000017500	0.973514790886031	76	other	0.006601233388343611
ENSDARG00000017522	-0.1584698952636396	184	other	0.01598193346651611
ENSDARG00000017525	0.4675014056783216	99	other	0.008598975071658126
ENSDARG00000017537	0.017878351738993492	1530	high zero count	0.13289325110744377
ENSDARG00000017542	0.1491353390073997	473	other	0.04108399200903327
ENSDARG00000017562	0.0015072597248712728	844	other	0.07330843394423694
ENSDARG00000017569	0.30233917049664527	1180	high zero count	0.10249283418744029
ENSDARG00000017571	1.33243450727191	16	other	0.0013897333449144446
ENSDARG00000017579	0.03593110489267438	3268	high zero count	0.2838530356987753
ENSDARG00000017590	0.08099883394724837	514	other	0.04464518370537653
ENSDARG00000017591	0.7041082636225023	31	other	0.0026926083557717363
ENSDARG00000017595	0.13810181752817077	114	other	0.009901850082515417
ENSDARG00000017602	0.8523830144346942	117	other	0.010162425084686877
ENSDARG00000017605	-0.07044908597257617	1606	high zero count	0.13949448449578736
ENSDARG00000017612	0.0068183429856161154	480	other	0.04169200034743334
ENSDARG00000017615	0.041050923213591925	438	other	0.03804395031703292
ENSDARG00000017617	0.2589326145168269	237	other	0.02058542517154521
ENSDARG00000017624	2.4992132246198007	86	other	0.00746981672891514
ENSDARG00000017634	0.32168446757297864	1634	high zero count	0.14192651784938765
ENSDARG00000017649	0.25010447686283716	1115	high zero count	0.09684704247372536
ENSDARG00000017658	1.1478411571721798	15	other	0.0013028750108572918
ENSDARG00000017659	0.9405070346127699	30	other	0.0026057500217145837
ENSDARG00000017661	0.0010529682071327771	554	other	0.04811951706766264
ENSDARG00000017673	0.6986486696659402	85	other	0.007382958394857987
ENSDARG00000017675	0.6763410260590651	114	other	0.009901850082515417
ENSDARG00000017676	0.8659293466608723	599	other	0.052028142100234515
ENSDARG00000017687	0.061066343262167394	311	other	0.027012941891774517
ENSDARG00000017696	0.42253035084094753	65	other	0.005645791713714931
ENSDARG00000017703	0.3426335489137407	136	other	0.011812733431772778
ENSDARG00000017708	0.5025081684284269	95	other	0.008251541735429515
ENSDARG00000017710	0.03674257910018451	509	other	0.044210892035090765
ENSDARG00000017728	1.138069218573378	360	other	0.031269000260575004
ENSDARG00000017739	-0.21494894149769092	1713	high zero count	0.1487883262399027
ENSDARG00000017740	1.2023069970932787	7	other	6.080083384000695e-4
ENSDARG00000017741	1.6127614764056177	12	other	0.0010423000086858334
ENSDARG00000017744	0.21167507636928676	96	other	0.008338400069486667
ENSDARG00000017748	0.4299901030710971	78	other	0.006774950056457917
ENSDARG00000017757	0.37817743507329504	2195	high zero count	0.19065404325545035
ENSDARG00000017762	0.9659646335281459	23	other	0.001997741683314514
ENSDARG00000017772	2.391702944941042	13	other	0.0011291583427429862
ENSDARG00000017773	-0.12550742154692007	1520	high zero count	0.13202466776687224
ENSDARG00000017775	2.3981079339973084	7	other	6.080083384000695e-4
ENSDARG00000017780	0.0511196106460286	244	other	0.021193433509945278
ENSDARG00000017781	0.6886536919337732	134	other	0.011639016763658474
ENSDARG00000017785	-0.02231629743897392	1347	high zero count	0.1169981759749848
ENSDARG00000017790	0.33324764602584983	599	other	0.052028142100234515
ENSDARG00000017794	0.792353326501204	1588	high zero count	0.13793103448275862
ENSDARG00000017798	0.3133430204792127	90	other	0.007817250065143751
ENSDARG00000017803	1.0229434542586426	85	other	0.007382958394857987
ENSDARG00000017809	0.3583138214230357	1164	high zero count	0.10110310084252584
ENSDARG00000017811	0.6375965770340539	881	other	0.0765221923043516
ENSDARG00000017821	0.3252616746808831	1592	high zero count	0.13827846781898723
ENSDARG00000017834	0.13317492019880192	224	other	0.019456266828802225
ENSDARG00000017835	0.14603325426115246	120	other	0.010423000086858335
ENSDARG00000017841	1.7104262261842458	2	other	1.7371666811430558e-4
ENSDARG00000017842	0.9475885718512341	238	other	0.02067228350560236
ENSDARG00000017843	0.9859636375139621	6	other	5.211500043429167e-4
ENSDARG00000017844	1.0903491170484865	30	other	0.0026057500217145837
ENSDARG00000017874	0.5440892420300705	116	other	0.010075566750629723
ENSDARG00000017880	0.12714900884028574	446	other	0.038738816989490145
ENSDARG00000017882	0.037527166987089036	459	other	0.03986797533223313
ENSDARG00000017886	0.7142176886387325	70	other	0.006080083384000695
ENSDARG00000017891	1.8604062794789344	4	other	3.4743333622861116e-4
ENSDARG00000017901	0.19161913036190253	55	other	0.004777208373143403
ENSDARG00000017905	0.6196491825333955	68	other	0.005906366715886389
ENSDARG00000017910	0.20993512532661732	837	other	0.07270042560583688
ENSDARG00000017928	0.026172821404551707	1868	high zero count	0.1622513680187614
ENSDARG00000017929	0.04764454492302751	15	other	0.0013028750108572918
ENSDARG00000017931	0.054778230079338186	1019	other	0.08850864240423868
ENSDARG00000017960	0.672648642151183	53	other	0.004603491705029098
ENSDARG00000017984	1.1823569562871188	501	other	0.04351602536263355
ENSDARG00000017985	0.47974055439694596	85	other	0.007382958394857987
ENSDARG00000017988	0.22619568280180505	387	other	0.033614175280118126
ENSDARG00000018002	0.8686935656449036	144	other	0.01250760010423
ENSDARG00000018004	0.03406915360482778	915	other	0.0794753756622948
ENSDARG00000018006	0.7402121578134065	72	other	0.006253800052115
ENSDARG00000018010	1.1523901321245018	339	other	0.029444975245374795
ENSDARG00000018022	0.6290616800518047	280	other	0.02432033353600278
ENSDARG00000018025	0.13673911274952705	396	other	0.0343959002866325
ENSDARG00000018040	-0.2656744755389037	522	other	0.04534005037783375
ENSDARG00000018047	0.21354307664573594	65	other	0.005645791713714931
ENSDARG00000018049	0.9639564040503433	15	other	0.0013028750108572918
ENSDARG00000018060	0.8182902723639028	22	other	0.0019108833492573613
ENSDARG00000018061	0.5334765083399152	181	other	0.015721358464344654
ENSDARG00000018066	0.49590834042392495	1433	high zero count	0.12446799270389994
ENSDARG00000018073	0.6455707222735532	483	other	0.041952575349604795
ENSDARG00000018105	0.7124102564861824	799	other	0.06939980891166507
ENSDARG00000018106	0.44423195502429275	79	other	0.0068618083905150696
ENSDARG00000018110	0.8562424759345824	18	other	0.00156345001302875
ENSDARG00000018111	0.1747268890153974	151	other	0.01311560844263007
ENSDARG00000018121	-2.884803243853783e-4	185	other	0.016068791800573266
ENSDARG00000018124	1.5542644053304586	17	other	0.0014765916789715972
ENSDARG00000018145	1.1579207082431444	735	other	0.06384087553200729
ENSDARG00000018146	1.1423934232703277	217	other	0.018848258490402153
ENSDARG00000018149	1.0559060594049425	106	other	0.009206983410058196
ENSDARG00000018159	0.15843929607101767	2103	high zero count	0.1826630765221923
ENSDARG00000018162	-0.1759341834602429	1915	high zero count	0.16633370971944758
ENSDARG00000018165	0.09792833833768529	100	other	0.008685833405715278
ENSDARG00000018174	1.0502355418092004	14	other	0.001216016676800139
ENSDARG00000018178	1.0856180340577373	642	other	0.055763050464692085
ENSDARG00000018179	0.3170351137418698	2237	high zero count	0.19430209328585077
ENSDARG00000018181	-0.229858628157665	1098	high zero count	0.09537045079475376
ENSDARG00000018190	0.7553371441323992	14	other	0.001216016676800139
ENSDARG00000018192	1.2958461564302752	704	other	0.06114826717623556
ENSDARG00000018206	0.14669843240187425	139	other	0.012073308433944238
ENSDARG00000018241	0.7631396220324169	54	other	0.00469035003908625
ENSDARG00000018257	-0.07845407212582764	322	other	0.027968383566403198
ENSDARG00000018259	0.7007761312665498	204	other	0.017719100147659168
ENSDARG00000018260	-0.07185059858003998	1232	high zero count	0.10700946755841223
ENSDARG00000018263	0.13567457217397066	1769	high zero count	0.15365239294710328
ENSDARG00000018266	0.3560323767702838	259	other	0.02249630852080257
ENSDARG00000018272	0.45361027165331763	39	other	0.0033874750282289587
ENSDARG00000018283	0.4536822349298382	2513	high zero count	0.21827499348562496
ENSDARG00000018285	0.8023562486052364	15	other	0.0013028750108572918
ENSDARG00000018296	0.055980671925030576	113	other	0.009814991748458264
ENSDARG00000018303	0.5885758340657677	146	other	0.012681316772344306
ENSDARG00000018312	0.3604132687347653	261	other	0.022670025188916875
ENSDARG00000018319	1.0523511154500451	42	other	0.003648050030400417
ENSDARG00000018325	0.7625888430723194	42	other	0.003648050030400417
ENSDARG00000018328	1.150931788571801	30	other	0.0026057500217145837
ENSDARG00000018334	3.5863447410560765	3	other	2.6057500217145836e-4
ENSDARG00000018351	0.5349637657855024	3063	high zero count	0.266047077217059
ENSDARG00000018383	0.06830821977767668	1339	high zero count	0.11630330930252758
ENSDARG00000018393	0.4908354459207809	530	other	0.046034917050290974
ENSDARG00000018397	0.917577313623304	206	other	0.017892816815773472
ENSDARG00000018404	2.502583174105149	69	other	0.005993225049943542
ENSDARG00000018411	0.4607556788044373	127	other	0.011031008425258403
ENSDARG00000018423	0.3338514618195239	633	other	0.054981325458177716
ENSDARG00000018425	1.0134019791235032	14	other	0.001216016676800139
ENSDARG00000018426	1.6137271974694765	75	other	0.006514375054286459
ENSDARG00000018432	0.6816873552584294	101	other	0.008772691739772432
ENSDARG00000018441	-0.008445712004702855	1906	high zero count	0.1655519847129332
ENSDARG00000018459	0.3109530737395487	573	other	0.049769825414748545
ENSDARG00000018460	0.591636069511146	157	other	0.013636758446972987
ENSDARG00000018461	1.5761549097637113	50	other	0.004342916702857639
ENSDARG00000018476	1.2625394511720671	2	other	1.7371666811430558e-4
ENSDARG00000018485	0.19017939815509413	900	other	0.07817250065143751
ENSDARG00000018491	1.2261022748377957	255	other	0.02214887518457396
ENSDARG00000018492	0.5319363072227803	170	other	0.014765916789715974
ENSDARG00000018494	0.5910362484227266	80	other	0.006948666724572223
ENSDARG00000018508	0.30465228619183904	64	other	0.005558933379657779
ENSDARG00000018524	1.5560167064479513	42	other	0.003648050030400417
ENSDARG00000018529	0.6049988311154685	369	other	0.03205072526708938
ENSDARG00000018534	0.11856803279964767	121	other	0.010509858420915487
ENSDARG00000018559	0.27596932030937793	84	other	0.007296100060800834
ENSDARG00000018562	1.8202788481337373	25	other	0.0021714583514288194
ENSDARG00000018566	-0.24225420827887947	774	other	0.06722835056023625
ENSDARG00000018569	0.16883270664617364	332	other	0.028836966906974723
ENSDARG00000018574	0.8086950387547054	74	other	0.006427516720229306
ENSDARG00000018587	0.12583245619100758	641	other	0.05567619213063493
ENSDARG00000018593	0.5212558617397594	569	other	0.049422392078519936
ENSDARG00000018600	0.6375425856478941	1074	high zero count	0.09328585077738209
ENSDARG00000018602	1.4415571227288655	22	other	0.0019108833492573613
ENSDARG00000018618	0.8433216579853715	2	other	1.7371666811430558e-4
ENSDARG00000018621	0.16969453683613073	307	other	0.026665508555545905
ENSDARG00000018623	0.038346082042496586	864	other	0.07504560062538
ENSDARG00000018627	0.43086871991086245	257	other	0.022322591852688266
ENSDARG00000018637	2.716909747290095	9	other	7.81725006514375e-4
ENSDARG00000018643	0.3944390206593297	466	other	0.040475983670633195
ENSDARG00000018658	0.15400312535781666	2086	high zero count	0.1811864848432207
ENSDARG00000018681	0.18274925841073772	1986	high zero count	0.17250065143750543
ENSDARG00000018691	0.5643312741691054	97	other	0.00842525840354382
ENSDARG00000018693	1.2524366276404546	7	other	6.080083384000695e-4
ENSDARG00000018698	1.4032255245787417	16	other	0.0013897333449144446
ENSDARG00000018721	0.38439419973694466	3508	high zero count	0.304699035872492
ENSDARG00000018738	0.5073454801553673	368	other	0.03196386693303222
ENSDARG00000018742	0.6291794052511706	18	other	0.00156345001302875
ENSDARG00000018743	0.4441608475444774	2545	high zero count	0.22105446017545383
ENSDARG00000018750	0.09198630145178192	3206	high zero count	0.27846781898723183
ENSDARG00000018757	0.10624860965084194	1581	high zero count	0.13732302614435854
ENSDARG00000018765	0.5934114293455547	857	other	0.07443759228697994
ENSDARG00000018782	0.01537106800168653	913	other	0.07930165899418049
ENSDARG00000018787	0.484112648790934	496	other	0.04308173369234778
ENSDARG00000018788	0.13084004437392127	446	other	0.038738816989490145
ENSDARG00000018809	0.28005221503508637	315	other	0.027360375228003126
ENSDARG00000018814	0.4423213193571746	104	other	0.00903326674194389
ENSDARG00000018817	0.09422759884425935	595	other	0.051680708764005906
ENSDARG00000018825	0.7629267429182455	1337	high zero count	0.11612959263441328
ENSDARG00000018840	0.9941036600150397	48	other	0.004169200034743334
ENSDARG00000018853	0.7643669779004175	13	other	0.0011291583427429862
ENSDARG00000018854	1.125638670560007	46	other	0.003995483366629028
ENSDARG00000018856	0.07279725797267966	626	other	0.054373317119777644
ENSDARG00000018881	-0.09841093575882234	907	other	0.07878050898983757
ENSDARG00000018882	0.35760600209693505	56	other	0.004864066707200556
ENSDARG00000018890	1.0976369470837233	19	other	0.0016503083470859028
ENSDARG00000018891	0.6178733451272438	154	other	0.013376183444801529
ENSDARG00000018898	1.654818408418157	44	other	0.0038217666985147225
ENSDARG00000018902	0.6766952302006118	6	other	5.211500043429167e-4
ENSDARG00000018903	1.1805204740354753	16	other	0.0013897333449144446
ENSDARG00000018904	0.9951359381273036	10	other	8.685833405715278e-4
ENSDARG00000018907	0.001073600666639663	125	other	0.010857291757144097
ENSDARG00000018914	1.5043411967693556	3	other	2.6057500217145836e-4
ENSDARG00000018918	0.2855974589911334	371	other	0.032224441935203685
ENSDARG00000018921	0.18911214177431113	655	other	0.05689220880743508
ENSDARG00000018923	0.5024482441685677	175	other	0.015200208460001738
ENSDARG00000018936	0.31808006271166844	57	other	0.004950925041257708
ENSDARG00000018944	0.06561393203972757	334	other	0.02901068357508903
ENSDARG00000018953	0.7076611734067317	1180	high zero count	0.10249283418744029
ENSDARG00000018956	0.48906441971902026	212	other	0.018413966820116392
ENSDARG00000018958	0.021250193323120066	416	other	0.03613306696777556
ENSDARG00000018961	2.363504751514398	4	other	3.4743333622861116e-4
ENSDARG00000018966	0.48009091078089583	1462	high zero count	0.12698688439155736
ENSDARG00000018968	0.5299343292572176	473	other	0.04108399200903327
ENSDARG00000018971	0.4693561586882419	526	other	0.045687483714062366
ENSDARG00000018973	1.1658481069279558	129	other	0.01120472509337271
ENSDARG00000018976	0.5295765380315105	469	other	0.04073655867280466
ENSDARG00000018984	0.730893669564963	485	other	0.0421262920177191
ENSDARG00000018985	0.21317045435777682	42	other	0.003648050030400417
ENSDARG00000018989	1.5645870445213896	9	other	7.81725006514375e-4
ENSDARG00000018997	0.8795876862617091	1433	high zero count	0.12446799270389994
ENSDARG00000019000	1.2970362947015157	6	other	5.211500043429167e-4
ENSDARG00000019004	1.6779117376224388	15	other	0.0013028750108572918
ENSDARG00000019008	0.9956594253749357	17	other	0.0014765916789715972
ENSDARG00000019025	0.8098080439989263	1217	high zero count	0.10570659254755493
ENSDARG00000019033	1.3259472133703347	252	other	0.021888300182402502
ENSDARG00000019038	0.623485414699433	790	other	0.0686180839051507
ENSDARG00000019060	0.8215883763207427	42	other	0.003648050030400417
ENSDARG00000019062	1.4343612745108503	214	other	0.018587683488230696
ENSDARG00000019063	0.10030180941471714	765	other	0.06644662555372188
ENSDARG00000019081	0.3729207451408056	54	other	0.00469035003908625
ENSDARG00000019096	0.6149924293308698	877	other	0.076174758968123
ENSDARG00000019098	1.403326631159633	135	other	0.011725875097715626
ENSDARG00000019103	0.05174289161827204	68	other	0.005906366715886389
ENSDARG00000019113	0.60399581586713	10	other	8.685833405715278e-4
ENSDARG00000019116	-0.09663675514017284	690	other	0.05993225049943542
ENSDARG00000019117	0.7401281458424925	962	other	0.08355771736298098
ENSDARG00000019128	0.15155825493305175	143	other	0.012420741770172848
ENSDARG00000019130	0.31846690235643604	1504	high zero count	0.13063493442195778
ENSDARG00000019137	1.0027144365465208	18	other	0.00156345001302875
ENSDARG00000019144	0.15727747586645224	2527	high zero count	0.2194910101624251
ENSDARG00000019156	0.009035482693340124	1856	high zero count	0.16120906801007556
ENSDARG00000019160	0.16692312317570832	1021	other	0.08868235907235299
ENSDARG00000019191	0.8828693841244535	84	other	0.007296100060800834
ENSDARG00000019195	0.0538328801688978	67	other	0.005819508381829237
ENSDARG00000019205	1.0539247001196117	7	other	6.080083384000695e-4
ENSDARG00000019208	-0.10503798862605337	633	other	0.054981325458177716
ENSDARG00000019213	0.8503092689955856	77	other	0.006688091722400764
ENSDARG00000019222	0.7817896299101719	251	other	0.02180144184834535
ENSDARG00000019223	1.3843930249858618	15	other	0.0013028750108572918
ENSDARG00000019228	-0.021315120638365787	1664	high zero count	0.14453226787110224
ENSDARG00000019230	3.660586958559816	1	other	8.685833405715279e-5
ENSDARG00000019231	1.883551909411107	2	other	1.7371666811430558e-4
ENSDARG00000019233	-0.0697521482397875	165	other	0.01433162511943021
ENSDARG00000019235	0.38309803254672303	216	other	0.018761400156345
ENSDARG00000019236	0.5537245612003961	419	other	0.036393641969947016
ENSDARG00000019239	1.1549950337700525	5	other	4.342916702857639e-4
ENSDARG00000019253	1.3777214767681978	1335	high zero count	0.11595587596629897
ENSDARG00000019260	0.3606856432655637	2195	high zero count	0.19065404325545035
ENSDARG00000019265	-0.08925071427343478	347	other	0.030139841917832016
ENSDARG00000019274	0.21284469375376378	758	other	0.0658386172153218
ENSDARG00000019280	1.2125880849894817	29	other	0.0025188916876574307
ENSDARG00000019293	0.6553499301160046	271	other	0.023538608529488404
ENSDARG00000019299	-0.019841633625413975	107	other	0.009293841744115348
ENSDARG00000019300	0.2224558532913393	171	other	0.014852775123773126
ENSDARG00000019302	0.744108990559504	172	other	0.01493963345783028
ENSDARG00000019304	-0.24853187418758527	1160	high zero count	0.10075566750629723
ENSDARG00000019307	0.36581158879179	2737	high zero count	0.23773126031442718
ENSDARG00000019326	1.1290503690439873	241	other	0.02093285850777382
ENSDARG00000019328	0.5824554355371205	226	other	0.01962998349691653
ENSDARG00000019332	1.8483116825957822	78	other	0.006774950056457917
ENSDARG00000019335	0.8701162009590174	133	other	0.01155215842960132
ENSDARG00000019338	0.30781937847873897	858	other	0.07452445062103709
ENSDARG00000019341	0.6099575869003167	1875	high zero count	0.16285937635716147
ENSDARG00000019342	-0.18956867170109634	1991	high zero count	0.1729349431077912
ENSDARG00000019345	0.6612512119581976	347	other	0.030139841917832016
ENSDARG00000019353	1.8696726121905158	130	other	0.011291583427429861
ENSDARG00000019355	-0.14263715470856955	603	other	0.05237557543646313
ENSDARG00000019360	1.0500542841527298	21	other	0.0018240250152002084
ENSDARG00000019362	1.0704878301143972	36	other	0.0031269000260575
ENSDARG00000019364	0.5010998216242961	1003	other	0.08711890905932425
ENSDARG00000019365	0.32489340288891166	1663	high zero count	0.14444540953704507
ENSDARG00000019383	1.2105689341029782	6	other	5.211500043429167e-4
ENSDARG00000019392	0.14380408884659884	707	other	0.061408842178407017
ENSDARG00000019396	-0.10986551574118447	1268	high zero count	0.11013636758446974
ENSDARG00000019398	1.4217513495388288	40	other	0.0034743333622861113
ENSDARG00000019404	1.6487885563166398	12	other	0.0010423000086858334
ENSDARG00000019406	0.5697153269592329	330	other	0.02866325023886042
ENSDARG00000019417	0.8063116430586557	829	other	0.07200555893337966
ENSDARG00000019420	1.147777194773705	300	other	0.026057500217145837
ENSDARG00000019426	-0.017658454987398507	164	other	0.014244766785373057
ENSDARG00000019438	0.6199438193296846	16	other	0.0013897333449144446
ENSDARG00000019444	1.7142074997511336	33	other	0.002866325023886042
ENSDARG00000019459	0.45255447904499835	340	other	0.029531833579431947
ENSDARG00000019484	0.02092013067221723	1509	high zero count	0.13106922609224356
ENSDARG00000019487	0.516258720513973	101	other	0.008772691739772432
ENSDARG00000019496	0.8407053127436388	101	other	0.008772691739772432
ENSDARG00000019498	0.036252827397302304	79	other	0.0068618083905150696
ENSDARG00000019507	0.8623475484555959	75	other	0.006514375054286459
ENSDARG00000019516	-0.09213612552296002	850	other	0.07382958394857987
ENSDARG00000019521	0.00364940422991757	1881	high zero count	0.16338052636150438
ENSDARG00000019526	0.9194477304199786	1118	high zero count	0.09710761747589682
ENSDARG00000019529	0.9696151810966306	31	other	0.0026926083557717363
ENSDARG00000019530	0.4824687198732247	35	other	0.0030400416920003475
ENSDARG00000019541	0.18415146380966219	80	other	0.006948666724572223
ENSDARG00000019556	0.7156081671516329	32	other	0.0027794666898288893
ENSDARG00000019564	0.18320086241854802	807	other	0.0700946755841223
ENSDARG00000019566	0.9258625209807319	908	other	0.07886736732389472
ENSDARG00000019572	0.9723483237734301	24	other	0.002084600017371667
ENSDARG00000019579	0.3133925489336005	171	other	0.014852775123773126
ENSDARG00000019581	0.7981763256293499	5	other	4.342916702857639e-4
ENSDARG00000019596	0.6278025466869752	29	other	0.0025188916876574307
ENSDARG00000019601	0.26434068177025105	728	other	0.06323286719360723
ENSDARG00000019613	1.0854498780254327	740	other	0.06427516720229307
ENSDARG00000019614	0.5421156714211197	53	other	0.004603491705029098
ENSDARG00000019636	0.8421280968084944	785	other	0.06818379223486494
ENSDARG00000019644	2.496566571098129	1	other	8.685833405715279e-5
ENSDARG00000019646	0.04314827217086823	2220	high zero count	0.19282550160687917
ENSDARG00000019658	0.04023948082309461	396	other	0.0343959002866325
ENSDARG00000019692	-0.1179014981723627	559	other	0.04855380873794841
ENSDARG00000019693	0.42125324474403747	49	other	0.004256058368800487
ENSDARG00000019702	1.4173201662127342	26	other	0.0022583166854859725
ENSDARG00000019707	0.21576787176631906	119	other	0.01033614175280118
ENSDARG00000019715	-0.10211769116066349	525	other	0.045600625380005214
ENSDARG00000019717	1.0046473652849883	40	other	0.0034743333622861113
ENSDARG00000019728	0.5965193279361115	381	other	0.03309302527577521
ENSDARG00000019732	1.4727299920609302	32	other	0.0027794666898288893
ENSDARG00000019743	-0.09243729595381524	2304	high zero count	0.20012160166768
ENSDARG00000019746	0.46681981027988717	125	other	0.010857291757144097
ENSDARG00000019752	0.0649526099001397	330	other	0.02866325023886042
ENSDARG00000019753	-0.18370651262186508	1593	high zero count	0.1383653261530444
ENSDARG00000019763	0.40826938452470035	211	other	0.018327108486059236
ENSDARG00000019765	0.8886493883502367	5	other	4.342916702857639e-4
ENSDARG00000019774	0.41400430936883315	57	other	0.004950925041257708
ENSDARG00000019778	3.052595391611118	1	other	8.685833405715279e-5
ENSDARG00000019791	0.3777762810602539	241	other	0.02093285850777382
ENSDARG00000019797	0.7992880084267379	41	other	0.0035611916963432643
ENSDARG00000019808	0.45902109950865183	72	other	0.006253800052115
ENSDARG00000019810	0.7678095369462423	59	other	0.005124641709372014
ENSDARG00000019815	0.3878238283355623	54	other	0.00469035003908625
ENSDARG00000019834	0.6459858426784008	12	other	0.0010423000086858334
ENSDARG00000019838	0.3999407411761596	495	other	0.04299487535829063
ENSDARG00000019842	0.2592588129793629	19	other	0.0016503083470859028
ENSDARG00000019845	0.8153951456436166	623	other	0.05411274211760619
ENSDARG00000019856	0.8612672180159189	259	other	0.02249630852080257
ENSDARG00000019861	0.12463303187238474	3348	high zero count	0.2908017024233475
ENSDARG00000019874	-0.010349750188532193	690	other	0.05993225049943542
ENSDARG00000019877	0.4045576163983581	958	other	0.08321028402675237
ENSDARG00000019881	2.5136433975331833	16	other	0.0013897333449144446
ENSDARG00000019897	0.779586488649404	933	other	0.08103882567532354
ENSDARG00000019902	0.7649069204747106	1985	high zero count	0.1724137931034483
ENSDARG00000019907	0.0977170380866533	1452	high zero count	0.12611830105098584
ENSDARG00000019924	1.1619275949550805	46	other	0.003995483366629028
ENSDARG00000019930	0.20909069854398898	629	other	0.0546338921219491
ENSDARG00000019941	1.34651354514016	124	other	0.010770433423086945
ENSDARG00000019949	1.3718372475716334	88	other	0.007643533397029445
ENSDARG00000019950	0.1104191064515141	663	other	0.057587075479892294
ENSDARG00000019951	1.3233214906985602	5	other	4.342916702857639e-4
ENSDARG00000019961	0.17867124746505259	812	other	0.07052896725440806
ENSDARG00000019962	0.11761206173901774	834	other	0.07243985060366542
ENSDARG00000019969	0.7185902109643695	131	other	0.011378441761487015
ENSDARG00000019973	0.16188593895707956	1333	high zero count	0.11578215929818467
ENSDARG00000019976	1.7145286120867766	58	other	0.005037783375314861
ENSDARG00000019986	0.32106010064853185	522	other	0.04534005037783375
ENSDARG00000019990	-0.15562284755483877	1752	high zero count	0.15217580126813168
ENSDARG00000019995	0.07546529211648152	298	other	0.02588378354903153
ENSDARG00000019998	1.0780942086785572	78	other	0.006774950056457917
ENSDARG00000020000	0.6241730096775496	163	other	0.014157908451315903
ENSDARG00000020007	0.9544053619370801	140	other	0.01216016676800139
ENSDARG00000020008	1.9049151747997457	1	other	8.685833405715279e-5
ENSDARG00000020009	0.1898108240150367	364	other	0.03161643359680361
ENSDARG00000020015	0.1723084252525552	150	other	0.013028750108572918
ENSDARG00000020024	0.17007811698377584	1905	high zero count	0.16546512637887606
ENSDARG00000020031	0.36305874379126946	3143	high zero count	0.2729957439416312
ENSDARG00000020041	0.5999002073232313	491	other	0.04264744202206202
ENSDARG00000020043	0.6214748580620937	17	other	0.0014765916789715972
ENSDARG00000020053	0.7732146102752417	154	other	0.013376183444801529
ENSDARG00000020072	0.48291992892402535	862	other	0.0748718839572657
ENSDARG00000020077	0.7196393018841001	38	other	0.0033006166941718057
ENSDARG00000020079	-0.06258995240445066	1557	high zero count	0.1352384261269869
ENSDARG00000020080	0.16444434266325747	352	other	0.03057413358811778
ENSDARG00000020101	1.7066487313300147	14	other	0.001216016676800139
ENSDARG00000020107	0.6568239328261832	255	other	0.02214887518457396
ENSDARG00000020114	0.13078193025432044	732	other	0.06358030052983583
ENSDARG00000020122	0.9496765013198367	1151	high zero count	0.09997394249978285
ENSDARG00000020123	0.5655514251817011	364	other	0.03161643359680361
ENSDARG00000020131	0.16538539173618994	1437	high zero count	0.12481542604012855
ENSDARG00000020133	0.7906483254739932	561	other	0.04872752540606271
ENSDARG00000020134	0.18045913268901612	56	other	0.004864066707200556
ENSDARG00000020143	0.6174983579393933	2454	high zero count	0.21315035177625294
ENSDARG00000020158	-0.020613532557566518	1856	high zero count	0.16120906801007556
ENSDARG00000020164	0.334297614628986	153	other	0.013289325110744377
ENSDARG00000020178	0.031012505569305425	619	other	0.05376530878137757
ENSDARG00000020187	0.9703126178528038	60	other	0.005211500043429167
ENSDARG00000020191	-0.19491731829412628	582	other	0.05055155042126292
ENSDARG00000020197	3.3811389752319165	2	other	1.7371666811430558e-4
ENSDARG00000020201	0.30243271238184893	15	other	0.0013028750108572918
ENSDARG00000020204	0.05800250362570848	51	other	0.004429775036914792
ENSDARG00000020217	0.48125133822641925	399	other	0.03465647528880396
ENSDARG00000020218	0.6244215781031208	105	other	0.009120125076001042
ENSDARG00000020219	0.4279586774589941	285	other	0.024754625206288544
ENSDARG00000020224	0.16281863231453408	345	other	0.02996612524971771
ENSDARG00000020228	0.8051523334725396	23	other	0.001997741683314514
ENSDARG00000020232	1.1296676417355849	31	other	0.0026926083557717363
ENSDARG00000020235	0.9062369641020669	14	other	0.001216016676800139
ENSDARG00000020239	0.4453172508230891	636	other	0.05524190046034917
ENSDARG00000020241	0.19783189474858934	1386	high zero count	0.12038565100321376
ENSDARG00000020242	-0.0789037826180978	236	other	0.020498566837488057
ENSDARG00000020250	0.44072504965085124	1308	high zero count	0.11361070094675584
ENSDARG00000020252	1.4692806483793135	11	other	9.554416746286806e-4
ENSDARG00000020258	2.0763625227124374	13	other	0.0011291583427429862
ENSDARG00000020278	0.827481699514063	30	other	0.0026057500217145837
ENSDARG00000020279	0.20583843506849542	848	other	0.07365586728046557
ENSDARG00000020284	-0.19344162694240477	475	other	0.04125770867714757
ENSDARG00000020289	0.15071503495651853	331	other	0.02875010857291757
ENSDARG00000020298	1.5105834203964448	8	other	6.948666724572223e-4
ENSDARG00000020301	0.5113356286921792	172	other	0.01493963345783028
ENSDARG00000020311	1.2034986919911748	31	other	0.0026926083557717363
ENSDARG00000020326	0.34887466852099175	926	other	0.08043081733692348
ENSDARG00000020328	0.2729524341063016	219	other	0.01902197515851646
ENSDARG00000020334	0.7023049282650552	6	other	5.211500043429167e-4
ENSDARG00000020345	1.2549260490588798	8	other	6.948666724572223e-4
ENSDARG00000020363	0.5336227008125154	572	other	0.04968296708069139
ENSDARG00000020364	0.65587300582856	434	other	0.037696516980804305
ENSDARG00000020371	-0.038005966927556055	1449	high zero count	0.12585772604881437
ENSDARG00000020377	1.4036848149014967	6	other	5.211500043429167e-4
ENSDARG00000020387	0.2727926135463682	1067	high zero count	0.09267784243898201
ENSDARG00000020395	0.09715376502309371	87	other	0.007556675062972292
ENSDARG00000020397	0.27718952419419135	902	other	0.07834621731955181
ENSDARG00000020405	1.0427858635816234	25	other	0.0021714583514288194
ENSDARG00000020417	0.02241854685975452	180	other	0.015634500130287502
ENSDARG00000020442	0.8086354376596115	195	other	0.01693737514114479
ENSDARG00000020447	0.29003349040612736	183	other	0.01589507513245896
ENSDARG00000020448	0.3903417652678411	245	other	0.021280291844002434
ENSDARG00000020449	0.8723752897675623	431	other	0.03743594197863285
ENSDARG00000020450	0.08467923509658808	940	other	0.08164683401372362
ENSDARG00000020454	1.703741937836565	28	other	0.002432033353600278
ENSDARG00000020465	1.8448919968789388	7	other	6.080083384000695e-4
ENSDARG00000020467	1.6864203587551436	4	other	3.4743333622861116e-4
ENSDARG00000020469	0.5370987210368834	6	other	5.211500043429167e-4
ENSDARG00000020473	0.22209173299392915	1176	high zero count	0.10214540085121167
ENSDARG00000020475	0.41538560530295554	493	other	0.042821158690176324
ENSDARG00000020482	1.9316606173580468	1	other	8.685833405715279e-5
ENSDARG00000020493	0.47166771571571514	1238	high zero count	0.10753061756275514
ENSDARG00000020494	0.1935617209254422	140	other	0.01216016676800139
ENSDARG00000020497	1.3323398870451393	25	other	0.0021714583514288194
ENSDARG00000020504	2.6845960150105825	2	other	1.7371666811430558e-4
ENSDARG00000020509	-0.13459241843179884	1170	high zero count	0.10162425084686875
ENSDARG00000020521	0.12217011528605182	146	other	0.012681316772344306
ENSDARG00000020527	0.9704216805710467	35	other	0.0030400416920003475
ENSDARG00000020529	0.05227410407266309	2782	high zero count	0.24163988534699904
ENSDARG00000020541	1.2116056014985161	301	other	0.02614435855120299
ENSDARG00000020544	0.14316803618101676	2745	high zero count	0.2384261269868844
ENSDARG00000020573	1.0667727997934355	2	other	1.7371666811430558e-4
ENSDARG00000020574	1.194366396223565	226	other	0.01962998349691653
ENSDARG00000020581	0.5019706304861428	366	other	0.03179015026491792
ENSDARG00000020594	0.1735332727616381	150	other	0.013028750108572918
ENSDARG00000020595	0.5920815124964773	95	other	0.008251541735429515
ENSDARG00000020596	0.6248701853891535	1426	high zero count	0.12385998436549987
ENSDARG00000020607	0.8604451009940592	46	other	0.003995483366629028
ENSDARG00000020609	1.2632097886842015	345	other	0.02996612524971771
ENSDARG00000020610	0.3630148698882995	1047	high zero count	0.09094067575783897
ENSDARG00000020618	0.5423169363072929	2019	high zero count	0.17536697646139146
ENSDARG00000020621	1.2599346121678086	3	other	2.6057500217145836e-4
ENSDARG00000020623	0.6971684521187751	43	other	0.00373490836445757
ENSDARG00000020625	0.9785298375145192	3	other	2.6057500217145836e-4
ENSDARG00000020642	0.07208937442391522	258	other	0.02240945018674542
ENSDARG00000020645	1.2795377851768903	207	other	0.017979675149830628
ENSDARG00000020676	0.8471107222386068	116	other	0.010075566750629723
ENSDARG00000020679	1.2368304805374921	282	other	0.024494050204117084
ENSDARG00000020693	0.8062879108204141	124	other	0.010770433423086945
ENSDARG00000020699	0.21432110550145006	98	other	0.008512116737600973
ENSDARG00000020702	-0.1779800461574939	738	other	0.06410145053417876
ENSDARG00000020708	1.564575446907976	306	other	0.026578650221488753
ENSDARG00000020711	1.6904686750187032	281	other	0.024407191870059932
ENSDARG00000020730	0.3074356245088796	39	other	0.0033874750282289587
ENSDARG00000020741	0.6051746283933437	1613	high zero count	0.14010249283418744
ENSDARG00000020749	0.1776503665037972	2992	high zero count	0.25988013549900113
ENSDARG00000020758	0.3281496737826041	2914	high zero count	0.25310518544254323
ENSDARG00000020759	0.7195766804730102	121	other	0.010509858420915487
ENSDARG00000020761	0.39638351800380983	965	other	0.08381829236515244
ENSDARG00000020764	0.5691901328159664	1747	high zero count	0.1517415095978459
ENSDARG00000020771	0.21775811052009147	925	other	0.08034395900286632
ENSDARG00000020777	0.1852308593982195	39	other	0.0033874750282289587
ENSDARG00000020785	0.2094027898666397	593	other	0.0515069920958916
ENSDARG00000020794	0.3121597127583272	2615	high zero count	0.22713454355945453
ENSDARG00000020795	0.714408972464107	567	other	0.04924867541040563
ENSDARG00000020798	0.4347730252605882	1197	high zero count	0.10396942586641188
ENSDARG00000020811	0.24875839615756645	59	other	0.005124641709372014
ENSDARG00000020820	1.0745808818838147	3	other	2.6057500217145836e-4
ENSDARG00000020822	0.5681110934207626	2003	high zero count	0.17397724311647703
ENSDARG00000020834	-0.059946804208080795	177	other	0.015373925128116042
ENSDARG00000020840	0.6622533194242026	14	other	0.001216016676800139
ENSDARG00000020841	0.8577998736222975	107	other	0.009293841744115348
ENSDARG00000020845	0.46178221282068216	205	other	0.01780595848171632
ENSDARG00000020847	0.519685493827509	38	other	0.0033006166941718057
ENSDARG00000020863	-0.1882645234428403	1173	high zero count	0.10188482584904021
ENSDARG00000020866	0.5953911007218345	920	other	0.07990966733258056
ENSDARG00000020871	0.08620949976596252	1497	high zero count	0.13002692608355773
ENSDARG00000020876	0.9437679011200624	1304	high zero count	0.11326326761052723
ENSDARG00000020884	-0.09843894069523278	2382	high zero count	0.20689655172413793
ENSDARG00000020887	0.40620388588726636	1413	high zero count	0.12273082602275688
ENSDARG00000020890	0.6591912559601392	379	other	0.0329193086076609
ENSDARG00000020893	2.1530125483714935	110	other	0.009554416746286806
ENSDARG00000020895	0.9313797381985078	238	other	0.02067228350560236
ENSDARG00000020913	0.5935447764623721	45	other	0.0039086250325718755
ENSDARG00000020924	-0.11988482417871339	680	other	0.059063667158863895
ENSDARG00000020926	1.2579592344076052	506	other	0.04395031703291931
ENSDARG00000020929	0.5591571359210148	364	other	0.03161643359680361
ENSDARG00000020944	0.11713454991634364	174	other	0.015113350125944584
ENSDARG00000020946	0.4670579582781986	297	other	0.025796925214974377
ENSDARG00000020948	0.7101185738602204	1243	high zero count	0.1079649092330409
ENSDARG00000020953	0.42353130582392684	923	other	0.08017024233475202
ENSDARG00000020956	0.8431913541555485	180	other	0.015634500130287502
ENSDARG00000020960	0.4088061799473261	164	other	0.014244766785373057
ENSDARG00000020964	0.24260115334820825	633	other	0.054981325458177716
ENSDARG00000020976	0.3749627313006315	60	other	0.005211500043429167
ENSDARG00000020979	0.006641624929823462	3742	high zero count	0.3250238860418657
ENSDARG00000020984	1.9662849808514913	475	other	0.04125770867714757
ENSDARG00000020986	0.030705345697460792	2081	high zero count	0.18075219317293495
ENSDARG00000021004	0.07091482921597983	920	other	0.07990966733258056
ENSDARG00000021021	0.6722303119052951	52	other	0.004516633370971945
ENSDARG00000021022	0.27343931820318457	1222	high zero count	0.10614088421784071
ENSDARG00000021032	0.13174081406808563	439	other	0.03813080865109007
ENSDARG00000021033	0.5285562522631452	550	other	0.04777208373143403
ENSDARG00000021046	-0.04571643995226312	1321	high zero count	0.11473985928949883
ENSDARG00000021048	0.41642668820350237	230	other	0.01997741683314514
ENSDARG00000021055	-0.18291282071457252	1567	high zero count	0.1361070094675584
ENSDARG00000021059	1.6954359844192044	160	other	0.013897333449144445
ENSDARG00000021082	0.1578893274052674	19	other	0.0016503083470859028
ENSDARG00000021086	-0.19699805356052894	603	other	0.05237557543646313
ENSDARG00000021097	0.4047782258402205	290	other	0.02518891687657431
ENSDARG00000021107	0.8376542898532203	20	other	0.0017371666811430556
ENSDARG00000021110	0.06814160506796405	805	other	0.069920958916008
ENSDARG00000021112	0.5546950278719964	25	other	0.0021714583514288194
ENSDARG00000021113	2.972498423493494	9	other	7.81725006514375e-4
ENSDARG00000021115	-0.21492551328410767	527	other	0.04577434204811952
ENSDARG00000021120	0.7948476732632964	427	other	0.03708850864240424
ENSDARG00000021135	0.6809987475540719	1618	high zero count	0.1405367845044732
ENSDARG00000021137	-0.17088112739989683	327	other	0.02840267523668896
ENSDARG00000021140	1.2011900750871478	154	other	0.013376183444801529
ENSDARG00000021141	0.16309251179730638	2856	high zero count	0.24806740206722835
ENSDARG00000021143	1.079182207165941	254	other	0.022062016850516807
ENSDARG00000021147	0.3976076466771968	656	other	0.05697906714149223
ENSDARG00000021149	0.6720648155909816	483	other	0.041952575349604795
ENSDARG00000021151	-0.02769417929347354	1329	high zero count	0.11543472596195604
ENSDARG00000021154	0.016571752390378457	397	other	0.034482758620689655
ENSDARG00000021163	0.09835845252927376	290	other	0.02518891687657431
ENSDARG00000021177	0.17002386899723781	244	other	0.021193433509945278
ENSDARG00000021184	0.5252107400407998	833	other	0.07235299226960827
ENSDARG00000021193	1.0085850185299066	87	other	0.007556675062972292
ENSDARG00000021195	1.0335468755530244	213	other	0.018500825154173544
ENSDARG00000021200	0.06458968692557782	1865	high zero count	0.16199079301658995
ENSDARG00000021208	0.03531881429872196	1199	high zero count	0.10414314253452618
ENSDARG00000021209	-0.16467356485854234	933	other	0.08103882567532354
ENSDARG00000021220	0.5904217653488474	265	other	0.023017458525145487
ENSDARG00000021225	0.7523469205961053	16	other	0.0013897333449144446
ENSDARG00000021233	0.11640458904579576	578	other	0.05020411708503431
ENSDARG00000021239	0.23206635409920837	206	other	0.017892816815773472
ENSDARG00000021241	0.3240416897325737	288	other	0.02501520020846
ENSDARG00000021242	0.840469783635461	23	other	0.001997741683314514
ENSDARG00000021250	0.15416731021151	2123	high zero count	0.18440024320333537
ENSDARG00000021257	2.131259274125606	2	other	1.7371666811430558e-4
ENSDARG00000021265	0.3104144965447049	738	other	0.06410145053417876
ENSDARG00000021309	0.5326074934380893	38	other	0.0033006166941718057
ENSDARG00000021324	0.051120452344295686	2574	high zero count	0.22357335186311125
ENSDARG00000021339	0.6403635034841926	3760	high zero count	0.3265873360548945
ENSDARG00000021343	1.8769951389533586	53	other	0.004603491705029098
ENSDARG00000021346	1.8024913234273274	74	other	0.006427516720229306
ENSDARG00000021351	0.08508614704017421	894	other	0.0776513506470946
ENSDARG00000021352	0.3629066126576093	244	other	0.021193433509945278
ENSDARG00000021366	0.5555877260644859	390	other	0.03387475028228958
ENSDARG00000021370	0.43343648670829726	639	other	0.05550247546252063
ENSDARG00000021372	1.21915070511886	26	other	0.0022583166854859725
ENSDARG00000021374	0.8817270915355945	9	other	7.81725006514375e-4
ENSDARG00000021378	0.09559567921162763	177	other	0.015373925128116042
ENSDARG00000021383	-0.0169479688155835	2077	high zero count	0.18040475983670634
ENSDARG00000021389	0.6499775165617402	69	other	0.005993225049943542
ENSDARG00000021392	0.4503896621200821	266	other	0.02310431685920264
ENSDARG00000021398	-0.09358511285112173	177	other	0.015373925128116042
ENSDARG00000021402	0.34813324000904183	32	other	0.0027794666898288893
ENSDARG00000021404	0.3046119615560039	177	other	0.015373925128116042
ENSDARG00000021405	0.3701140247139676	742	other	0.06444888387040737
ENSDARG00000021408	0.4121670920514801	177	other	0.015373925128116042
ENSDARG00000021433	0.35176325865236957	641	other	0.05567619213063493
ENSDARG00000021439	1.6928273030897532	15	other	0.0013028750108572918
ENSDARG00000021442	0.8756371746722106	99	other	0.008598975071658126
ENSDARG00000021443	1.5617295824200843	363	other	0.03152957526274646
ENSDARG00000021455	0.23723012397989793	37	other	0.003213758360114653
ENSDARG00000021483	0.9092773269496153	12	other	0.0010423000086858334
ENSDARG00000021488	0.2463548756091696	225	other	0.019543125162859377
ENSDARG00000021494	0.02014484637654951	674	other	0.058542517154520975
ENSDARG00000021509	0.6255516247737458	20	other	0.0017371666811430556
ENSDARG00000021539	0.06326412847716646	94	other	0.008164683401372361
ENSDARG00000021547	0.17876589180703883	1188	high zero count	0.10318770085989751
ENSDARG00000021550	0.6542893172308749	8	other	6.948666724572223e-4
ENSDARG00000021556	1.258815922927542	64	other	0.005558933379657779
ENSDARG00000021557	1.3434956081014804	32	other	0.0027794666898288893
ENSDARG00000021569	0.41365909697062364	1018	other	0.08842178407018153
ENSDARG00000021579	0.06636801686891913	2046	high zero count	0.17771215148093458
ENSDARG00000021582	1.8244679293872492	341	other	0.0296186919134891
ENSDARG00000021584	0.16962174398107382	3248	high zero count	0.28211586901763225
ENSDARG00000021589	0.0013701601298079858	3192	high zero count	0.27725180231043167
ENSDARG00000021590	-0.08206101769882394	2316	high zero count	0.20116390167636586
ENSDARG00000021595	0.48150206846035315	2978	high zero count	0.258664118822201
ENSDARG00000021607	0.6086687190352132	572	other	0.04968296708069139
ENSDARG00000021611	-0.047704153452610296	1909	high zero count	0.16581255971510467
ENSDARG00000021633	0.3811179648996253	1360	high zero count	0.11812733431772779
ENSDARG00000021647	1.4547437974456443	193	other	0.016763658473030487
ENSDARG00000021664	0.5726706231427798	132	other	0.011465300095544168
ENSDARG00000021669	2.398164809295413	1	other	8.685833405715279e-5
ENSDARG00000021688	-0.06510673565993735	2171	high zero count	0.1885694432380787
ENSDARG00000021702	0.6986585951185325	14	other	0.001216016676800139
ENSDARG00000021720	-0.027604595018431616	601	other	0.052201858768348826
ENSDARG00000021753	0.6733379627765141	110	other	0.009554416746286806
ENSDARG00000021787	0.3346638397507012	88	other	0.007643533397029445
ENSDARG00000021789	0.41709556841968715	844	other	0.07330843394423694
ENSDARG00000021794	0.12012050816916199	250	other	0.021714583514288194
ENSDARG00000021806	0.6252264188931003	27	other	0.002345175019543125
ENSDARG00000021808	-0.05568858845801041	69	other	0.005993225049943542
ENSDARG00000021811	1.6660933778130824	5	other	4.342916702857639e-4
ENSDARG00000021812	0.9380565390813844	20	other	0.0017371666811430556
ENSDARG00000021827	0.00984184427062218	781	other	0.06783635889863632
ENSDARG00000021833	0.8789337150859206	286	other	0.024841483540345696
ENSDARG00000021838	3.326233322261532	3	other	2.6057500217145836e-4
ENSDARG00000021846	0.004545056358891465	997	other	0.08659775905498132
ENSDARG00000021849	0.1820497759200522	40	other	0.0034743333622861113
ENSDARG00000021853	0.08546144279701043	553	other	0.04803265873360549
ENSDARG00000021866	-0.05415578393313835	785	other	0.06818379223486494
ENSDARG00000021869	0.1799774052169003	3367	high zero count	0.2924520107704334
ENSDARG00000021891	-0.05533598682376315	728	other	0.06323286719360723
ENSDARG00000021896	0.12744561909217705	53	other	0.004603491705029098
ENSDARG00000021899	0.1299552271812845	63	other	0.0054720750456006256
ENSDARG00000021905	1.6135273031388628	29	other	0.0025188916876574307
ENSDARG00000021916	-0.07670375604908423	565	other	0.04907495874229132
ENSDARG00000021938	0.6925742690058098	320	other	0.02779466689828889
ENSDARG00000021945	0.20407441212117397	8	other	6.948666724572223e-4
ENSDARG00000021948	0.29979727016941377	269	other	0.0233648918613741
ENSDARG00000021973	1.2544230418156037	14	other	0.001216016676800139
ENSDARG00000021974	-0.030640919548353705	3511	high zero count	0.30495961087466344
ENSDARG00000021975	1.3055619273885222	311	other	0.027012941891774517
ENSDARG00000021979	-0.0976049960067542	346	other	0.030052983583774864
ENSDARG00000021984	1.490931590108469	160	other	0.013897333449144445
ENSDARG00000021985	0.27276941640675195	656	other	0.05697906714149223
ENSDARG00000021987	0.42127370730353964	35	other	0.0030400416920003475
ENSDARG00000021991	1.5031860261135215	12	other	0.0010423000086858334
ENSDARG00000022007	-0.10857238621436857	1631	high zero count	0.1416659428472162
ENSDARG00000022020	0.12211868879246732	731	other	0.06349344219577868
ENSDARG00000022045	0.620590897429686	242	other	0.021019716841830974
ENSDARG00000022101	-0.2711622006834452	678	other	0.05888995049074959
ENSDARG00000022129	2.432674245416839	7	other	6.080083384000695e-4
ENSDARG00000022165	1.3892637601599487	144	other	0.01250760010423
ENSDARG00000022176	0.34265458549605504	466	other	0.040475983670633195
ENSDARG00000022177	0.0935410775450869	164	other	0.014244766785373057
ENSDARG00000022187	0.13924354464917973	474	other	0.04117085034309042
ENSDARG00000022203	0.9980337763583431	524	other	0.04551376704594806
ENSDARG00000022213	0.5717407889846727	110	other	0.009554416746286806
ENSDARG00000022218	-0.07632131751476805	544	other	0.04725093372709111
ENSDARG00000022232	0.6183221965689336	30	other	0.0026057500217145837
ENSDARG00000022254	0.4102396944180891	201	other	0.01745852514548771
ENSDARG00000022261	0.23392594473972517	1272	high zero count	0.11048380092069834
ENSDARG00000022295	0.04754511624358872	1037	other	0.09007209241726744
ENSDARG00000022303	1.1165966650319108	43	other	0.00373490836445757
ENSDARG00000022309	0.34056739188614	194	other	0.01685051680708764
ENSDARG00000022315	2.148478626870955	40	other	0.0034743333622861113
ENSDARG00000022340	0.8821224390723171	346	other	0.030052983583774864
ENSDARG00000022350	0.24186462995801106	198	other	0.01719795014331625
ENSDARG00000022372	0.5203896274603602	411	other	0.03569877529748979
ENSDARG00000022378	0.07018770667534192	688	other	0.05975853383132112
ENSDARG00000022399	0.6843606628839616	193	other	0.016763658473030487
ENSDARG00000022410	1.0145397476561142	10	other	8.685833405715278e-4
ENSDARG00000022413	0.048308739671702294	1732	high zero count	0.1504386345869886
ENSDARG00000022418	0.6512765938707992	16	other	0.0013897333449144446
ENSDARG00000022424	0.6415892831072474	806	other	0.07000781725006515
ENSDARG00000022430	0.8224165009007801	10	other	8.685833405715278e-4
ENSDARG00000022438	2.3245688292044453	13	other	0.0011291583427429862
ENSDARG00000022456	1.9755945392214576	233	other	0.020237991835316597
ENSDARG00000022466	0.10016321425818421	435	other	0.037783375314861464
ENSDARG00000022509	0.8677626942406194	2391	high zero count	0.2076782767306523
ENSDARG00000022525	-0.189187223360165	499	other	0.04334230869451924
ENSDARG00000022531	0.05289809540292241	458	other	0.03978111699817598
ENSDARG00000022532	-0.1732821876284209	1040	other	0.09033266741943889
ENSDARG00000022564	0.6800381455215848	235	other	0.020411708503430905
ENSDARG00000022569	0.38313996654090654	686	other	0.05958481716320681
ENSDARG00000022570	0.21299552977656933	419	other	0.036393641969947016
ENSDARG00000022599	0.8890575563096469	906	other	0.07869365065578042
ENSDARG00000022615	0.1327941790942778	3008	high zero count	0.26126986884391556
ENSDARG00000022623	0.1840085559531723	1790	high zero count	0.1554764179623035
ENSDARG00000022648	0.28455888043632693	998	other	0.08668461738903847
ENSDARG00000022652	0.21076393075088357	321	other	0.027881525232346042
ENSDARG00000022659	0.8198721960974598	170	other	0.014765916789715974
ENSDARG00000022660	-0.1877926768545021	1031	other	0.08955094241292452
ENSDARG00000022668	0.9087852005376486	1685	high zero count	0.14635629288630245
ENSDARG00000022684	2.7964340251800244	3	other	2.6057500217145836e-4
ENSDARG00000022690	0.7839111706809618	481	other	0.04177885868149049
ENSDARG00000022698	-0.07272587278168612	1529	high zero count	0.1328063927733866
ENSDARG00000022712	0.36993390033160284	35	other	0.0030400416920003475
ENSDARG00000022718	-0.04635141296182581	153	other	0.013289325110744377
ENSDARG00000022767	1.5372014871655633	388	other	0.03370103361417528
ENSDARG00000022768	0.49586784672218	59	other	0.005124641709372014
ENSDARG00000022772	0.17283552600648588	1302	high zero count	0.11308955094241292
ENSDARG00000022788	1.0493562278169144	93	other	0.00807782506731521
ENSDARG00000022795	-0.05739689657819194	302	other	0.02623121688526014
ENSDARG00000022807	1.0268193513234343	1285	high zero count	0.11161295926344132
ENSDARG00000022810	0.34435384233771665	1162	high zero count	0.10092938417441154
ENSDARG00000022817	0.30166315523401277	2737	high zero count	0.23773126031442718
ENSDARG00000022832	0.24376740914390388	703	other	0.06106140884217841
ENSDARG00000022845	0.3727417579953139	401	other	0.03483019195691826
ENSDARG00000022891	0.906194001654782	290	other	0.02518891687657431
ENSDARG00000022895	-0.167779907169113	476	other	0.04134456701120472
ENSDARG00000022918	0.22306592555147337	1258	high zero count	0.1092677842438982
ENSDARG00000022939	0.33681669849846485	229	other	0.01989055849908799
ENSDARG00000022944	0.22405980677602846	1740	high zero count	0.15113350125944586
ENSDARG00000022952	0.4200299422520564	70	other	0.006080083384000695
ENSDARG00000022968	0.8685236429946261	19	other	0.0016503083470859028
ENSDARG00000022970	1.4567441523768154	42	other	0.003648050030400417
ENSDARG00000022971	-0.037117936989969784	334	other	0.02901068357508903
ENSDARG00000022974	0.1749833446319272	988	other	0.08581603404846695
ENSDARG00000022978	0.22655245296682744	193	other	0.016763658473030487
ENSDARG00000022983	0.6532695515497657	2901	high zero count	0.2519760270998002
ENSDARG00000022995	1.4979266954479968	11	other	9.554416746286806e-4
ENSDARG00000022996	-0.06883417215002414	1490	high zero count	0.12941891774515765
ENSDARG00000023002	0.28877222616320614	2175	high zero count	0.1889168765743073
ENSDARG00000023003	0.983509960238204	62	other	0.0053852167115434725
ENSDARG00000023026	-0.04668780922421158	1541	high zero count	0.13384869278207245
ENSDARG00000023028	1.5578952284654637	9	other	7.81725006514375e-4
ENSDARG00000023031	0.03343843304019605	2348	high zero count	0.20394336836619473
ENSDARG00000023036	-0.2039782765023826	340	other	0.029531833579431947
ENSDARG00000023040	-0.0038785457639711673	61	other	0.0052983583774863195
ENSDARG00000023053	-0.17997653545515174	444	other	0.038565100321375834
ENSDARG00000023058	0.3321133406509033	46	other	0.003995483366629028
ENSDARG00000023062	0.44610561642620755	485	other	0.0421262920177191
ENSDARG00000023082	0.2734969037533155	1934	high zero count	0.16798401806653349
ENSDARG00000023104	0.30198461155306494	291	other	0.02527577521063146
ENSDARG00000023110	0.16480455006168843	135	other	0.011725875097715626
ENSDARG00000023111	0.4378310472404143	282	other	0.024494050204117084
ENSDARG00000023117	0.05227110588429082	550	other	0.04777208373143403
ENSDARG00000023151	0.8635937129536014	732	other	0.06358030052983583
ENSDARG00000023152	0.10156658383581009	1304	high zero count	0.11326326761052723
ENSDARG00000023157	-0.06995584886653802	1721	high zero count	0.14948319291235995
ENSDARG00000023160	0.61538831632231	81	other	0.007035525058629376
ENSDARG00000023174	1.8860642437174935	1722	high zero count	0.1495700512464171
ENSDARG00000023181	0.19467696028041542	2908	high zero count	0.2525840354382003
ENSDARG00000023185	-0.1268662326117044	1541	high zero count	0.13384869278207245
ENSDARG00000023188	1.7250831495835695	701	other	0.060887692174064104
ENSDARG00000023190	1.828751750383806	5	other	4.342916702857639e-4
ENSDARG00000023214	0.20736104554393223	384	other	0.03335360027794667
ENSDARG00000023217	-0.02959352134057174	1334	high zero count	0.11586901763224182
ENSDARG00000023220	1.2967522169661487	65	other	0.005645791713714931
ENSDARG00000023228	0.9578704793740581	523	other	0.04542690871189091
ENSDARG00000023237	0.0905498304897467	112	other	0.009728133414401112
ENSDARG00000023279	1.0630918692700224	81	other	0.007035525058629376
ENSDARG00000023287	0.039345779982340734	1073	high zero count	0.09319899244332494
ENSDARG00000023290	2.487129287090605	10	other	8.685833405715278e-4
ENSDARG00000023298	2.8351260553541797	3	other	2.6057500217145836e-4
ENSDARG00000023299	1.4013441373074331	451	other	0.039173108659775906
ENSDARG00000023303	0.5836013113015446	42	other	0.003648050030400417
ENSDARG00000023309	0.32005203376585706	230	other	0.01997741683314514
ENSDARG00000023316	-0.09608172057521072	307	other	0.026665508555545905
ENSDARG00000023318	0.2995649953585838	301	other	0.02614435855120299
ENSDARG00000023323	2.2821296541735587	1	other	8.685833405715279e-5
ENSDARG00000023330	1.608956934753633	1	other	8.685833405715279e-5
ENSDARG00000023362	-0.10339162463499992	3244	high zero count	0.28176843568140364
ENSDARG00000023394	1.3674380698586497	9	other	7.81725006514375e-4
ENSDARG00000023396	0.38415825108178675	487	other	0.042300008685833404
ENSDARG00000023443	0.3777161469024183	263	other	0.022843741857031183
ENSDARG00000023445	0.18978288413040806	444	other	0.038565100321375834
ENSDARG00000023472	1.6814346992386768	6	other	5.211500043429167e-4
ENSDARG00000023495	-0.05341028574110011	195	other	0.01693737514114479
ENSDARG00000023498	0.5008001094816801	1334	high zero count	0.11586901763224182
ENSDARG00000023508	0.013035636328894776	513	other	0.04455832537131938
ENSDARG00000023532	0.9267601457297542	20	other	0.0017371666811430556
ENSDARG00000023536	1.4186985806633978	8	other	6.948666724572223e-4
ENSDARG00000023542	-0.2708963905744751	814	other	0.07070268392252237
ENSDARG00000023578	0.32131917277694766	121	other	0.010509858420915487
ENSDARG00000023583	0.7890790729749471	262	other	0.02275688352297403
ENSDARG00000023584	0.14476283960676317	1551	high zero count	0.13471727612264398
ENSDARG00000023587	-0.08374130387683766	2395	high zero count	0.20802571006688092
ENSDARG00000023591	0.5309013761182582	289	other	0.025102058542517156
ENSDARG00000023600	0.8655654488736881	1064	high zero count	0.09241726743681056
ENSDARG00000023609	-0.19155145210943425	2010	high zero count	0.1745852514548771
ENSDARG00000023627	0.24002539551117436	213	other	0.018500825154173544
ENSDARG00000023645	0.228394806051182	58	other	0.005037783375314861
ENSDARG00000023648	0.4085341097275397	181	other	0.015721358464344654
ENSDARG00000023659	-0.12780209750111038	1530	high zero count	0.13289325110744377
ENSDARG00000023672	0.02763371338410512	418	other	0.036306783635889864
ENSDARG00000023678	-0.07899300990104055	95	other	0.008251541735429515
ENSDARG00000023694	0.2991883773109723	441	other	0.03830452531920438
ENSDARG00000023703	1.4718258583333668	296	other	0.025710066880917225
ENSDARG00000023712	0.1741258968767104	566	other	0.04916181707634847
ENSDARG00000023713	0.7922975503634254	1247	high zero count	0.10831234256926953
ENSDARG00000023724	0.7688738576057877	295	other	0.025623208546860073
ENSDARG00000023759	0.04308182039486903	711	other	0.06175627551463563
ENSDARG00000023766	0.6513507385895912	943	other	0.08190740901589508
ENSDARG00000023797	-0.20285480737673048	529	other	0.04594805871623382
ENSDARG00000023814	0.20474982650322474	21	other	0.0018240250152002084
ENSDARG00000023815	0.01267884831439268	398	other	0.03456961695474681
ENSDARG00000023820	0.6382480229400836	1268	high zero count	0.11013636758446974
ENSDARG00000023840	-0.05847410635695714	1892	high zero count	0.16433596803613307
ENSDARG00000023852	1.515979150583714	62	other	0.0053852167115434725
ENSDARG00000023858	0.2783252542143249	345	other	0.02996612524971771
ENSDARG00000023861	0.7216649524168999	1573	high zero count	0.13662815947190132
ENSDARG00000023868	0.042404339666442796	122	other	0.010596716754972639
ENSDARG00000023878	0.54381152951613	129	other	0.01120472509337271
ENSDARG00000023886	-0.03785740056624833	1313	high zero count	0.11404499261704161
ENSDARG00000023920	0.8114612771249144	3	other	2.6057500217145836e-4
ENSDARG00000023927	-0.07872437913975965	583	other	0.05063840875532007
ENSDARG00000023950	0.1868346811361185	1520	high zero count	0.13202466776687224
ENSDARG00000023952	0.23580602712436802	260	other	0.022583166854859723
ENSDARG00000023958	0.216473427515343	206	other	0.017892816815773472
ENSDARG00000023963	1.1089689949267594	49	other	0.004256058368800487
ENSDARG00000023967	1.2750067210574396	278	other	0.024146616867888476
ENSDARG00000023988	0.9270757919679093	47	other	0.004082341700686181
ENSDARG00000023989	0.3298387011080886	675	other	0.05862937548857813
ENSDARG00000023999	-0.05305415464343991	448	other	0.03891253365760445
ENSDARG00000024017	0.11655330259871062	1982	high zero count	0.17215321810127682
ENSDARG00000024026	0.22345550991881882	326	other	0.028315816902631807
ENSDARG00000024030	-0.023632429839525095	323	other	0.02805524190046035
ENSDARG00000024047	1.0325033618391972	728	other	0.06323286719360723
ENSDARG00000024090	0.15915283810067363	184	other	0.01598193346651611
ENSDARG00000024101	0.38492868600638996	848	other	0.07365586728046557
ENSDARG00000024109	1.6306349903974997	67	other	0.005819508381829237
ENSDARG00000024112	0.19828176117676571	171	other	0.014852775123773126
ENSDARG00000024116	0.6242144102495304	909	other	0.07895422565795188
ENSDARG00000024124	0.3925148622560332	102	other	0.008859550073829584
ENSDARG00000024141	0.386224799205531	1612	high zero count	0.1400156345001303
ENSDARG00000024160	0.28491706472926925	1250	high zero count	0.10857291757144098
ENSDARG00000024184	0.4073839453792683	303	other	0.026318075219317293
ENSDARG00000024195	0.5475604346153479	125	other	0.010857291757144097
ENSDARG00000024204	0.3548827831540768	207	other	0.017979675149830628
ENSDARG00000024209	1.2944598314800386	12	other	0.0010423000086858334
ENSDARG00000024219	-0.034194586390688245	298	other	0.02588378354903153
ENSDARG00000024229	0.263605210245626	751	other	0.06523060887692174
ENSDARG00000024276	0.7075109737264654	170	other	0.014765916789715974
ENSDARG00000024277	0.5409720520821752	1497	high zero count	0.13002692608355773
ENSDARG00000024278	1.0833831432360035	45	other	0.0039086250325718755
ENSDARG00000024295	0.9316322581026296	18	other	0.00156345001302875
ENSDARG00000024299	0.2663006450583858	1321	high zero count	0.11473985928949883
ENSDARG00000024306	0.09899982718256164	191	other	0.016589941804916183
ENSDARG00000024311	0.06311178780174109	1185	high zero count	0.10292712585772605
ENSDARG00000024314	1.2968207974701995	22	other	0.0019108833492573613
ENSDARG00000024317	0.6805083684104332	713	other	0.061929992182749936
ENSDARG00000024324	1.2471148970789039	20	other	0.0017371666811430556
ENSDARG00000024325	0.15621626814394715	22	other	0.0019108833492573613
ENSDARG00000024365	-0.2194171286128743	1881	high zero count	0.16338052636150438
ENSDARG00000024381	0.18386555757079145	212	other	0.018413966820116392
ENSDARG00000024398	1.0265939666200103	41	other	0.0035611916963432643
ENSDARG00000024416	0.5308393619578705	19	other	0.0016503083470859028
ENSDARG00000024433	0.8276858987673218	859	other	0.07461130895509424
ENSDARG00000024443	0.6898860948977961	31	other	0.0026926083557717363
ENSDARG00000024465	0.8759861839579455	110	other	0.009554416746286806
ENSDARG00000024471	0.06908117395430276	2074	high zero count	0.18014418483453487
ENSDARG00000024478	1.7412905847100233	59	other	0.005124641709372014
ENSDARG00000024488	0.22710032844428557	62	other	0.0053852167115434725
ENSDARG00000024492	0.5079582227292253	459	other	0.03986797533223313
ENSDARG00000024522	0.21188031117392997	1113	high zero count	0.09667332580561105
ENSDARG00000024537	0.3676655212794664	1707	high zero count	0.1482671762355598
ENSDARG00000024540	1.3312586491683143	161	other	0.013984191783201599
ENSDARG00000024548	0.8400153439338137	1505	high zero count	0.13072179275601495
ENSDARG00000024560	-0.16644645367413383	616	other	0.053504733779206115
ENSDARG00000024561	1.253431116874683	28	other	0.002432033353600278
ENSDARG00000024564	0.34377543011257483	1117	high zero count	0.09702075914183966
ENSDARG00000024598	0.4360172112866252	488	other	0.042386867019890556
ENSDARG00000024602	0.06019416169051897	328	other	0.028489533570746114
ENSDARG00000024642	0.22152262694608063	53	other	0.004603491705029098
ENSDARG00000024651	1.361993315606857	38	other	0.0033006166941718057
ENSDARG00000024654	0.14434013671718623	1137	high zero count	0.09875792582298272
ENSDARG00000024669	0.9729735760401427	96	other	0.008338400069486667
ENSDARG00000024681	0.18738990243424652	375	other	0.03257187527143229
ENSDARG00000024687	0.19671809912175645	532	other	0.04620863371840528
ENSDARG00000024693	0.6690059951009973	714	other	0.06201685051680709
ENSDARG00000024694	0.6132211154495233	51	other	0.004429775036914792
ENSDARG00000024717	0.41113506694687296	735	other	0.06384087553200729
ENSDARG00000024728	0.07618808499013846	92	other	0.007990966733258055
ENSDARG00000024746	1.0596058380025306	39	other	0.0033874750282289587
ENSDARG00000024759	0.6802668566118542	2045	high zero count	0.17762529314687744
ENSDARG00000024775	-0.22942585323503603	1871	high zero count	0.16251194302093286
ENSDARG00000024785	0.2930776146691745	88	other	0.007643533397029445
ENSDARG00000024815	0.20965758396778073	706	other	0.061321983844349864
ENSDARG00000024818	-0.010532959948696945	557	other	0.0483800920698341
ENSDARG00000024828	0.7288292068008718	32	other	0.0027794666898288893
ENSDARG00000024829	0.5621722890768625	1070	high zero count	0.09293841744115348
ENSDARG00000024844	1.6356553090780523	8	other	6.948666724572223e-4
ENSDARG00000024846	0.7323968616136312	83	other	0.007209241726743681
ENSDARG00000024865	-0.13842421569547342	393	other	0.034135325284461046
ENSDARG00000024874	0.3458902868526974	77	other	0.006688091722400764
ENSDARG00000024877	0.9312118677880838	29	other	0.0025188916876574307
ENSDARG00000024894	-0.14378455624279216	3111	high zero count	0.2702162772518023
ENSDARG00000024895	0.728281292437646	21	other	0.0018240250152002084
ENSDARG00000024904	0.14206549993055437	1840	high zero count	0.15981933466516113
ENSDARG00000024920	0.32752618520296245	461	other	0.040041692000347434
ENSDARG00000024933	0.5274873864040106	505	other	0.04386345869886216
ENSDARG00000024940	0.2569553127396996	199	other	0.017284808477373403
ENSDARG00000024954	0.8209331270087618	515	other	0.044732042039433685
ENSDARG00000024964	-0.011917746014865028	813	other	0.07061582558846521
ENSDARG00000024966	0.9379096015629454	128	other	0.011117866759315557
ENSDARG00000024967	0.0731419141469497	2266	high zero count	0.1968209849735082
ENSDARG00000025011	0.7072878155200776	514	other	0.04464518370537653
ENSDARG00000025012	0.3729337148400816	2110	high zero count	0.18327108486059238
ENSDARG00000025032	0.6091393822162563	64	other	0.005558933379657779
ENSDARG00000025033	0.9152432249442275	27	other	0.002345175019543125
ENSDARG00000025034	1.6018207003274954	799	other	0.06939980891166507
ENSDARG00000025043	0.1765093279561414	1853	high zero count	0.16094849300790412
ENSDARG00000025071	0.8886642103701148	28	other	0.002432033353600278
ENSDARG00000025073	3.446171825939042	1	other	8.685833405715279e-5
ENSDARG00000025074	0.8961443385257494	165	other	0.01433162511943021
ENSDARG00000025076	0.6884470422455947	38	other	0.0033006166941718057
ENSDARG00000025081	0.338881924865569	103	other	0.008946408407886736
ENSDARG00000025091	1.283994077908303	5	other	4.342916702857639e-4
ENSDARG00000025094	0.6361643279489344	142	other	0.012333883436115696
ENSDARG00000025106	0.18489556585086728	721	other	0.06262485885520716
ENSDARG00000025108	-0.2266942066567143	529	other	0.04594805871623382
ENSDARG00000025131	-0.06588419151814687	1219	high zero count	0.10588030921566924
ENSDARG00000025147	2.4105679096670034	91	other	0.007904108399200903
ENSDARG00000025174	0.18718960858197942	2762	high zero count	0.239902718665856
ENSDARG00000025187	-0.2175291213307472	1115	high zero count	0.09684704247372536
ENSDARG00000025206	-0.03418898151481699	856	other	0.07435073395292278
ENSDARG00000025212	0.43018513565318983	47	other	0.004082341700686181
ENSDARG00000025220	1.2932418898912683	715	other	0.06210370885086424
ENSDARG00000025226	-0.13478676125975508	1765	high zero count	0.15330495961087467
ENSDARG00000025233	0.026748008281468123	1220	high zero count	0.10596716754972639
ENSDARG00000025254	1.763220299002531	263	other	0.022843741857031183
ENSDARG00000025269	1.0233200862046858	61	other	0.0052983583774863195
ENSDARG00000025301	0.5190098989357343	362	other	0.03144271692868931
ENSDARG00000025302	0.34758845563862945	1043	other	0.09059324242161035
ENSDARG00000025309	-0.04835004244437356	1438	high zero count	0.1249022843741857
ENSDARG00000025325	0.047025296258615866	1584	high zero count	0.13758360114653
ENSDARG00000025326	1.0895953416041104	56	other	0.004864066707200556
ENSDARG00000025332	0.7123917309551983	71	other	0.006166941718057848
ENSDARG00000025338	0.9180006122304134	607	other	0.05272300877269174
ENSDARG00000025340	0.6066071682561915	114	other	0.009901850082515417
ENSDARG00000025346	0.2714306134923641	1975	high zero count	0.17154520976287674
ENSDARG00000025348	0.767472840654974	183	other	0.01589507513245896
ENSDARG00000025350	2.3066925907930003	14	other	0.001216016676800139
ENSDARG00000025372	-0.024305860975212517	270	other	0.02345175019543125
ENSDARG00000025375	1.2684864711953605	167	other	0.014505341787544515
ENSDARG00000025383	0.34544400318174145	2283	high zero count	0.1982975766524798
ENSDARG00000025391	0.8719944822900964	27	other	0.002345175019543125
ENSDARG00000025397	1.4664013383570622	58	other	0.005037783375314861
ENSDARG00000025403	0.18019111578167168	56	other	0.004864066707200556
ENSDARG00000025404	1.0401068611294262	1319	high zero count	0.11456614262138452
ENSDARG00000025421	0.28069228916482597	37	other	0.003213758360114653
ENSDARG00000025436	0.19623404184195825	445	other	0.038651958655432986
ENSDARG00000025465	-0.06225105192365285	276	other	0.023972900199774168
ENSDARG00000025467	0.47370003630134666	152	other	0.013202466776687223
ENSDARG00000025495	0.17029238126879823	1074	high zero count	0.09328585077738209
ENSDARG00000025500	-0.1563197602594156	937	other	0.08138625901155216
ENSDARG00000025504	-0.0030791241770806556	1117	high zero count	0.09702075914183966
ENSDARG00000025507	0.1628060340764016	1199	high zero count	0.10414314253452618
ENSDARG00000025518	0.4424292570961565	883	other	0.0766959089724659
ENSDARG00000025522	1.3140814517094328	154	other	0.013376183444801529
ENSDARG00000025535	0.9702440685284324	10	other	8.685833405715278e-4
ENSDARG00000025549	0.4168033474523935	147	other	0.012768175106401458
ENSDARG00000025554	1.3898155931367506	40	other	0.0034743333622861113
ENSDARG00000025566	2.758959448840841	1	other	8.685833405715279e-5
ENSDARG00000025567	0.32357027564744584	241	other	0.02093285850777382
ENSDARG00000025576	0.5478719055397667	442	other	0.03839138365326153
ENSDARG00000025577	0.11240862514898166	780	other	0.06774950056457917
ENSDARG00000025593	0.34771356863777486	63	other	0.0054720750456006256
ENSDARG00000025605	0.3079119676124382	299	other	0.02597064188308868
ENSDARG00000025641	0.47816687098544164	62	other	0.0053852167115434725
ENSDARG00000025670	0.9795450902007606	261	other	0.022670025188916875
ENSDARG00000025671	-0.19295165208290152	1330	high zero count	0.1155215842960132
ENSDARG00000025679	-0.09727090631842114	951	other	0.0826022756883523
ENSDARG00000025693	0.5824618127735979	49	other	0.004256058368800487
ENSDARG00000025699	1.0427782258864304	47	other	0.004082341700686181
ENSDARG00000025703	-0.12200870363083369	1707	high zero count	0.1482671762355598
ENSDARG00000025718	0.3782964646010301	205	other	0.01780595848171632
ENSDARG00000025728	0.5430695166090856	917	other	0.07964909233040911
ENSDARG00000025754	0.6916611334573842	42	other	0.003648050030400417
ENSDARG00000025757	0.1514866731446404	1466	high zero count	0.12733431772778597
ENSDARG00000025766	0.03858209579017301	3029	high zero count	0.2630938938591158
ENSDARG00000025788	0.32371339307131114	2176	high zero count	0.18900373490836445
ENSDARG00000025789	0.8652336506622312	1	other	8.685833405715279e-5
ENSDARG00000025797	0.6316538185631715	1707	high zero count	0.1482671762355598
ENSDARG00000025808	0.05798376871578474	439	other	0.03813080865109007
ENSDARG00000025820	0.24308243654870895	1637	high zero count	0.14218709285155912
ENSDARG00000025824	0.2254955882843503	687	other	0.05967167549726396
ENSDARG00000025826	0.5024621090033426	354	other	0.030747850256232084
ENSDARG00000025850	3.4704553365861304	6	other	5.211500043429167e-4
ENSDARG00000025854	0.28224230716847704	84	other	0.007296100060800834
ENSDARG00000025855	0.8814423363113895	530	other	0.046034917050290974
ENSDARG00000025858	0.7759932270461681	15	other	0.0013028750108572918
ENSDARG00000025859	0.26376243452550013	150	other	0.013028750108572918
ENSDARG00000025889	1.001287309747998	35	other	0.0030400416920003475
ENSDARG00000025902	0.2180101228473103	1079	high zero count	0.09372014244766785
ENSDARG00000025904	0.9711449270669043	94	other	0.008164683401372361
ENSDARG00000025948	0.08962820010068895	765	other	0.06644662555372188
ENSDARG00000025953	0.2965271856021268	1699	high zero count	0.14757230956310258
ENSDARG00000025972	1.3229867168626488	63	other	0.0054720750456006256
ENSDARG00000025974	-0.16698519233441106	731	other	0.06349344219577868
ENSDARG00000025977	0.9803664787133268	30	other	0.0026057500217145837
ENSDARG00000026024	0.28822502812836603	1288	high zero count	0.11187353426561279
ENSDARG00000026035	0.19183104449025978	408	other	0.035438200295318335
ENSDARG00000026048	0.44932606090110955	4	other	3.4743333622861116e-4
ENSDARG00000026053	0.09192264267427548	209	other	0.018153391817944932
ENSDARG00000026068	0.7850909268810714	761	other	0.06609919221749327
ENSDARG00000026070	0.4654970356654242	43	other	0.00373490836445757
ENSDARG00000026072	1.3611183987701092	35	other	0.0030400416920003475
ENSDARG00000026084	-0.23412441570684708	524	other	0.04551376704594806
ENSDARG00000026090	0.10774091328389371	1978	high zero count	0.1718057847650482
ENSDARG00000026109	0.47198368832900056	635	other	0.05515504212629202
ENSDARG00000026137	0.5788229981706324	2035	high zero count	0.17675670980630592
ENSDARG00000026165	0.8731290188233187	75	other	0.006514375054286459
ENSDARG00000026170	-0.1495598056864655	366	other	0.03179015026491792
ENSDARG00000026178	0.03663598687156856	1159	high zero count	0.10066880917224008
ENSDARG00000026180	1.1665102877944746	1	other	8.685833405715279e-5
ENSDARG00000026183	1.2992779568766077	193	other	0.016763658473030487
ENSDARG00000026185	0.7597293034590628	194	other	0.01685051680708764
ENSDARG00000026198	0.5444095502773497	252	other	0.021888300182402502
ENSDARG00000026224	0.10299504361953357	280	other	0.02432033353600278
ENSDARG00000026225	0.46336392770410717	44	other	0.0038217666985147225
ENSDARG00000026236	0.22322972003024205	796	other	0.06913923390949361
ENSDARG00000026281	0.0029589305987994647	188	other	0.016329366802744723
ENSDARG00000026296	0.2664295815176126	1823	high zero count	0.15834274298618953
ENSDARG00000026322	0.40286571720886205	1615	high zero count	0.14027620950230174
ENSDARG00000026333	-0.14948835668693816	853	other	0.07409015895075133
ENSDARG00000026335	0.07497504068796924	1838	high zero count	0.15964561799704682
ENSDARG00000026350	0.25722213069783123	2237	high zero count	0.19430209328585077
ENSDARG00000026369	1.3099683571179044	15	other	0.0013028750108572918
ENSDARG00000026387	0.09544238735988582	981	other	0.08520802571006689
ENSDARG00000026395	-3.877414246222877e-4	797	other	0.06922609224355077
ENSDARG00000026444	0.16820407299469275	1655	high zero count	0.14375054286458785
ENSDARG00000026448	0.4885595284205395	154	other	0.013376183444801529
ENSDARG00000026453	0.10321803738401893	57	other	0.004950925041257708
ENSDARG00000026454	0.1767516237906274	90	other	0.007817250065143751
ENSDARG00000026473	0.3843573910180056	278	other	0.024146616867888476
ENSDARG00000026476	1.767405303100879	22	other	0.0019108833492573613
ENSDARG00000026482	0.5892823497043083	123	other	0.010683575089029793
ENSDARG00000026484	0.20747653294612525	2631	high zero count	0.22852427690436897
ENSDARG00000026489	1.6797328758767822	4	other	3.4743333622861116e-4
ENSDARG00000026505	0.5248062956544522	1170	high zero count	0.10162425084686875
ENSDARG00000026513	0.004050218242456809	1885	high zero count	0.163727959697733
ENSDARG00000026519	0.4445917956455853	25	other	0.0021714583514288194
ENSDARG00000026531	0.9037770484301064	106	other	0.009206983410058196
ENSDARG00000026540	0.8117616906922275	53	other	0.004603491705029098
ENSDARG00000026577	0.8282063633199587	598	other	0.05194128376617736
ENSDARG00000026582	0.9133401779097369	1352	high zero count	0.11743246764527056
ENSDARG00000026595	0.939198556850127	11	other	9.554416746286806e-4
ENSDARG00000026599	0.23354912721191334	1750	high zero count	0.15200208460001738
ENSDARG00000026611	0.5668814170828901	1091	high zero count	0.0947624424563537
ENSDARG00000026629	0.566182518085653	107	other	0.009293841744115348
ENSDARG00000026630	0.7204885983471616	120	other	0.010423000086858335
ENSDARG00000026634	0.2974450705164715	31	other	0.0026926083557717363
ENSDARG00000026654	0.7447011882245335	492	other	0.04273430035611917
ENSDARG00000026655	0.9141794759796276	93	other	0.00807782506731521
ENSDARG00000026664	0.8245476171302188	50	other	0.004342916702857639
ENSDARG00000026680	0.4320939062689487	24	other	0.002084600017371667
ENSDARG00000026682	0.1162434824877172	121	other	0.010509858420915487
ENSDARG00000026701	0.2625047222928512	1265	high zero count	0.10987579258229827
ENSDARG00000026712	1.7308689447815244	5	other	4.342916702857639e-4
ENSDARG00000026723	1.1703792339226153	37	other	0.003213758360114653
ENSDARG00000026726	2.0803457257331526	108	other	0.0093807000781725
ENSDARG00000026736	-0.016958760427887323	554	other	0.04811951706766264
ENSDARG00000026753	-0.17198546540809412	1657	high zero count	0.14392425953270216
ENSDARG00000026762	0.0540325605326349	236	other	0.020498566837488057
ENSDARG00000026766	1.0119976374573296	524	other	0.04551376704594806
ENSDARG00000026767	0.8302277151603357	47	other	0.004082341700686181
ENSDARG00000026784	0.596778495982276	45	other	0.0039086250325718755
ENSDARG00000026787	-0.18742714458719786	1142	high zero count	0.09919221749326848
ENSDARG00000026801	1.0861922684988539	9	other	7.81725006514375e-4
ENSDARG00000026806	0.6037211967823788	44	other	0.0038217666985147225
ENSDARG00000026829	2.000383356634149	23	other	0.001997741683314514
ENSDARG00000026834	0.3537777879077304	2264	high zero count	0.1966472683053939
ENSDARG00000026839	0.5839088587315916	337	other	0.029271258577260487
ENSDARG00000026840	-0.0754393579404726	1552	high zero count	0.1348041344567011
ENSDARG00000026842	0.419927621141022	2	other	1.7371666811430558e-4
ENSDARG00000026845	1.5820364286280697	57	other	0.004950925041257708
ENSDARG00000026862	0.8128367793709285	204	other	0.017719100147659168
ENSDARG00000026865	1.201177681391658	108	other	0.0093807000781725
ENSDARG00000026871	0.9213335951333042	537	other	0.046642925388691046
ENSDARG00000026875	0.6327057464200109	170	other	0.014765916789715974
ENSDARG00000026882	0.4793346333305383	835	other	0.07252670893772258
ENSDARG00000026892	0.60807141914854	201	other	0.01745852514548771
ENSDARG00000026902	0.2830019682513345	1015	other	0.08816120906801007
ENSDARG00000026907	0.42069475962382663	1265	high zero count	0.10987579258229827
ENSDARG00000026908	2.3129142335882276	3	other	2.6057500217145836e-4
ENSDARG00000026941	0.16069965629474212	857	other	0.07443759228697994
ENSDARG00000026967	1.4213022306395793	52	other	0.004516633370971945
ENSDARG00000026985	0.739041401356311	15	other	0.0013028750108572918
ENSDARG00000026986	-0.0803112709665217	161	other	0.013984191783201599
ENSDARG00000027009	0.6143748200292688	1119	high zero count	0.09719447580995397
ENSDARG00000027016	0.5379306853221301	22	other	0.0019108833492573613
ENSDARG00000027017	-0.008454223664495436	329	other	0.028576391904803267
ENSDARG00000027041	0.4529171327087178	558	other	0.048466950403891255
ENSDARG00000027046	0.5489701592658144	1162	high zero count	0.10092938417441154
ENSDARG00000027063	0.7259888506465091	2028	high zero count	0.17614870146790584
ENSDARG00000027065	1.4410210422389167	197	other	0.0171110918092591
ENSDARG00000027078	1.1277147786702075	19	other	0.0016503083470859028
ENSDARG00000027088	1.6052561734083168	452	other	0.03925996699383306
ENSDARG00000027099	1.7590993037889222	6	other	5.211500043429167e-4
ENSDARG00000027112	0.6489994798721421	1477	high zero count	0.12828975940241466
ENSDARG00000027129	0.38712120653351517	2051	high zero count	0.17814644315122036
ENSDARG00000027131	-0.21255455955593025	394	other	0.0342221836185182
ENSDARG00000027141	1.1149516333116574	9	other	7.81725006514375e-4
ENSDARG00000027143	-0.17778463818647997	1324	high zero count	0.11500043429167028
ENSDARG00000027154	0.8764957932386034	207	other	0.017979675149830628
ENSDARG00000027172	0.3428428025379395	51	other	0.004429775036914792
ENSDARG00000027182	0.8166494718506503	84	other	0.007296100060800834
ENSDARG00000027183	0.2827077200987181	3027	high zero count	0.26292017719100147
ENSDARG00000027187	0.841632694169891	137	other	0.011899591765829932
ENSDARG00000027196	-0.048820596441697	851	other	0.07391644228263702
ENSDARG00000027199	0.20231512628800258	312	other	0.02709980022583167
ENSDARG00000027200	1.3441211767177879	81	other	0.007035525058629376
ENSDARG00000027222	0.8040324114126022	271	other	0.023538608529488404
ENSDARG00000027234	0.1287457271798223	1283	high zero count	0.11143924259532702
ENSDARG00000027249	2.0084076868520166	20	other	0.0017371666811430556
ENSDARG00000027279	0.28980948722610556	45	other	0.0039086250325718755
ENSDARG00000027310	0.6352407646904272	87	other	0.007556675062972292
ENSDARG00000027316	0.8880237568122367	703	other	0.06106140884217841
ENSDARG00000027322	0.6756239413712914	13	other	0.0011291583427429862
ENSDARG00000027345	0.4100115691832208	1080	high zero count	0.093807000781725
ENSDARG00000027353	0.15808949070850484	242	other	0.021019716841830974
ENSDARG00000027355	0.9512528970637704	2166	high zero count	0.18813515156779292
ENSDARG00000027357	0.6881185933027762	32	other	0.0027794666898288893
ENSDARG00000027394	1.0915069278039067	280	other	0.02432033353600278
ENSDARG00000027397	0.5550240731246239	8	other	6.948666724572223e-4
ENSDARG00000027403	0.26410205500798	88	other	0.007643533397029445
ENSDARG00000027418	0.4229116487254062	577	other	0.05011725875097715
ENSDARG00000027419	0.7941115078568647	380	other	0.03300616694171806
ENSDARG00000027423	0.04236703743462545	3689	high zero count	0.3204203943368366
ENSDARG00000027428	0.09930628450318153	1018	other	0.08842178407018153
ENSDARG00000027461	0.06978318505562651	1992	high zero count	0.17302180144184834
ENSDARG00000027465	0.2271186815365561	1629	high zero count	0.1414922261791019
ENSDARG00000027469	0.24831646078836084	1728	high zero count	0.15009120125076
ENSDARG00000027491	0.19652240041168662	375	other	0.03257187527143229
ENSDARG00000027495	0.5582194779605127	1475	high zero count	0.12811604273430036
ENSDARG00000027500	0.17833043578572233	49	other	0.004256058368800487
ENSDARG00000027501	0.15156612428894423	517	other	0.04490575870754799
ENSDARG00000027529	0.6586335526264034	473	other	0.04108399200903327
ENSDARG00000027547	0.04812810503471582	257	other	0.022322591852688266
ENSDARG00000027552	0.5372500951555635	202	other	0.017545383479544863
ENSDARG00000027572	0.13711706074280072	2001	high zero count	0.17380352644836272
ENSDARG00000027582	0.5119093342263852	646	other	0.0561104838009207
ENSDARG00000027586	0.3622008826986533	198	other	0.01719795014331625
ENSDARG00000027589	0.7079609116040108	224	other	0.019456266828802225
ENSDARG00000027590	1.895537834830392	58	other	0.005037783375314861
ENSDARG00000027595	0.7345653585873021	259	other	0.02249630852080257
ENSDARG00000027600	0.44285681833863866	630	other	0.05472075045600625
ENSDARG00000027609	-0.07465620789250843	426	other	0.03700165030834709
ENSDARG00000027611	0.5981495675317031	155	other	0.013463041778858681
ENSDARG00000027618	-0.07923877763851556	1547	high zero count	0.13436984278641537
ENSDARG00000027638	0.0029036988044232577	1687	high zero count	0.14653000955441675
ENSDARG00000027649	1.107056183710138	39	other	0.0033874750282289587
ENSDARG00000027687	0.23097099233411492	2256	high zero count	0.19595240163293667
ENSDARG00000027689	0.2603470247685932	211	other	0.018327108486059236
ENSDARG00000027734	2.0902569013494947	5	other	4.342916702857639e-4
ENSDARG00000027738	0.7836039535351286	27	other	0.002345175019543125
ENSDARG00000027740	0.7683826499164772	911	other	0.07912794232606618
ENSDARG00000027744	0.5499897843670457	2002	high zero count	0.17389038478241986
ENSDARG00000027749	0.40936214376568164	38	other	0.0033006166941718057
ENSDARG00000027750	0.6688855413932374	167	other	0.014505341787544515
ENSDARG00000027803	0.7025148849184524	625	other	0.05428645878572049
ENSDARG00000027813	0.41138752781295057	23	other	0.001997741683314514
ENSDARG00000027825	1.1748316381549841	14	other	0.001216016676800139
ENSDARG00000027826	-0.19011134652389305	615	other	0.05341787544514896
ENSDARG00000027828	0.3555712022154611	951	other	0.0826022756883523
ENSDARG00000027851	-0.09553828150870264	1347	high zero count	0.1169981759749848
ENSDARG00000027887	0.6797036491954631	1193	high zero count	0.10362199253018327
ENSDARG00000027899	1.614515715934864	11	other	9.554416746286806e-4
ENSDARG00000027903	-0.20208016648305607	1817	high zero count	0.15782159298184661
ENSDARG00000027915	0.5612825580145425	320	other	0.02779466689828889
ENSDARG00000027916	0.6047356451691099	40	other	0.0034743333622861113
ENSDARG00000027930	0.6083940912137765	953	other	0.0827759923564666
ENSDARG00000027938	0.23091994768500107	1030	other	0.08946408407886737
ENSDARG00000027940	-0.077467972600469	770	other	0.06688091722400764
ENSDARG00000027957	0.327267907282404	726	other	0.06305915052549292
ENSDARG00000027966	0.4728709035175011	368	other	0.03196386693303222
ENSDARG00000027978	0.7294436254905913	14	other	0.001216016676800139
ENSDARG00000027984	0.04750820701095241	916	other	0.07956223399635196
ENSDARG00000027986	0.33412678568984405	1455	high zero count	0.1263788760531573
ENSDARG00000028000	1.057291570508537	375	other	0.03257187527143229
ENSDARG00000028017	0.8733048098023057	389	other	0.03378789194823243
ENSDARG00000028027	0.47194716367839923	1594	high zero count	0.13845218448710153
ENSDARG00000028048	0.5448794202375372	1091	high zero count	0.0947624424563537
ENSDARG00000028053	-0.2620752084216965	398	other	0.03456961695474681
ENSDARG00000028058	0.21819905906161974	153	other	0.013289325110744377
ENSDARG00000028066	0.3553546970578811	2779	high zero count	0.2413793103448276
ENSDARG00000028067	0.6722409889217019	54	other	0.00469035003908625
ENSDARG00000028071	0.107227095189606	74	other	0.006427516720229306
ENSDARG00000028082	0.47984714411827994	1418	high zero count	0.12316511769304264
ENSDARG00000028086	0.7344464295004172	57	other	0.004950925041257708
ENSDARG00000028087	1.128250726558766	1358	high zero count	0.11795361764961348
ENSDARG00000028096	0.4235872411376996	1139	high zero count	0.09893164249109702
ENSDARG00000028098	0.6458942116703653	1192	high zero count	0.10353513419612612
ENSDARG00000028099	0.25942629668806677	3072	high zero count	0.26682880222357336
ENSDARG00000028106	1.1216977500280112	119	other	0.01033614175280118
ENSDARG00000028118	0.3279235288698827	467	other	0.04056284200469035
ENSDARG00000028119	2.449468011123181	4	other	3.4743333622861116e-4
ENSDARG00000028131	0.2532524417468752	176	other	0.01528706679405889
ENSDARG00000028148	0.03720057536293804	305	other	0.026491791887431598
ENSDARG00000028163	0.09815238486733964	2543	high zero count	0.22088074350733952
ENSDARG00000028173	0.231642674689649	263	other	0.022843741857031183
ENSDARG00000028198	2.076855121938674	8	other	6.948666724572223e-4
ENSDARG00000028201	0.7528211971554445	275	other	0.023886041865717016
ENSDARG00000028213	0.6548395561171414	72	other	0.006253800052115
ENSDARG00000028222	-0.1097687157839206	495	other	0.04299487535829063
ENSDARG00000028228	1.171662941072233	47	other	0.004082341700686181
ENSDARG00000028259	0.2689286262523364	367	other	0.03187700859897507
ENSDARG00000028275	0.3420305008496586	2069	high zero count	0.1797098931642491
ENSDARG00000028295	0.17468901427962652	56	other	0.004864066707200556
ENSDARG00000028306	-0.0038150090063338617	963	other	0.08364457569703813
ENSDARG00000028321	0.22281723380217086	2390	high zero count	0.20759141839659515
ENSDARG00000028322	0.29287485850797473	40	other	0.0034743333622861113
ENSDARG00000028327	1.6133811296700609	210	other	0.018240250152002084
ENSDARG00000028335	2.4007622607212697	1	other	8.685833405715279e-5
ENSDARG00000028336	0.45440339096917615	320	other	0.02779466689828889
ENSDARG00000028346	0.041458882171829546	832	other	0.07226613393555112
ENSDARG00000028354	0.2154933561354739	2505	high zero count	0.2175801268131677
ENSDARG00000028379	0.6502418172766934	125	other	0.010857291757144097
ENSDARG00000028386	0.3289661793078669	159	other	0.013810475115087293
ENSDARG00000028396	1.300471668382775	517	other	0.04490575870754799
ENSDARG00000028401	1.1129520666557189	852	other	0.07400330061669418
ENSDARG00000028431	1.1256858953803415	51	other	0.004429775036914792
ENSDARG00000028442	-0.17115277548184943	1694	high zero count	0.1471380178928168
ENSDARG00000028448	0.6061934787765767	82	other	0.007122383392686529
ENSDARG00000028475	0.3929527890030851	273	other	0.02371232519760271
ENSDARG00000028507	0.3331969599032982	177	other	0.015373925128116042
ENSDARG00000028517	0.2947130643092863	160	other	0.013897333449144445
ENSDARG00000028523	0.39138566604097896	770	other	0.06688091722400764
ENSDARG00000028533	0.8585867644743449	26	other	0.0022583166854859725
ENSDARG00000028539	0.5956981297514845	16	other	0.0013897333449144446
ENSDARG00000028542	1.622939993164891	15	other	0.0013028750108572918
ENSDARG00000028546	1.6788399781882837	26	other	0.0022583166854859725
ENSDARG00000028559	0.8609124789303495	212	other	0.018413966820116392
ENSDARG00000028581	0.5118801768558077	923	other	0.08017024233475202
ENSDARG00000028614	0.5270663507734833	55	other	0.004777208373143403
ENSDARG00000028618	1.0626342981509425	774	other	0.06722835056023625
ENSDARG00000028625	0.04524806192381419	1637	high zero count	0.14218709285155912
ENSDARG00000028661	0.42667138589535636	398	other	0.03456961695474681
ENSDARG00000028663	-0.0686912717965462	2946	high zero count	0.2558846521323721
ENSDARG00000028664	0.18899260431098142	2513	high zero count	0.21827499348562496
ENSDARG00000028676	0.6179766723755509	199	other	0.017284808477373403
ENSDARG00000028688	0.6355041747139176	132	other	0.011465300095544168
ENSDARG00000028699	0.7218625238949922	78	other	0.006774950056457917
ENSDARG00000028715	0.30077561731218566	822	other	0.07139755059497958
ENSDARG00000028721	0.37960766535269846	63	other	0.0054720750456006256
ENSDARG00000028731	0.21175101681387315	584	other	0.050725267089377225
ENSDARG00000028748	0.6052653764855231	4	other	3.4743333622861116e-4
ENSDARG00000028784	-0.009879759968830486	163	other	0.014157908451315903
ENSDARG00000028804	0.1676986228448482	942	other	0.08182055068183793
ENSDARG00000028815	0.17922288686596327	1596	high zero count	0.13862590115521584
ENSDARG00000028816	1.1772773675859174	497	other	0.04316859202640493
ENSDARG00000028824	1.0429983959623998	406	other	0.03526448362720403
ENSDARG00000028848	0.2961989996652051	25	other	0.0021714583514288194
ENSDARG00000028889	1.578811735106575	52	other	0.004516633370971945
ENSDARG00000028894	0.5854628033424895	43	other	0.00373490836445757
ENSDARG00000028896	0.2504318911265802	292	other	0.025362633544688613
ENSDARG00000028937	0.020708532735570887	1816	high zero count	0.15773473464778945
ENSDARG00000028949	0.1562970162282848	1049	high zero count	0.09111439242595328
ENSDARG00000028957	0.6006791308878329	152	other	0.013202466776687223
ENSDARG00000028971	0.380870578672286	6	other	5.211500043429167e-4
ENSDARG00000028976	0.07775113796937626	1031	other	0.08955094241292452
ENSDARG00000028982	0.703978341952367	32	other	0.0027794666898288893
ENSDARG00000029003	0.8720300064454245	179	other	0.015547641796230348
ENSDARG00000029011	0.8014110451052164	275	other	0.023886041865717016
ENSDARG00000029018	1.5947202720221731	333	other	0.02892382524103188
ENSDARG00000029019	0.07952493859006303	831	other	0.07217927560149397
ENSDARG00000029036	0.3706225158129333	279	other	0.024233475201945628
ENSDARG00000029043	0.08349621732269512	668	other	0.05802136715017806
ENSDARG00000029057	0.3480516634752851	335	other	0.029097541909146183
ENSDARG00000029058	1.690575592779312	25	other	0.0021714583514288194
ENSDARG00000029063	0.49260767421938584	3	other	2.6057500217145836e-4
ENSDARG00000029064	1.7752016126264702	7	other	6.080083384000695e-4
ENSDARG00000029069	0.971100057584155	2502	high zero count	0.21731955181099627
ENSDARG00000029071	-0.03522001154852604	174	other	0.015113350125944584
ENSDARG00000029072	1.0150726769456824	24	other	0.002084600017371667
ENSDARG00000029075	1.3466209840589585	38	other	0.0033006166941718057
ENSDARG00000029088	-0.13837196022463885	671	other	0.05828194215234952
ENSDARG00000029100	0.8524593566231545	110	other	0.009554416746286806
ENSDARG00000029105	0.679068321035786	421	other	0.03656735863806132
ENSDARG00000029107	0.6666490795284604	155	other	0.013463041778858681
ENSDARG00000029112	0.008917625227226823	1791	high zero count	0.15556327629636063
ENSDARG00000029114	0.48880604513650244	1569	high zero count	0.13628072613567271
ENSDARG00000029133	0.32289401612785695	9	other	7.81725006514375e-4
ENSDARG00000029146	0.21567893618808	23	other	0.001997741683314514
ENSDARG00000029157	0.895627740300769	275	other	0.023886041865717016
ENSDARG00000029168	-0.031981603800066	109	other	0.009467558412229654
ENSDARG00000029170	1.2769014489715158	15	other	0.0013028750108572918
ENSDARG00000029177	0.15639263081208224	2518	high zero count	0.2187092851559107
ENSDARG00000029179	-0.03047903369076289	1954	high zero count	0.16972118474767653
ENSDARG00000029204	0.6665205125583196	1454	high zero count	0.12629201771910015
ENSDARG00000029215	0.45251231275107767	64	other	0.005558933379657779
ENSDARG00000029232	-0.09648613805114169	1464	high zero count	0.12716060105967167
ENSDARG00000029234	-0.08095164324517054	468	other	0.040649700338747506
ENSDARG00000029242	0.061606079974021365	847	other	0.0735690089464084
ENSDARG00000029252	1.2961256973095931	17	other	0.0014765916789715972
ENSDARG00000029263	0.5618374430772685	400	other	0.03474333362286111
ENSDARG00000029290	1.0013245035606329	1205	high zero count	0.10466429253886911
ENSDARG00000029291	1.1050968477167893	10	other	8.685833405715278e-4
ENSDARG00000029292	0.702840793933566	90	other	0.007817250065143751
ENSDARG00000029296	0.4043323338306582	426	other	0.03700165030834709
ENSDARG00000029305	0.22287090435906395	1584	high zero count	0.13758360114653
ENSDARG00000029331	0.08880756066709115	3468	high zero count	0.30122470251020583
ENSDARG00000029353	0.8763236991785783	559	other	0.04855380873794841
ENSDARG00000029356	0.3406044762503002	616	other	0.053504733779206115
ENSDARG00000029370	-0.11756748586606423	1087	high zero count	0.09441500912012507
ENSDARG00000029372	0.18364020694404937	168	other	0.014592200121601668
ENSDARG00000029402	0.5788777711282435	49	other	0.004256058368800487
ENSDARG00000029406	0.5271791768596988	343	other	0.029792408581603404
ENSDARG00000029415	0.6906788346232156	359	other	0.03118214192651785
ENSDARG00000029439	0.41109187035916483	427	other	0.03708850864240424
ENSDARG00000029443	0.38073551007045425	167	other	0.014505341787544515
ENSDARG00000029445	1.3536856554610097	8	other	6.948666724572223e-4
ENSDARG00000029463	0.8766719705572623	135	other	0.011725875097715626
ENSDARG00000029472	0.9563511346515354	2	other	1.7371666811430558e-4
ENSDARG00000029474	0.3545700269320129	149	other	0.012941891774515765
ENSDARG00000029476	0.6588450724726335	1478	high zero count	0.12837661773647183
ENSDARG00000029479	-0.06180797754216127	378	other	0.03283245027360375
ENSDARG00000029480	0.03299193417102192	136	other	0.011812733431772778
ENSDARG00000029497	-0.14108425141046033	590	other	0.051246417093720145
ENSDARG00000029500	3.350036300295499	2	other	1.7371666811430558e-4
ENSDARG00000029501	0.26077218386505374	283	other	0.024580908538174236
ENSDARG00000029510	1.4869692183279408	148	other	0.012855033440458612
ENSDARG00000029524	0.4711080384943349	47	other	0.004082341700686181
ENSDARG00000029533	3.4990377612400505	5	other	4.342916702857639e-4
ENSDARG00000029544	0.3080998153029327	1736	high zero count	0.15078606792321722
ENSDARG00000029556	0.9350180873395301	5	other	4.342916702857639e-4
ENSDARG00000029581	-0.13852880429414421	1238	high zero count	0.10753061756275514
ENSDARG00000029587	0.2475790978193646	3209	high zero count	0.2787283939894033
ENSDARG00000029596	0.13904521661304878	945	other	0.08208112568400938
ENSDARG00000029600	0.6877359436130963	146	other	0.012681316772344306
ENSDARG00000029609	-0.06314942966368885	3091	high zero count	0.26847911057065926
ENSDARG00000029612	0.4939093823588139	44	other	0.0038217666985147225
ENSDARG00000029615	0.47163142008346753	104	other	0.00903326674194389
ENSDARG00000029621	0.3365886964815767	454	other	0.03943368366194736
ENSDARG00000029639	0.48438099194576645	25	other	0.0021714583514288194
ENSDARG00000029663	1.6541132427483323	23	other	0.001997741683314514
ENSDARG00000029668	0.1159335685451247	820	other	0.07122383392686528
ENSDARG00000029671	0.9649155629233341	45	other	0.0039086250325718755
ENSDARG00000029689	0.856470789441346	504	other	0.043776600364805004
ENSDARG00000029692	0.6467916834494853	1722	high zero count	0.1495700512464171
ENSDARG00000029695	0.7291439861784534	949	other	0.08242855902023799
ENSDARG00000029718	-0.11040753769439685	698	other	0.06062711717189264
ENSDARG00000029722	2.0867497434101066	10	other	8.685833405715278e-4
ENSDARG00000029724	0.5538309740361437	156	other	0.013549900112915835
ENSDARG00000029729	0.26209249870052054	1162	high zero count	0.10092938417441154
ENSDARG00000029761	-0.027776945770069623	352	other	0.03057413358811778
ENSDARG00000029764	0.6036463342010485	94	other	0.008164683401372361
ENSDARG00000029768	0.16721417295795893	8	other	6.948666724572223e-4
ENSDARG00000029783	0.3899016281005275	10	other	8.685833405715278e-4
ENSDARG00000029795	0.5532900062519989	586	other	0.05089898375749153
ENSDARG00000029832	0.13039315156140543	1429	high zero count	0.12412055936767133
ENSDARG00000029848	-0.021489392018146238	2927	high zero count	0.2542343437852862
ENSDARG00000029856	0.7355590118566016	225	other	0.019543125162859377
ENSDARG00000029865	0.3089022500061972	655	other	0.05689220880743508
ENSDARG00000029874	0.897358385003677	1314	high zero count	0.11413185095109876
ENSDARG00000029881	-0.16290196675240617	572	other	0.04968296708069139
ENSDARG00000029885	0.9205382117262443	67	other	0.005819508381829237
ENSDARG00000029905	0.4463116432510115	2140	high zero count	0.18587683488230697
ENSDARG00000029911	1.106871873663876	30	other	0.0026057500217145837
ENSDARG00000029928	0.5847421566488712	638	other	0.055415617128463476
ENSDARG00000029931	0.29215889661689887	31	other	0.0026926083557717363
ENSDARG00000029936	0.3683986409625487	1440	high zero count	0.12507600104230002
ENSDARG00000029944	0.16173891570777307	128	other	0.011117866759315557
ENSDARG00000029952	0.5765880770812601	474	other	0.04117085034309042
ENSDARG00000029955	0.16676098207609757	181	other	0.015721358464344654
ENSDARG00000029995	1.8393844417294962	1838	high zero count	0.15964561799704682
ENSDARG00000030006	0.8635658879695706	1229	high zero count	0.10674889255624077
ENSDARG00000030012	0.35977522433073095	86	other	0.00746981672891514
ENSDARG00000030020	0.8333412649699573	764	other	0.06635976721966473
ENSDARG00000030022	0.7345474794727692	600	other	0.052115000434291674
ENSDARG00000030038	0.7473919920730834	572	other	0.04968296708069139
ENSDARG00000030053	1.9965434890630407	9	other	7.81725006514375e-4
ENSDARG00000030058	-0.09284720766109683	2790	high zero count	0.24233475201945626
ENSDARG00000030064	0.7516411920166386	585	other	0.05081212542343438
ENSDARG00000030087	1.2038021927972	90	other	0.007817250065143751
ENSDARG00000030092	0.436452192035871	547	other	0.047511508729262575
ENSDARG00000030094	0.3170192090997615	730	other	0.06340658386172153
ENSDARG00000030106	0.8507795769068616	497	other	0.04316859202640493
ENSDARG00000030107	0.5685772810861126	415	other	0.03604620863371841
ENSDARG00000030108	0.18426445385688392	115	other	0.00998870841657257
ENSDARG00000030110	0.20966209957484505	331	other	0.02875010857291757
ENSDARG00000030114	-0.1271362086658395	1347	high zero count	0.1169981759749848
ENSDARG00000030116	0.6524772835244522	20	other	0.0017371666811430556
ENSDARG00000030125	0.03740219642985332	242	other	0.021019716841830974
ENSDARG00000030129	0.15201160983588022	1727	high zero count	0.15000434291670287
ENSDARG00000030139	0.7781204503802589	91	other	0.007904108399200903
ENSDARG00000030153	0.42782993616988046	127	other	0.011031008425258403
ENSDARG00000030154	0.2169801091438862	418	other	0.036306783635889864
ENSDARG00000030155	1.3711751650075	6	other	5.211500043429167e-4
ENSDARG00000030156	0.003096582263406101	1656	high zero count	0.14383740119864502
ENSDARG00000030161	0.46581170025529595	147	other	0.012768175106401458
ENSDARG00000030166	0.16606063707497892	627	other	0.054460175453834796
ENSDARG00000030173	-0.04964496004548152	3484	high zero count	0.3026144358551203
ENSDARG00000030176	-0.146162722311159	225	other	0.019543125162859377
ENSDARG00000030177	0.7756881915436339	560	other	0.04864066707200556
ENSDARG00000030213	0.20231881442429347	40	other	0.0034743333622861113
ENSDARG00000030224	0.41470383709748315	949	other	0.08242855902023799
ENSDARG00000030236	0.8081514098772605	152	other	0.013202466776687223
ENSDARG00000030237	0.6393141334427686	9	other	7.81725006514375e-4
ENSDARG00000030239	0.020728101413252344	176	other	0.01528706679405889
ENSDARG00000030241	1.0528423331885084	22	other	0.0019108833492573613
ENSDARG00000030265	2.6040352248186447	122	other	0.010596716754972639
ENSDARG00000030267	0.2661524609672812	2060	high zero count	0.17892816815773474
ENSDARG00000030270	0.6857214860498587	1239	high zero count	0.1076174758968123
ENSDARG00000030278	1.2895899082027098	18	other	0.00156345001302875
ENSDARG00000030289	0.15081294588836563	1162	high zero count	0.10092938417441154
ENSDARG00000030297	0.16091456526844822	17	other	0.0014765916789715972
ENSDARG00000030307	0.16540889771994938	1269	high zero count	0.11022322591852689
ENSDARG00000030326	0.7451903662850088	252	other	0.021888300182402502
ENSDARG00000030335	-0.01251850064627476	73	other	0.006340658386172153
ENSDARG00000030340	1.5637632994316082	122	other	0.010596716754972639
ENSDARG00000030357	0.14919209540898307	669	other	0.058108225484235214
ENSDARG00000030367	0.8727772908834579	68	other	0.005906366715886389
ENSDARG00000030368	0.2726918222991598	14	other	0.001216016676800139
ENSDARG00000030376	-0.05433417764083599	993	other	0.08625032571875271
ENSDARG00000030402	0.023838956896288677	636	other	0.05524190046034917
ENSDARG00000030408	3.280694230485867	19	other	0.0016503083470859028
ENSDARG00000030411	0.9943629915233689	833	other	0.07235299226960827
ENSDARG00000030440	1.3477760599439705	15	other	0.0013028750108572918
ENSDARG00000030441	1.3625754573182303	23	other	0.001997741683314514
ENSDARG00000030448	0.6324412509116322	130	other	0.011291583427429861
ENSDARG00000030449	0.5442612119893692	176	other	0.01528706679405889
ENSDARG00000030463	0.1402268135062502	484	other	0.04203943368366195
ENSDARG00000030465	0.47495030683426503	21	other	0.0018240250152002084
ENSDARG00000030478	0.11526183678566543	204	other	0.017719100147659168
ENSDARG00000030479	2.357886326659639	12	other	0.0010423000086858334
ENSDARG00000030490	0.2418184487323856	525	other	0.045600625380005214
ENSDARG00000030494	-0.24462534588559343	823	other	0.07148440892903674
ENSDARG00000030512	0.015769747787656743	1291	high zero count	0.11213410926778425
ENSDARG00000030514	0.41349930445769123	124	other	0.010770433423086945
ENSDARG00000030530	0.20875814238562712	732	other	0.06358030052983583
ENSDARG00000030532	0.5306001628990893	16	other	0.0013897333449144446
ENSDARG00000030537	1.2768723414900145	17	other	0.0014765916789715972
ENSDARG00000030547	0.16632783424142528	324	other	0.028142100234517502
ENSDARG00000030560	1.097636734168857	13	other	0.0011291583427429862
ENSDARG00000030563	0.4156343644480484	156	other	0.013549900112915835
ENSDARG00000030573	0.12667027152241433	1011	other	0.08781377573178147
ENSDARG00000030583	0.6598586136073278	23	other	0.001997741683314514
ENSDARG00000030591	0.07195475528152437	2065	high zero count	0.1793624598280205
ENSDARG00000030602	3.1503561043715296	1	other	8.685833405715279e-5
ENSDARG00000030604	0.8763650737124966	266	other	0.02310431685920264
ENSDARG00000030608	0.3128635830992609	242	other	0.021019716841830974
ENSDARG00000030614	1.092177036901046	322	other	0.027968383566403198
ENSDARG00000030633	-0.08445985900797048	393	other	0.034135325284461046
ENSDARG00000030636	0.030133637687868302	2871	high zero count	0.24937027707808565
ENSDARG00000030656	0.697860178796001	922	other	0.08008338400069487
ENSDARG00000030665	0.7487328310983558	222	other	0.019282550160687917
ENSDARG00000030687	0.47752053323881477	573	other	0.049769825414748545
ENSDARG00000030694	2.0202273892949747	20	other	0.0017371666811430556
ENSDARG00000030703	-0.06804363379989231	1225	high zero count	0.10640145922001217
ENSDARG00000030716	1.2650217364565677	70	other	0.006080083384000695
ENSDARG00000030722	0.20721562301026067	967	other	0.08399200903326674
ENSDARG00000030723	0.19627951145862962	101	other	0.008772691739772432
ENSDARG00000030743	0.11903035551291428	814	other	0.07070268392252237
ENSDARG00000030753	0.5149355970185693	62	other	0.0053852167115434725
ENSDARG00000030756	0.6171899648882169	21	other	0.0018240250152002084
ENSDARG00000030758	0.047246269033873425	591	other	0.0513332754277773
ENSDARG00000030759	0.09599926558089394	994	other	0.08633718405280986
ENSDARG00000030765	1.5257364603106214	103	other	0.008946408407886736
ENSDARG00000030775	0.1765400347938913	81	other	0.007035525058629376
ENSDARG00000030781	0.5229998834426155	270	other	0.02345175019543125
ENSDARG00000030782	-0.09283189457302157	3509	high zero count	0.3047858942065491
ENSDARG00000030786	0.20354255541372482	330	other	0.02866325023886042
ENSDARG00000030789	0.9293839875823664	15	other	0.0013028750108572918
ENSDARG00000030803	-0.1259932717645143	2030	high zero count	0.17632241813602015
ENSDARG00000030805	-0.013137923213938271	501	other	0.04351602536263355
ENSDARG00000030824	0.802349376995204	66	other	0.005732650047772084
ENSDARG00000030830	0.29360506679248916	52	other	0.004516633370971945
ENSDARG00000030832	0.09036157671281561	1198	high zero count	0.10405628420046903
ENSDARG00000030844	1.3379892820817838	2092	high zero count	0.18170763484756364
ENSDARG00000030871	0.9025866285827006	63	other	0.0054720750456006256
ENSDARG00000030887	0.28385517679667344	1146	high zero count	0.09953965082949709
ENSDARG00000030905	-0.017119396867164415	479	other	0.04160514201337619
ENSDARG00000030913	0.9546960597741866	12	other	0.0010423000086858334
ENSDARG00000030932	0.12408280740846002	1841	high zero count	0.15990619299921827
ENSDARG00000030933	0.24862976942920006	493	other	0.042821158690176324
ENSDARG00000030945	0.2953775424578099	322	other	0.027968383566403198
ENSDARG00000030949	1.595138800439286	199	other	0.017284808477373403
ENSDARG00000030957	1.1279642571490895	39	other	0.0033874750282289587
ENSDARG00000030964	0.14432270821473883	732	other	0.06358030052983583
ENSDARG00000030967	0.5726321438849583	224	other	0.019456266828802225
ENSDARG00000030972	0.2938989993133841	876	other	0.07608790063406584
ENSDARG00000030999	0.12752947999513706	1948	high zero count	0.16920003474333362
ENSDARG00000031020	1.3091213446265362	19	other	0.0016503083470859028
ENSDARG00000031044	0.4718751047291919	95	other	0.008251541735429515
ENSDARG00000031046	-0.045410879760406885	3019	high zero count	0.26222531051854425
ENSDARG00000031048	0.30710938569445084	179	other	0.015547641796230348
ENSDARG00000031049	0.11420681572276242	1273	high zero count	0.1105706592547555
ENSDARG00000031098	0.8588418250112437	150	other	0.013028750108572918
ENSDARG00000031100	1.000438295209035	166	other	0.014418483453487362
ENSDARG00000031108	1.3444147492559833	7	other	6.080083384000695e-4
ENSDARG00000031116	0.2337352289434332	654	other	0.05680535047337792
ENSDARG00000031119	-0.09482748424394687	1403	high zero count	0.12186224268218536
ENSDARG00000031136	0.17564955703785048	3391	high zero count	0.2945366107878051
ENSDARG00000031164	1.4003936339861973	32	other	0.0027794666898288893
ENSDARG00000031198	0.702262413759188	102	other	0.008859550073829584
ENSDARG00000031200	0.9100191145688368	26	other	0.0022583166854859725
ENSDARG00000031202	-0.00302806039669774	142	other	0.012333883436115696
ENSDARG00000031203	0.5267600504487264	109	other	0.009467558412229654
ENSDARG00000031214	1.0429019997227833	30	other	0.0026057500217145837
ENSDARG00000031216	0.7109861047950202	37	other	0.003213758360114653
ENSDARG00000031222	-0.011543736391587744	479	other	0.04160514201337619
ENSDARG00000031228	0.9344356014453958	166	other	0.014418483453487362
ENSDARG00000031240	0.49383704490819297	47	other	0.004082341700686181
ENSDARG00000031246	0.002479663927157135	667	other	0.05793450881612091
ENSDARG00000031248	0.16755106719724489	2786	high zero count	0.24198731868322765
ENSDARG00000031261	0.8184227498881035	110	other	0.009554416746286806
ENSDARG00000031283	0.6785214249306771	321	other	0.027881525232346042
ENSDARG00000031293	0.6834804965675509	121	other	0.010509858420915487
ENSDARG00000031299	0.04529049690171688	1332	high zero count	0.11569530096412751
ENSDARG00000031302	0.7638758865338644	17	other	0.0014765916789715972
ENSDARG00000031307	0.19777221598459147	1087	high zero count	0.09441500912012507
ENSDARG00000031316	0.3665949998877886	1745	high zero count	0.1515677929297316
ENSDARG00000031317	2.2193698325829834	6	other	5.211500043429167e-4
ENSDARG00000031325	0.6322936648422859	37	other	0.003213758360114653
ENSDARG00000031336	0.13243261271262521	268	other	0.023278033527316947
ENSDARG00000031337	0.04755674424288203	1563	high zero count	0.1357595761313298
ENSDARG00000031343	1.0023732651657862	280	other	0.02432033353600278
ENSDARG00000031346	0.6695622043747931	42	other	0.003648050030400417
ENSDARG00000031366	0.18080157882040998	916	other	0.07956223399635196
ENSDARG00000031372	0.03146948553900287	658	other	0.05715278380960653
ENSDARG00000031382	0.769164542608627	108	other	0.0093807000781725
ENSDARG00000031387	5.698210063369469e-4	2691	high zero count	0.23373577694779815
ENSDARG00000031388	0.9347632226075574	251	other	0.02180144184834535
ENSDARG00000031426	0.046465574245058705	1033	other	0.08972465908103883
ENSDARG00000031427	1.9400413684801532	2	other	1.7371666811430558e-4
ENSDARG00000031434	0.6011113977005078	21	other	0.0018240250152002084
ENSDARG00000031435	3.2203504915442074	5	other	4.342916702857639e-4
ENSDARG00000031483	0.5062706075254482	714	other	0.06201685051680709
ENSDARG00000031494	1.403641839581251	7	other	6.080083384000695e-4
ENSDARG00000031495	2.0260407626305836	2	other	1.7371666811430558e-4
ENSDARG00000031496	0.8230487149876583	99	other	0.008598975071658126
ENSDARG00000031506	0.3750809442996791	1824	high zero count	0.15842960132024667
ENSDARG00000031511	2.0222529165274707	6	other	5.211500043429167e-4
ENSDARG00000031533	0.07601345142906056	2882	high zero count	0.2503257187527143
ENSDARG00000031534	0.16995910831317057	745	other	0.06470945887257883
ENSDARG00000031548	0.2018312779727311	247	other	0.021454008512116738
ENSDARG00000031560	-0.03241795271332938	118	other	0.010249283418744029
ENSDARG00000031562	0.335833260019217	260	other	0.022583166854859723
ENSDARG00000031598	0.1473307923417208	3095	high zero count	0.26882654390688787
ENSDARG00000031632	0.4070315561238946	925	other	0.08034395900286632
ENSDARG00000031637	0.22558534274239675	8	other	6.948666724572223e-4
ENSDARG00000031647	0.6878764779784889	270	other	0.02345175019543125
ENSDARG00000031649	0.21581139703717617	3545	high zero count	0.30791279423260665
ENSDARG00000031657	0.27271674390035394	791	other	0.06870494223920785
ENSDARG00000031658	0.26291002451107126	221	other	0.019195691826630765
ENSDARG00000031664	-7.451749645510362e-4	779	other	0.06766264223052201
ENSDARG00000031678	0.9157427075880246	475	other	0.04125770867714757
ENSDARG00000031680	0.44668945889538714	642	other	0.055763050464692085
ENSDARG00000031681	0.788695315410313	187	other	0.01624250846868757
ENSDARG00000031683	0.8276744922557379	1283	high zero count	0.11143924259532702
ENSDARG00000031698	-0.0438225598643923	1925	high zero count	0.1672022930600191
ENSDARG00000031702	2.586523503936107	362	other	0.03144271692868931
ENSDARG00000031709	0.49980507575508093	718	other	0.0623642838530357
ENSDARG00000031720	1.4816380704224859	17	other	0.0014765916789715972
ENSDARG00000031745	0.2718123930422752	3632	high zero count	0.3154694692955789
ENSDARG00000031751	-0.1722852787500283	2057	high zero count	0.17866759315556327
ENSDARG00000031756	0.46623037121005717	368	other	0.03196386693303222
ENSDARG00000031761	-0.11455552934209638	156	other	0.013549900112915835
ENSDARG00000031768	0.12437657560339205	278	other	0.024146616867888476
ENSDARG00000031770	0.9473042862106612	30	other	0.0026057500217145837
ENSDARG00000031774	0.7779801959651443	117	other	0.010162425084686877
ENSDARG00000031775	0.532521154644642	20	other	0.0017371666811430556
ENSDARG00000031776	2.9194757653600356	7	other	6.080083384000695e-4
ENSDARG00000031782	0.3265544461829058	216	other	0.018761400156345
ENSDARG00000031795	0.9287103660641862	5	other	4.342916702857639e-4
ENSDARG00000031796	0.2493445104320212	1156	high zero count	0.10040823417006862
ENSDARG00000031814	0.14039186937071063	1481	high zero count	0.12863719273864327
ENSDARG00000031819	2.574309547443494	23	other	0.001997741683314514
ENSDARG00000031836	0.7474920632039423	63	other	0.0054720750456006256
ENSDARG00000031875	1.389636254455022	154	other	0.013376183444801529
ENSDARG00000031886	-0.11118860861962875	1533	high zero count	0.1331538261096152
ENSDARG00000031888	0.024762744582253943	570	other	0.04950925041257709
ENSDARG00000031890	0.1013016499745578	912	other	0.07921480066012333
ENSDARG00000031891	0.08639736975250384	1673	high zero count	0.1453139928776166
ENSDARG00000031894	0.38632245362242884	16	other	0.0013897333449144446
ENSDARG00000031907	1.4253506012323363	23	other	0.001997741683314514
ENSDARG00000031911	-0.02164814824474551	302	other	0.02623121688526014
ENSDARG00000031915	0.45781910661716246	445	other	0.038651958655432986
ENSDARG00000031929	0.31310780488573503	179	other	0.015547641796230348
ENSDARG00000031952	0.8540474861326348	1797	high zero count	0.15608442630070354
ENSDARG00000031954	-0.007060274729684487	969	other	0.08416572570138105
ENSDARG00000031956	-0.16306886302265863	2000	high zero count	0.17371666811430556
ENSDARG00000031968	0.3330870203522566	2010	high zero count	0.1745852514548771
ENSDARG00000031971	0.17801953308291313	1131	high zero count	0.0982367758186398
ENSDARG00000031981	1.0177998820363212	190	other	0.01650308347085903
ENSDARG00000031983	-0.05092610125492982	1332	high zero count	0.11569530096412751
ENSDARG00000031985	0.5486139568837608	229	other	0.01989055849908799
ENSDARG00000032010	-0.2542142228297843	799	other	0.06939980891166507
ENSDARG00000032013	0.6529796826250284	37	other	0.003213758360114653
ENSDARG00000032037	0.15991752732407574	1032	other	0.08963780074698167
ENSDARG00000032049	1.065676967685398	32	other	0.0027794666898288893
ENSDARG00000032056	0.29985746353270815	115	other	0.00998870841657257
ENSDARG00000032072	0.42518567233766325	2076	high zero count	0.18031790150264917
ENSDARG00000032083	0.5073368099665972	1737	high zero count	0.1508729262572744
ENSDARG00000032087	0.22151106416762315	596	other	0.05176756709806306
ENSDARG00000032098	0.33036995166804756	2042	high zero count	0.17736471814470597
ENSDARG00000032102	1.2247641184107183	26	other	0.0022583166854859725
ENSDARG00000032103	1.753312310037939	1	other	8.685833405715279e-5
ENSDARG00000032114	0.602396579338098	71	other	0.006166941718057848
ENSDARG00000032116	0.01956458581628341	70	other	0.006080083384000695
ENSDARG00000032117	0.12499374178211783	2197	high zero count	0.19082775992356465
ENSDARG00000032126	1.228777576795852	1463	high zero count	0.12707374272561453
ENSDARG00000032129	0.3436910450828834	22	other	0.0019108833492573613
ENSDARG00000032131	-0.14078426611429393	2972	high zero count	0.2581429688178581
ENSDARG00000032155	0.5293554950205062	32	other	0.0027794666898288893
ENSDARG00000032157	-0.10648163658005295	1220	high zero count	0.10596716754972639
ENSDARG00000032161	1.1197666634291432	63	other	0.0054720750456006256
ENSDARG00000032188	0.5160998832297383	214	other	0.018587683488230696
ENSDARG00000032218	0.1443909925757537	480	other	0.04169200034743334
ENSDARG00000032221	0.24844626878162138	119	other	0.01033614175280118
ENSDARG00000032237	0.04585375386709517	1149	high zero count	0.09980022583166855
ENSDARG00000032238	0.022956721689446485	779	other	0.06766264223052201
ENSDARG00000032242	0.2677462782843277	218	other	0.018935116824459308
ENSDARG00000032246	-0.11791804805914632	1772	high zero count	0.15391296794927473
ENSDARG00000032256	-0.031925257641099526	706	other	0.061321983844349864
ENSDARG00000032261	0.21603511336225434	327	other	0.02840267523668896
ENSDARG00000032264	0.38468093713662166	167	other	0.014505341787544515
ENSDARG00000032272	0.043296555892091367	2906	high zero count	0.252410318770086
ENSDARG00000032277	0.013628145644983118	3000	high zero count	0.26057500217145835
ENSDARG00000032296	1.91648098128444	35	other	0.0030400416920003475
ENSDARG00000032317	0.9730536447589477	124	other	0.010770433423086945
ENSDARG00000032324	0.7589860963633357	122	other	0.010596716754972639
ENSDARG00000032326	0.09900573571563581	1676	high zero count	0.14557456787978806
ENSDARG00000032327	0.7572635445626842	11	other	9.554416746286806e-4
ENSDARG00000032340	0.4127949148621002	1917	high zero count	0.16650742638756189
ENSDARG00000032344	0.6475229855332401	741	other	0.06436202553635022
ENSDARG00000032353	0.1782409087781138	91	other	0.007904108399200903
ENSDARG00000032369	0.14388243010462917	144	other	0.01250760010423
ENSDARG00000032373	1.1553464445222452	789	other	0.06853122557109355
ENSDARG00000032380	-0.11740656408827006	2587	high zero count	0.22470251020585424
ENSDARG00000032389	-0.040303900794119045	602	other	0.05228871710240598
ENSDARG00000032405	0.49483569650913234	130	other	0.011291583427429861
ENSDARG00000032430	1.4502897119328595	16	other	0.0013897333449144446
ENSDARG00000032431	0.2334694379605684	736	other	0.06392773386606444
ENSDARG00000032435	-0.13852732995974118	1619	high zero count	0.14062364283853035
ENSDARG00000032458	0.5140768968029129	37	other	0.003213758360114653
ENSDARG00000032469	0.19629579140633976	1576	high zero count	0.1368887344740728
ENSDARG00000032482	-0.16678525333649338	349	other	0.03031355858594632
ENSDARG00000032496	0.7527887743490003	153	other	0.013289325110744377
ENSDARG00000032516	0.5836117653652845	212	other	0.018413966820116392
ENSDARG00000032532	1.4619626604890135	113	other	0.009814991748458264
ENSDARG00000032535	0.5588590885724647	1200	high zero count	0.10423000086858335
ENSDARG00000032553	0.3907411981798432	1797	high zero count	0.15608442630070354
ENSDARG00000032565	0.8009543451985063	1896	high zero count	0.16468340137236168
ENSDARG00000032571	-0.16319963909655208	1177	high zero count	0.10223225918526882
ENSDARG00000032575	2.170907910249397	2	other	1.7371666811430558e-4
ENSDARG00000032577	-0.07909627441549708	1705	high zero count	0.1480934595674455
ENSDARG00000032578	0.011200778674338241	3122	high zero count	0.271171718926431
ENSDARG00000032601	0.6350927659628898	1163	high zero count	0.10101624250846869
ENSDARG00000032603	0.6985104004788061	1662	high zero count	0.14435855120298793
ENSDARG00000032606	0.9741057601013273	15	other	0.0013028750108572918
ENSDARG00000032614	0.4650050574598835	49	other	0.004256058368800487
ENSDARG00000032617	0.5108496314582476	1006	other	0.0873794840614957
ENSDARG00000032619	1.388163948307869	19	other	0.0016503083470859028
ENSDARG00000032623	0.514757382641543	748	other	0.06497003387475028
ENSDARG00000032627	0.6393552464689354	40	other	0.0034743333622861113
ENSDARG00000032630	0.7551508246991034	378	other	0.03283245027360375
ENSDARG00000032631	0.059610145456909513	1213	high zero count	0.10535915921132633
ENSDARG00000032650	0.018372888910579612	2635	high zero count	0.22887171024059758
ENSDARG00000032651	0.7290348238043121	4	other	3.4743333622861116e-4
ENSDARG00000032653	0.45137630846154786	258	other	0.02240945018674542
ENSDARG00000032704	0.12982028798852174	1026	other	0.08911665074263876
ENSDARG00000032705	0.42682071200815475	2579	high zero count	0.22400764353339703
ENSDARG00000032708	0.5660650260005503	131	other	0.011378441761487015
ENSDARG00000032714	-0.0498859897700577	541	other	0.046990358724919655
ENSDARG00000032725	3.264291269346679	3	other	2.6057500217145836e-4
ENSDARG00000032765	1.2141423610740074	83	other	0.007209241726743681
ENSDARG00000032799	0.06087766070818011	663	other	0.057587075479892294
ENSDARG00000032801	-0.14771506868373152	656	other	0.05697906714149223
ENSDARG00000032802	1.0961068658624418	8	other	6.948666724572223e-4
ENSDARG00000032816	0.10480658596434926	1838	high zero count	0.15964561799704682
ENSDARG00000032820	0.02008086186710839	687	other	0.05967167549726396
ENSDARG00000032836	1.3497344644312188	1956	high zero count	0.16989490141579083
ENSDARG00000032838	0.3814979914907966	1228	high zero count	0.10666203422218362
ENSDARG00000032849	1.0624632783418884	11	other	9.554416746286806e-4
ENSDARG00000032856	0.047382315366240865	187	other	0.01624250846868757
ENSDARG00000032862	-0.12239688168216778	1925	high zero count	0.1672022930600191
ENSDARG00000032865	0.3949820592938668	1433	high zero count	0.12446799270389994
ENSDARG00000032866	1.9216173741475842	20	other	0.0017371666811430556
ENSDARG00000032868	0.9743495902802242	164	other	0.014244766785373057
ENSDARG00000032876	0.2803542313396916	365	other	0.031703291930860765
ENSDARG00000032919	1.0054285801154237	187	other	0.01624250846868757
ENSDARG00000032929	1.2456596991255644	863	other	0.07495874229132285
ENSDARG00000032933	0.4775953972518089	198	other	0.01719795014331625
ENSDARG00000032951	-0.0490428143771516	439	other	0.03813080865109007
ENSDARG00000032963	0.0477596238889732	389	other	0.03378789194823243
ENSDARG00000032970	2.199863812961163	3	other	2.6057500217145836e-4
ENSDARG00000032976	0.5017298994688991	2039	high zero count	0.17710414314253453
ENSDARG00000032985	0.8294460962049792	1197	high zero count	0.10396942586641188
ENSDARG00000032990	-0.17491128584071416	1188	high zero count	0.10318770085989751
ENSDARG00000032997	1.0926137284284332	77	other	0.006688091722400764
ENSDARG00000033009	2.3644726307252304	5	other	4.342916702857639e-4
ENSDARG00000033012	0.3642528152150117	45	other	0.0039086250325718755
ENSDARG00000033020	0.5321992716229663	966	other	0.08390515069920959
ENSDARG00000033029	-0.2558268353744394	1654	high zero count	0.14366368453053072
ENSDARG00000033099	0.10226642362625875	49	other	0.004256058368800487
ENSDARG00000033126	0.7107897930157193	52	other	0.004516633370971945
ENSDARG00000033138	1.1758624170183178	184	other	0.01598193346651611
ENSDARG00000033140	0.6281915821070779	2327	high zero count	0.20211934335099452
ENSDARG00000033144	0.5752318589358106	1696	high zero count	0.14731173456093113
ENSDARG00000033170	0.6452330943287893	737	other	0.0640145922001216
ENSDARG00000033171	0.31586678361340503	673	other	0.05845565882046382
ENSDARG00000033172	0.6250872484541872	408	other	0.035438200295318335
ENSDARG00000033175	1.8257538082197742	39	other	0.0033874750282289587
ENSDARG00000033179	0.714374603793005	914	other	0.07938851732823765
ENSDARG00000033182	0.5099682094559387	1975	high zero count	0.17154520976287674
ENSDARG00000033184	1.1822022663074767	14	other	0.001216016676800139
ENSDARG00000033201	0.4506068482112336	2142	high zero count	0.18605055155042127
ENSDARG00000033234	0.9146602491539261	565	other	0.04907495874229132
ENSDARG00000033251	-0.24326283682137445	1116	high zero count	0.09693390080778251
ENSDARG00000033259	0.10857666105627486	39	other	0.0033874750282289587
ENSDARG00000033273	0.08720864195623734	1114	high zero count	0.0967601841396682
ENSDARG00000033285	0.6550578252352192	1606	high zero count	0.13949448449578736
ENSDARG00000033307	0.7040450030285369	342	other	0.02970555024754625
ENSDARG00000033320	0.12134156934297005	1024	other	0.08894293407452446
ENSDARG00000033327	-0.12627170183043723	292	other	0.025362633544688613
ENSDARG00000033345	-0.20470520012043936	169	other	0.01467905845565882
ENSDARG00000033361	0.19230376020376863	1782	high zero count	0.15478155128984625
ENSDARG00000033364	2.0820845828443133	233	other	0.020237991835316597
ENSDARG00000033367	0.1753433657590984	1328	high zero count	0.11534786762789889
ENSDARG00000033370	0.4268431504768673	1990	high zero count	0.17284808477373403
ENSDARG00000033376	0.7142217259110316	651	other	0.05654477547120646
ENSDARG00000033380	1.4997508558741037	880	other	0.07643533397029445
ENSDARG00000033382	0.4200840021817244	751	other	0.06523060887692174
ENSDARG00000033413	0.08907847579925816	1055	high zero count	0.09163554243029619
ENSDARG00000033418	0.6490716978962651	48	other	0.004169200034743334
ENSDARG00000033436	0.029387353451045903	824	other	0.07157126726309389
ENSDARG00000033437	0.16303158003180318	108	other	0.0093807000781725
ENSDARG00000033440	1.331858693970089	26	other	0.0022583166854859725
ENSDARG00000033443	0.5385685052463985	86	other	0.00746981672891514
ENSDARG00000033447	0.4843026806462995	2020	high zero count	0.17545383479544863
ENSDARG00000033450	0.756197971942078	24	other	0.002084600017371667
ENSDARG00000033466	1.5837159959021065	194	other	0.01685051680708764
ENSDARG00000033489	0.6483269425911772	559	other	0.04855380873794841
ENSDARG00000033501	0.4501976339970569	557	other	0.0483800920698341
ENSDARG00000033516	-0.14028383052968615	1846	high zero count	0.16034048466950404
ENSDARG00000033533	0.11514767576903462	488	other	0.042386867019890556
ENSDARG00000033537	-0.06803664999962135	989	other	0.0859028923825241
ENSDARG00000033539	1.470084997732914	17	other	0.0014765916789715972
ENSDARG00000033544	-0.20953286093786866	1590	high zero count	0.13810475115087292
ENSDARG00000033551	0.3131546430997091	681	other	0.05915052549292105
ENSDARG00000033566	-0.0010411691380746236	213	other	0.018500825154173544
ENSDARG00000033596	1.1145183680418642	54	other	0.00469035003908625
ENSDARG00000033597	1.453397448434617	34	other	0.0029531833579431945
ENSDARG00000033599	0.3609054907824904	737	other	0.0640145922001216
ENSDARG00000033604	1.0692938665100529	122	other	0.010596716754972639
ENSDARG00000033609	1.179954340388205	214	other	0.018587683488230696
ENSDARG00000033610	-0.11594468287461959	1203	high zero count	0.1044905758707548
ENSDARG00000033614	0.8355635086281724	12	other	0.0010423000086858334
ENSDARG00000033616	0.25630805161201686	268	other	0.023278033527316947
ENSDARG00000033647	1.2624405865179047	32	other	0.0027794666898288893
ENSDARG00000033655	1.0204757697695144	571	other	0.04959610874663424
ENSDARG00000033666	0.5434414177124314	260	other	0.022583166854859723
ENSDARG00000033683	1.1730218512726829	146	other	0.012681316772344306
ENSDARG00000033706	0.08654610593592761	248	other	0.02154086684617389
ENSDARG00000033707	0.23391147608747384	57	other	0.004950925041257708
ENSDARG00000033738	2.6668989483914354	3	other	2.6057500217145836e-4
ENSDARG00000033754	0.3744498564158007	482	other	0.04186571701554764
ENSDARG00000033757	0.14430745116172095	72	other	0.006253800052115
ENSDARG00000033760	0.1541965965678216	2318	high zero count	0.20133761834448016
ENSDARG00000033768	0.5612161761916954	417	other	0.03621992530183271
ENSDARG00000033789	1.7991121775551435	82	other	0.007122383392686529
ENSDARG00000033802	0.1513898244900866	2634	high zero count	0.22878485190654044
ENSDARG00000033804	-0.0707059940900093	454	other	0.03943368366194736
ENSDARG00000033840	-0.101379603092034	305	other	0.026491791887431598
ENSDARG00000033845	0.8823326447716802	1722	high zero count	0.1495700512464171
ENSDARG00000033852	0.07273238462283192	80	other	0.006948666724572223
ENSDARG00000033854	0.7828432801358163	213	other	0.018500825154173544
ENSDARG00000033855	0.8846031090786918	64	other	0.005558933379657779
ENSDARG00000033861	0.045449616752907825	533	other	0.04629549205246243
ENSDARG00000033889	0.6638111602860192	49	other	0.004256058368800487
ENSDARG00000033899	0.7706926126099333	2990	high zero count	0.2597064188308868
ENSDARG00000033901	0.39868263426913386	804	other	0.06983410058195084
ENSDARG00000033916	0.8162502607390251	870	other	0.07556675062972293
ENSDARG00000033928	0.9251888363024044	151	other	0.01311560844263007
ENSDARG00000033950	0.3076586211288005	290	other	0.02518891687657431
ENSDARG00000033957	-0.1606524940378459	1556	high zero count	0.13515156779292972
ENSDARG00000033965	0.7083943955977082	125	other	0.010857291757144097
ENSDARG00000033971	0.46826752474374445	1430	high zero count	0.12420741770172848
ENSDARG00000033973	0.4335760391727467	300	other	0.026057500217145837
ENSDARG00000033978	0.5499906788079871	297	other	0.025796925214974377
ENSDARG00000033987	0.2849922523349959	64	other	0.005558933379657779
ENSDARG00000033993	0.4130510233022667	565	other	0.04907495874229132
ENSDARG00000033999	0.5801126284188065	819	other	0.07113697559280813
ENSDARG00000034001	0.5715347230400467	12	other	0.0010423000086858334
ENSDARG00000034013	0.9312226015202811	153	other	0.013289325110744377
ENSDARG00000034043	0.3847230029092392	688	other	0.05975853383132112
ENSDARG00000034056	0.4678396221729564	35	other	0.0030400416920003475
ENSDARG00000034060	0.012280366531278642	386	other	0.033527316946060974
ENSDARG00000034076	0.2016999693252554	783	other	0.06801007556675064
ENSDARG00000034080	0.5228506033386421	149	other	0.012941891774515765
ENSDARG00000034086	0.6791446670599356	1498	high zero count	0.13011378441761487
ENSDARG00000034093	1.2029966639733018	73	other	0.006340658386172153
ENSDARG00000034105	-0.0066534724864485695	84	other	0.007296100060800834
ENSDARG00000034117	0.5421469410340491	180	other	0.015634500130287502
ENSDARG00000034138	0.11537599800368878	2918	high zero count	0.25345261877877184
ENSDARG00000034146	0.8041537865222789	158	other	0.013723616781030139
ENSDARG00000034160	0.03373917873167811	54	other	0.00469035003908625
ENSDARG00000034168	0.8699571919411498	337	other	0.029271258577260487
ENSDARG00000034174	0.19653910107786055	2011	high zero count	0.17467210978893424
ENSDARG00000034178	0.6424072067508587	28	other	0.002432033353600278
ENSDARG00000034181	0.003448717691884542	2281	high zero count	0.1981238599843655
ENSDARG00000034187	0.9475208606848446	322	other	0.027968383566403198
ENSDARG00000034189	0.5334985070855255	28	other	0.002432033353600278
ENSDARG00000034195	0.6597013279717853	22	other	0.0019108833492573613
ENSDARG00000034207	-0.06792815313905652	314	other	0.027273516893945974
ENSDARG00000034211	0.025183461257380024	666	other	0.05784765048206376
ENSDARG00000034227	0.07254666186877493	1181	high zero count	0.10257969252149744
ENSDARG00000034256	-0.19389743232286677	1112	high zero count	0.0965864674715539
ENSDARG00000034262	-0.19768950079131634	362	other	0.03144271692868931
ENSDARG00000034268	0.22730134427072762	328	other	0.028489533570746114
ENSDARG00000034270	1.092379686081569	20	other	0.0017371666811430556
ENSDARG00000034291	3.3525510132555656	1	other	8.685833405715279e-5
ENSDARG00000034293	2.0529075429329757	3	other	2.6057500217145836e-4
ENSDARG00000034307	0.2259765637169071	909	other	0.07895422565795188
ENSDARG00000034309	0.48645947240100684	600	other	0.052115000434291674
ENSDARG00000034313	1.0385709350437575	3	other	2.6057500217145836e-4
ENSDARG00000034326	1.028941492576597	23	other	0.001997741683314514
ENSDARG00000034344	0.7401627049400241	124	other	0.010770433423086945
ENSDARG00000034368	1.0738122315048568	242	other	0.021019716841830974
ENSDARG00000034375	-0.024191255197322032	3352	high zero count	0.2911491357595761
ENSDARG00000034396	0.8764920280726861	27	other	0.002345175019543125
ENSDARG00000034409	0.5041359582602322	50	other	0.004342916702857639
ENSDARG00000034423	0.9673406725866233	1090	high zero count	0.09467558412229654
ENSDARG00000034424	0.14989025276143536	1973	high zero count	0.17137149309476243
ENSDARG00000034427	1.722233405133022	3	other	2.6057500217145836e-4
ENSDARG00000034434	0.16350860598646835	31	other	0.0026926083557717363
ENSDARG00000034443	0.3957767704259917	210	other	0.018240250152002084
ENSDARG00000034457	0.06724007541405178	1261	high zero count	0.10952835924606966
ENSDARG00000034470	1.3695029370206946	672	other	0.05836880048640667
ENSDARG00000034473	1.4348778044024197	8	other	6.948666724572223e-4
ENSDARG00000034493	-0.1454422220494814	1845	high zero count	0.16025362633544687
ENSDARG00000034497	0.8942087540725925	150	other	0.013028750108572918
ENSDARG00000034503	0.6479275467708806	1694	high zero count	0.1471380178928168
ENSDARG00000034504	0.36474533777855306	1592	high zero count	0.13827846781898723
ENSDARG00000034522	0.5318776393627159	682	other	0.0592373838269782
ENSDARG00000034528	-0.044711312934265245	1707	high zero count	0.1482671762355598
ENSDARG00000034534	1.7898507221689242	109	other	0.009467558412229654
ENSDARG00000034541	0.3726483868130528	1124	high zero count	0.09762876748023973
ENSDARG00000034555	-0.2227914516932527	256	other	0.022235733518631114
ENSDARG00000034568	0.20286877104396162	3467	high zero count	0.3011378441761487
ENSDARG00000034572	0.6504230896609587	1773	high zero count	0.1539998262833319
ENSDARG00000034588	0.04694128897565768	2390	high zero count	0.20759141839659515
ENSDARG00000034600	0.5728143454495701	206	other	0.017892816815773472
ENSDARG00000034605	0.13608461171167419	1149	high zero count	0.09980022583166855
ENSDARG00000034616	1.841138149832968	2	other	1.7371666811430558e-4
ENSDARG00000034624	0.16818999544924088	152	other	0.013202466776687223
ENSDARG00000034633	0.8623922292203051	291	other	0.02527577521063146
ENSDARG00000034643	0.4686968487513973	1715	high zero count	0.148962042908017
ENSDARG00000034668	0.7737434389344442	159	other	0.013810475115087293
ENSDARG00000034670	1.6862111548339243	78	other	0.006774950056457917
ENSDARG00000034677	0.22207086658668773	621	other	0.053939025449491876
ENSDARG00000034685	0.4800434212781893	46	other	0.003995483366629028
ENSDARG00000034693	0.1691181427006462	107	other	0.009293841744115348
ENSDARG00000034700	0.4113565509088074	885	other	0.07686962564058021
ENSDARG00000034705	0.46123739604001773	234	other	0.020324850169373753
ENSDARG00000034718	0.37017634248819226	620	other	0.053852167115434724
ENSDARG00000034734	0.7826027581673436	211	other	0.018327108486059236
ENSDARG00000034753	1.0056043632251945	97	other	0.00842525840354382
ENSDARG00000034768	0.5614577410601418	23	other	0.001997741683314514
ENSDARG00000034771	0.8165407630576212	146	other	0.012681316772344306
ENSDARG00000034773	0.34410218863263853	1016	other	0.08824806740206723
ENSDARG00000034777	0.7693868345783001	95	other	0.008251541735429515
ENSDARG00000034785	0.07139166468932266	1939	high zero count	0.16841830973681926
ENSDARG00000034801	0.10085185380443085	3133	high zero count	0.2721271606010597
ENSDARG00000034808	0.1713701375224567	1147	high zero count	0.09962650916355424
ENSDARG00000034817	0.5962741000038303	877	other	0.076174758968123
ENSDARG00000034823	0.8896958105198184	39	other	0.0033874750282289587
ENSDARG00000034825	0.619498938223225	1478	high zero count	0.12837661773647183
ENSDARG00000034836	0.08600535654777547	617	other	0.05359159211326327
ENSDARG00000034852	0.391272020689096	1176	high zero count	0.10214540085121167
ENSDARG00000034855	0.300688914691614	115	other	0.00998870841657257
ENSDARG00000034883	0.011794830398410706	801	other	0.06957352557977937
ENSDARG00000034885	0.007626569717623133	949	other	0.08242855902023799
ENSDARG00000034893	0.3652099778421831	42	other	0.003648050030400417
ENSDARG00000034896	0.035692222079568486	507	other	0.04403717536697646
ENSDARG00000034897	3.2180282759755547	1	other	8.685833405715279e-5
ENSDARG00000034916	1.1561940543746483	37	other	0.003213758360114653
ENSDARG00000034933	0.05220012243117289	1431	high zero count	0.12429427603578563
ENSDARG00000034943	0.41471920623480885	106	other	0.009206983410058196
ENSDARG00000034956	0.8420790081355632	70	other	0.006080083384000695
ENSDARG00000034957	0.4454222752455798	165	other	0.01433162511943021
ENSDARG00000034982	0.5622981373817671	24	other	0.002084600017371667
ENSDARG00000035005	-0.15643811270981206	1329	high zero count	0.11543472596195604
ENSDARG00000035018	0.9553693968127238	285	other	0.024754625206288544
ENSDARG00000035023	1.4790596152026925	202	other	0.017545383479544863
ENSDARG00000035028	0.1964344632518846	1095	high zero count	0.0951098757925823
ENSDARG00000035043	1.4737565375670678	25	other	0.0021714583514288194
ENSDARG00000035054	1.0848716116567432	38	other	0.0033006166941718057
ENSDARG00000035056	0.4767407441421674	1153	high zero count	0.10014765916789715
ENSDARG00000035066	1.2297602846037163	5	other	4.342916702857639e-4
ENSDARG00000035074	-0.10905957477766719	561	other	0.04872752540606271
ENSDARG00000035095	0.17884845967480928	2302	high zero count	0.1999478849995657
ENSDARG00000035120	0.5617325089086872	688	other	0.05975853383132112
ENSDARG00000035122	0.3962951714769378	29	other	0.0025188916876574307
ENSDARG00000035129	0.6933945432359675	120	other	0.010423000086858335
ENSDARG00000035131	0.29005754694364894	703	other	0.06106140884217841
ENSDARG00000035132	0.3545966771858575	216	other	0.018761400156345
ENSDARG00000035133	0.19309201465558584	24	other	0.002084600017371667
ENSDARG00000035136	1.880408663340041	18	other	0.00156345001302875
ENSDARG00000035146	0.8756914784781556	136	other	0.011812733431772778
ENSDARG00000035147	0.11322409973731196	782	other	0.06792321723269348
ENSDARG00000035149	-0.025678792041981226	2168	high zero count	0.18830886823590723
ENSDARG00000035152	1.5861685967368575	13	other	0.0011291583427429862
ENSDARG00000035167	0.5538603198422585	126	other	0.010944150091201251
ENSDARG00000035175	1.2163764445616	172	other	0.01493963345783028
ENSDARG00000035178	0.6957809208451505	826	other	0.0717449839312082
ENSDARG00000035181	0.037804351685617354	308	other	0.026752366889603058
ENSDARG00000035184	0.1482718339660199	1614	high zero count	0.1401893511682446
ENSDARG00000035198	0.1579077483355628	2222	high zero count	0.19299921827499347
ENSDARG00000035221	0.34024504552058166	3676	high zero count	0.31929123599409365
ENSDARG00000035253	0.13035585203426436	1126	high zero count	0.09780248414835403
ENSDARG00000035256	0.880831259234705	559	other	0.04855380873794841
ENSDARG00000035264	0.5574443117249659	69	other	0.005993225049943542
ENSDARG00000035282	1.0041548944770895	51	other	0.004429775036914792
ENSDARG00000035285	0.19414233278242227	1	other	8.685833405715279e-5
ENSDARG00000035308	0.2063917915954639	158	other	0.013723616781030139
ENSDARG00000035322	-0.22005421589769714	915	other	0.0794753756622948
ENSDARG00000035324	1.3806620119074453	6	other	5.211500043429167e-4
ENSDARG00000035325	1.5551471438172197	9	other	7.81725006514375e-4
ENSDARG00000035326	0.8130948086784227	88	other	0.007643533397029445
ENSDARG00000035327	1.6258643626401335	537	other	0.046642925388691046
ENSDARG00000035329	1.737856570939474	11	other	9.554416746286806e-4
ENSDARG00000035330	0.21808215081347895	14	other	0.001216016676800139
ENSDARG00000035332	0.40831936260634927	455	other	0.039520541996004514
ENSDARG00000035333	0.09483546420315883	1124	high zero count	0.09762876748023973
ENSDARG00000035350	0.1661359975645048	2474	high zero count	0.21488751845739598
ENSDARG00000035357	0.32295064692612413	474	other	0.04117085034309042
ENSDARG00000035360	0.5816366683005298	159	other	0.013810475115087293
ENSDARG00000035389	0.36302260676268494	55	other	0.004777208373143403
ENSDARG00000035390	0.36850979827099756	95	other	0.008251541735429515
ENSDARG00000035398	0.5600309053674858	116	other	0.010075566750629723
ENSDARG00000035399	0.5334153234838864	771	other	0.0669677755580648
ENSDARG00000035400	3.047729913963507	1	other	8.685833405715279e-5
ENSDARG00000035406	0.17912973690360195	1076	high zero count	0.0934595674454964
ENSDARG00000035420	0.376852019636162	237	other	0.02058542517154521
ENSDARG00000035427	0.6924517122174303	87	other	0.007556675062972292
ENSDARG00000035433	0.24538288341794537	68	other	0.005906366715886389
ENSDARG00000035434	0.8511149718997367	1116	high zero count	0.09693390080778251
ENSDARG00000035458	0.8385114390076894	361	other	0.031355858594632156
ENSDARG00000035459	0.8781250057907248	773	other	0.0671414922261791
ENSDARG00000035470	0.80142931865617	6	other	5.211500043429167e-4
ENSDARG00000035505	0.37925150179326933	194	other	0.01685051680708764
ENSDARG00000035506	0.3287448430480933	1918	high zero count	0.16659428472161905
ENSDARG00000035507	0.13706768553374776	520	other	0.045166333709719446
ENSDARG00000035508	-0.0047145813106371365	494	other	0.042908017024233476
ENSDARG00000035519	2.30264023439317	53	other	0.004603491705029098
ENSDARG00000035521	0.29856642948781603	330	other	0.02866325023886042
ENSDARG00000035535	0.5553008896477137	173	other	0.015026491791887432
ENSDARG00000035540	-0.1107921833721515	110	other	0.009554416746286806
ENSDARG00000035544	0.3137350754441383	334	other	0.02901068357508903
ENSDARG00000035549	0.7341542561732401	815	other	0.07078954225657952
ENSDARG00000035551	-0.2952140238228358	1091	high zero count	0.0947624424563537
ENSDARG00000035556	0.5730572654936851	25	other	0.0021714583514288194
ENSDARG00000035557	1.5296323638622797	37	other	0.003213758360114653
ENSDARG00000035558	0.4762218995249513	31	other	0.0026926083557717363
ENSDARG00000035559	1.4059114587758041	30	other	0.0026057500217145837
ENSDARG00000035562	0.10154348387076069	1277	high zero count	0.1109180925909841
ENSDARG00000035563	0.8115315386256952	201	other	0.01745852514548771
ENSDARG00000035564	0.4398548983817595	6	other	5.211500043429167e-4
ENSDARG00000035565	0.7410066859639001	909	other	0.07895422565795188
ENSDARG00000035569	0.016705320053932986	353	other	0.030660991922174932
ENSDARG00000035570	0.37732016878525404	201	other	0.01745852514548771
ENSDARG00000035571	0.9891455151633101	89	other	0.007730391731086598
ENSDARG00000035573	0.5050898423717478	774	other	0.06722835056023625
ENSDARG00000035577	1.2817224200764867	102	other	0.008859550073829584
ENSDARG00000035579	0.13980740505235204	1887	high zero count	0.1639016763658473
ENSDARG00000035595	-0.004860851055632729	2191	high zero count	0.19030660991922174
ENSDARG00000035596	1.250999995110728	113	other	0.009814991748458264
ENSDARG00000035598	0.6738656726804164	4	other	3.4743333622861116e-4
ENSDARG00000035602	0.12387083369970774	2347	high zero count	0.2038565100321376
ENSDARG00000035605	-0.0700697785334059	187	other	0.01624250846868757
ENSDARG00000035607	-0.2064601016871655	396	other	0.0343959002866325
ENSDARG00000035608	0.5442551577712864	70	other	0.006080083384000695
ENSDARG00000035610	0.3288636544156357	146	other	0.012681316772344306
ENSDARG00000035618	0.48151840400709256	318	other	0.027620950230174586
ENSDARG00000035622	2.095972020689146	2	other	1.7371666811430558e-4
ENSDARG00000035625	1.402530677805414	75	other	0.006514375054286459
ENSDARG00000035629	-0.11355223671355857	1307	high zero count	0.11352384261269868
ENSDARG00000035630	-0.053583123814140765	315	other	0.027360375228003126
ENSDARG00000035631	1.0513018864541763	1514	high zero count	0.1315035177625293
ENSDARG00000035633	-0.023207351877946005	568	other	0.049335533744462784
ENSDARG00000035634	0.437062267180578	129	other	0.01120472509337271
ENSDARG00000035648	-0.059408875804035005	3627	high zero count	0.31503517762529315
ENSDARG00000035650	0.03333586594546355	252	other	0.021888300182402502
ENSDARG00000035652	-0.12681229157686918	462	other	0.040128550334404586
ENSDARG00000035660	-0.05512343862323182	1151	high zero count	0.09997394249978285
ENSDARG00000035676	1.8832105033429032	2	other	1.7371666811430558e-4
ENSDARG00000035678	1.637341998668929	37	other	0.003213758360114653
ENSDARG00000035679	1.8083511299463837	15	other	0.0013028750108572918
ENSDARG00000035682	0.28172947504492163	1293	high zero count	0.11230782593589855
ENSDARG00000035692	3.3734953565233123	1	other	8.685833405715279e-5
ENSDARG00000035694	1.7823190583801196	154	other	0.013376183444801529
ENSDARG00000035699	0.7521613970519127	43	other	0.00373490836445757
ENSDARG00000035700	-0.0899103820637344	1435	high zero count	0.12464170937201424
ENSDARG00000035706	-0.08557393987559551	718	other	0.0623642838530357
ENSDARG00000035715	2.883663232062549	6	other	5.211500043429167e-4
ENSDARG00000035719	0.6775466439727537	792	other	0.068791800573265
ENSDARG00000035732	0.07198918758781529	265	other	0.023017458525145487
ENSDARG00000035741	1.1320735322725084	404	other	0.03509076695908973
ENSDARG00000035751	1.9302259551299534	2	other	1.7371666811430558e-4
ENSDARG00000035763	0.474838366939289	83	other	0.007209241726743681
ENSDARG00000035771	0.1557471227723106	3	other	2.6057500217145836e-4
ENSDARG00000035781	1.3710113706404834	140	other	0.01216016676800139
ENSDARG00000035808	0.0924973512541045	2293	high zero count	0.19916615999305134
ENSDARG00000035809	1.4828170513034569	855	other	0.07426387561886563
ENSDARG00000035810	0.9001694673015929	185	other	0.016068791800573266
ENSDARG00000035819	0.056195252858476735	283	other	0.024580908538174236
ENSDARG00000035821	0.552943190784674	12	other	0.0010423000086858334
ENSDARG00000035823	0.09286179521262578	394	other	0.0342221836185182
ENSDARG00000035835	0.7473231475680931	381	other	0.03309302527577521
ENSDARG00000035837	0.16554732615865317	1858	high zero count	0.16138278467818987
ENSDARG00000035853	0.0860872337734704	155	other	0.013463041778858681
ENSDARG00000035858	1.5305726859106208	51	other	0.004429775036914792
ENSDARG00000035859	0.9444904972187429	889	other	0.07721705897680882
ENSDARG00000035860	2.32039187642608	1	other	8.685833405715279e-5
ENSDARG00000035868	0.11841723392599433	359	other	0.03118214192651785
ENSDARG00000035869	1.9582667645378178	46	other	0.003995483366629028
ENSDARG00000035870	1.0746053001319835	207	other	0.017979675149830628
ENSDARG00000035871	3.832070172080707	1	other	8.685833405715279e-5
ENSDARG00000035872	0.4689929489898805	144	other	0.01250760010423
ENSDARG00000035879	0.07066392763825789	1266	high zero count	0.10996265091635543
ENSDARG00000035880	0.5840498393197588	874	other	0.07591418396595154
ENSDARG00000035882	0.8141162693601501	285	other	0.024754625206288544
ENSDARG00000035883	-0.06166478674145471	580	other	0.05037783375314862
ENSDARG00000035887	-0.01631055233292553	1588	high zero count	0.13793103448275862
ENSDARG00000035889	-0.08210314554390598	1225	high zero count	0.10640145922001217
ENSDARG00000035890	1.0319077488455548	164	other	0.014244766785373057
ENSDARG00000035905	0.14879031226005418	90	other	0.007817250065143751
ENSDARG00000035907	0.3484086207917948	193	other	0.016763658473030487
ENSDARG00000035909	1.1298131109444212	216	other	0.018761400156345
ENSDARG00000035910	0.6917235597670718	35	other	0.0030400416920003475
ENSDARG00000035913	0.536562802095282	92	other	0.007990966733258055
ENSDARG00000035914	0.8574542227446629	91	other	0.007904108399200903
ENSDARG00000035918	0.5430378175940691	72	other	0.006253800052115
ENSDARG00000035924	0.966274384906314	15	other	0.0013028750108572918
ENSDARG00000035954	0.06518110821994562	2015	high zero count	0.17501954312516285
ENSDARG00000035957	0.7157468923938447	24	other	0.002084600017371667
ENSDARG00000035958	0.550772667404684	476	other	0.04134456701120472
ENSDARG00000035963	-0.21880322388761012	1971	high zero count	0.17119777642664813
ENSDARG00000035970	0.4294498355438509	1271	high zero count	0.11039694258664119
ENSDARG00000035978	0.22068747682542764	33	other	0.002866325023886042
ENSDARG00000035984	-0.14519769029629906	2032	high zero count	0.17649613480413445
ENSDARG00000035985	0.3886839735849725	462	other	0.040128550334404586
ENSDARG00000035986	0.7054721401308371	60	other	0.005211500043429167
ENSDARG00000035987	0.5349694763467618	368	other	0.03196386693303222
ENSDARG00000035990	0.9400794598337514	142	other	0.012333883436115696
ENSDARG00000035993	1.6347213673487995	17	other	0.0014765916789715972
ENSDARG00000036005	0.1778970218599747	492	other	0.04273430035611917
ENSDARG00000036028	1.1271701457034793	707	other	0.061408842178407017
ENSDARG00000036036	1.548980285440899	118	other	0.010249283418744029
ENSDARG00000036038	0.2501935663813997	1550	high zero count	0.1346304177885868
ENSDARG00000036040	1.118732082608514	212	other	0.018413966820116392
ENSDARG00000036041	0.43423754858657315	650	other	0.05645791713714931
ENSDARG00000036051	-0.07368367114511949	2912	high zero count	0.2529314687744289
ENSDARG00000036055	0.08394359521583487	663	other	0.057587075479892294
ENSDARG00000036056	0.050848586759622526	1114	high zero count	0.0967601841396682
ENSDARG00000036057	0.3838014458461156	765	other	0.06644662555372188
ENSDARG00000036058	0.5997063883791705	919	other	0.07982280899852341
ENSDARG00000036059	0.49211328900532014	902	other	0.07834621731955181
ENSDARG00000036060	0.48062604389085023	243	other	0.021106575175888126
ENSDARG00000036061	0.15631258923287822	195	other	0.01693737514114479
ENSDARG00000036063	0.3232882811287938	1407	high zero count	0.12220967601841397
ENSDARG00000036064	1.2616224884321887	834	other	0.07243985060366542
ENSDARG00000036065	0.5280496654586746	87	other	0.007556675062972292
ENSDARG00000036066	0.15136164353164802	385	other	0.03344045861200382
ENSDARG00000036069	0.5815547699655826	204	other	0.017719100147659168
ENSDARG00000036070	0.39433539628158065	1328	high zero count	0.11534786762789889
ENSDARG00000036071	0.4826930550380625	1528	high zero count	0.13271953443932946
ENSDARG00000036073	0.9817995802244661	167	other	0.014505341787544515
ENSDARG00000036074	0.7812130650409285	279	other	0.024233475201945628
ENSDARG00000036076	0.450219202245256	224	other	0.019456266828802225
ENSDARG00000036080	1.972603157399019	20	other	0.0017371666811430556
ENSDARG00000036090	0.43460677901491374	523	other	0.04542690871189091
ENSDARG00000036092	0.17253048292840617	547	other	0.047511508729262575
ENSDARG00000036094	0.2077778666975418	174	other	0.015113350125944584
ENSDARG00000036096	0.36623845530947774	90	other	0.007817250065143751
ENSDARG00000036100	0.8145302218507359	124	other	0.010770433423086945
ENSDARG00000036102	1.4475218487045878	67	other	0.005819508381829237
ENSDARG00000036107	1.1714795425250508	23	other	0.001997741683314514
ENSDARG00000036109	0.1355419230266431	2146	high zero count	0.18639798488664988
ENSDARG00000036116	0.39141878270250036	1749	high zero count	0.1519152262659602
ENSDARG00000036135	0.3415785806919659	490	other	0.04256058368800487
ENSDARG00000036136	0.502677074617841	104	other	0.00903326674194389
ENSDARG00000036144	0.39586631685405627	32	other	0.0027794666898288893
ENSDARG00000036147	0.38567505990566286	477	other	0.041431425345261876
ENSDARG00000036152	-0.24415046062738363	527	other	0.04577434204811952
ENSDARG00000036158	0.3098584108555402	1037	other	0.09007209241726744
ENSDARG00000036161	3.32791627949517	2	other	1.7371666811430558e-4
ENSDARG00000036162	1.6921879307480785	21	other	0.0018240250152002084
ENSDARG00000036164	0.4217536005280632	43	other	0.00373490836445757
ENSDARG00000036168	0.6658012456406635	1457	high zero count	0.12655259272127162
ENSDARG00000036171	0.43690664563396914	296	other	0.025710066880917225
ENSDARG00000036175	0.47864476506174103	275	other	0.023886041865717016
ENSDARG00000036179	0.3134596441108338	804	other	0.06983410058195084
ENSDARG00000036180	0.28942348761944736	432	other	0.03752280031269
ENSDARG00000036190	1.2330620034755897	162	other	0.014071050117258751
ENSDARG00000036194	0.22040738825067066	181	other	0.015721358464344654
ENSDARG00000036212	0.25911973226468876	116	other	0.010075566750629723
ENSDARG00000036214	0.00247580032073927	1831	high zero count	0.15903760965864674
ENSDARG00000036232	0.9875077569090693	336	other	0.029184400243203335
ENSDARG00000036235	-0.08052457858352018	830	other	0.07209241726743681
ENSDARG00000036237	0.5428266965036674	128	other	0.011117866759315557
ENSDARG00000036239	1.0701479520970147	40	other	0.0034743333622861113
ENSDARG00000036252	0.7565925052508908	170	other	0.014765916789715974
ENSDARG00000036254	-0.07454751779493637	3398	high zero count	0.29514461912620515
ENSDARG00000036257	0.6564501769453139	24	other	0.002084600017371667
ENSDARG00000036272	-0.08496000375454443	1913	high zero count	0.16615999305133328
ENSDARG00000036279	0.5006841080585682	213	other	0.018500825154173544
ENSDARG00000036281	0.3267661311640283	2859	high zero count	0.2483279770693998
ENSDARG00000036282	0.5830857778141135	108	other	0.0093807000781725
ENSDARG00000036291	0.3560718964561684	213	other	0.018500825154173544
ENSDARG00000036292	0.43157305746378827	2821	high zero count	0.24502736037522801
ENSDARG00000036295	0.954376137154165	231	other	0.020064275167202293
ENSDARG00000036298	2.034490716239657	7	other	6.080083384000695e-4
ENSDARG00000036299	1.3784548315977527	68	other	0.005906366715886389
ENSDARG00000036305	0.5758545233869824	150	other	0.013028750108572918
ENSDARG00000036316	3.2367828974870116	1	other	8.685833405715279e-5
ENSDARG00000036329	1.3137809357291534	118	other	0.010249283418744029
ENSDARG00000036335	0.27236920293489064	55	other	0.004777208373143403
ENSDARG00000036338	0.5281747711617688	1308	high zero count	0.11361070094675584
ENSDARG00000036344	0.644921506845463	1897	high zero count	0.16477025970641884
ENSDARG00000036345	0.04182515860896752	1455	high zero count	0.1263788760531573
ENSDARG00000036359	0.2586145480488304	194	other	0.01685051680708764
ENSDARG00000036371	1.2098756234126822	79	other	0.0068618083905150696
ENSDARG00000036375	0.789026735320836	118	other	0.010249283418744029
ENSDARG00000036383	0.5600659311367496	842	other	0.07313471727612264
ENSDARG00000036386	0.086282014504153	102	other	0.008859550073829584
ENSDARG00000036394	0.5341831119280145	168	other	0.014592200121601668
ENSDARG00000036414	0.35445085467477555	223	other	0.019369408494745072
ENSDARG00000036420	0.06729014901856516	647	other	0.05619734213497785
ENSDARG00000036422	0.033281752201979486	1100	high zero count	0.09554416746286806
ENSDARG00000036424	0.8044505162634826	417	other	0.03621992530183271
ENSDARG00000036426	0.08318089915188806	188	other	0.016329366802744723
ENSDARG00000036427	0.8583441366542734	172	other	0.01493963345783028
ENSDARG00000036428	0.16658957237613048	1734	high zero count	0.15061235125510292
ENSDARG00000036438	1.6758887141532974	40	other	0.0034743333622861113
ENSDARG00000036445	0.040843917324503556	189	other	0.016416225136801875
ENSDARG00000036456	1.3850174756701517	149	other	0.012941891774515765
ENSDARG00000036457	-0.22670651857384433	1050	high zero count	0.09120125076001043
ENSDARG00000036473	0.17122304833094948	3728	high zero count	0.32380786936506556
ENSDARG00000036481	0.606117103712391	2654	high zero count	0.23052201858768348
ENSDARG00000036482	1.0168315996717492	120	other	0.010423000086858335
ENSDARG00000036489	1.0844740910135768	5	other	4.342916702857639e-4
ENSDARG00000036493	-0.03711139903081798	484	other	0.04203943368366195
ENSDARG00000036494	-0.07378999824180942	3122	high zero count	0.271171718926431
ENSDARG00000036500	0.48001465570191437	43	other	0.00373490836445757
ENSDARG00000036501	0.6382855243924876	386	other	0.033527316946060974
ENSDARG00000036505	0.814523578061552	1868	high zero count	0.1622513680187614
ENSDARG00000036510	1.4334955246663676	10	other	8.685833405715278e-4
ENSDARG00000036541	0.30957166476422854	356	other	0.030921566924346392
ENSDARG00000036542	-0.016451243898990223	1050	high zero count	0.09120125076001043
ENSDARG00000036549	0.7237164614859964	150	other	0.013028750108572918
ENSDARG00000036558	1.1953933448443081	18	other	0.00156345001302875
ENSDARG00000036569	-0.17111536776910297	185	other	0.016068791800573266
ENSDARG00000036571	-0.20196322835291697	1211	high zero count	0.10518544254321202
ENSDARG00000036575	0.03182312627054295	1337	high zero count	0.11612959263441328
ENSDARG00000036577	1.3890450274093946	211	other	0.018327108486059236
ENSDARG00000036587	0.42523395695333915	690	other	0.05993225049943542
ENSDARG00000036588	1.1308041027970528	1267	high zero count	0.11004950925041258
ENSDARG00000036592	-0.0647905871408064	1209	high zero count	0.10501172587509772
ENSDARG00000036593	1.262376358475176	29	other	0.0025188916876574307
ENSDARG00000036616	-0.15011387578690036	581	other	0.05046469208720577
ENSDARG00000036625	1.0563167475067685	62	other	0.0053852167115434725
ENSDARG00000036629	3.7263166611700878	3	other	2.6057500217145836e-4
ENSDARG00000036630	0.2600859637646323	816	other	0.07087640059063667
ENSDARG00000036637	1.029080111517713	326	other	0.028315816902631807
ENSDARG00000036645	0.284835285054836	3839	high zero count	0.3334491444454095
ENSDARG00000036658	1.310533678772207	63	other	0.0054720750456006256
ENSDARG00000036670	0.3865489512732699	271	other	0.023538608529488404
ENSDARG00000036671	0.4327598458327209	334	other	0.02901068357508903
ENSDARG00000036675	1.9563647860453346	1	other	8.685833405715279e-5
ENSDARG00000036678	0.24872595854296214	73	other	0.006340658386172153
ENSDARG00000036684	1.039627112773056	126	other	0.010944150091201251
ENSDARG00000036685	0.3795671255620055	49	other	0.004256058368800487
ENSDARG00000036687	0.952959771290295	14	other	0.001216016676800139
ENSDARG00000036695	0.615188998455707	770	other	0.06688091722400764
ENSDARG00000036698	0.7214487284884413	5	other	4.342916702857639e-4
ENSDARG00000036704	0.9255574228372652	549	other	0.04768522539737688
ENSDARG00000036721	0.6433547096048682	172	other	0.01493963345783028
ENSDARG00000036754	1.9099870486012618	54	other	0.00469035003908625
ENSDARG00000036764	0.4425212751517828	922	other	0.08008338400069487
ENSDARG00000036772	0.2603780619003903	46	other	0.003995483366629028
ENSDARG00000036773	0.41363476571762436	1616	high zero count	0.1403630678363589
ENSDARG00000036774	0.5713442108736406	158	other	0.013723616781030139
ENSDARG00000036776	0.2345228558955581	1444	high zero count	0.12542343437852863
ENSDARG00000036778	0.41634399494485974	23	other	0.001997741683314514
ENSDARG00000036781	0.13411489206305718	456	other	0.039607400330061666
ENSDARG00000036784	0.3225529376443446	551	other	0.047858942065491183
ENSDARG00000036785	0.5604243885151574	108	other	0.0093807000781725
ENSDARG00000036787	-0.11742486353195693	3644	high zero count	0.3165117693042647
ENSDARG00000036791	0.6660566517673909	137	other	0.011899591765829932
ENSDARG00000036809	0.275741550542755	454	other	0.03943368366194736
ENSDARG00000036811	1.2252472243525274	203	other	0.017632241813602016
ENSDARG00000036816	-0.14473921468757825	211	other	0.018327108486059236
ENSDARG00000036820	0.27391275730345016	187	other	0.01624250846868757
ENSDARG00000036830	3.0049125931413596	224	other	0.019456266828802225
ENSDARG00000036831	1.1084020230340135	38	other	0.0033006166941718057
ENSDARG00000036832	2.4081196866467405	412	other	0.035785633631546944
ENSDARG00000036833	0.029651120745971427	808	other	0.07018153391817945
ENSDARG00000036834	1.5595139577952724	369	other	0.03205072526708938
ENSDARG00000036840	0.920031243913428	2208	high zero count	0.19178320159819334
ENSDARG00000036844	-0.17541487529689406	1681	high zero count	0.14600885955007384
ENSDARG00000036846	0.27549344244629076	252	other	0.021888300182402502
ENSDARG00000036848	0.8249057502588704	393	other	0.034135325284461046
ENSDARG00000036855	0.2464406534143953	88	other	0.007643533397029445
ENSDARG00000036863	0.36248881319544707	249	other	0.021627725180231042
ENSDARG00000036868	0.3018804566502165	107	other	0.009293841744115348
ENSDARG00000036869	0.14937852710865762	447	other	0.0388256753235473
ENSDARG00000036870	0.32227969398929146	62	other	0.0053852167115434725
ENSDARG00000036875	3.4029236040802933	2	other	1.7371666811430558e-4
ENSDARG00000036876	1.5612612136070547	874	other	0.07591418396595154
ENSDARG00000036888	0.07499427626062255	640	other	0.05558933379657778
ENSDARG00000036893	0.4393479698198544	58	other	0.005037783375314861
ENSDARG00000036894	-0.09706877134428014	684	other	0.0594111004950925
ENSDARG00000036903	0.04950451677589364	2696	high zero count	0.2341700686180839
ENSDARG00000036911	0.12492701873918433	1530	high zero count	0.13289325110744377
ENSDARG00000036915	0.20463822419868372	153	other	0.013289325110744377
ENSDARG00000036924	-0.17928812022438936	1647	high zero count	0.14305567619213064
ENSDARG00000036929	1.1157459337142503	445	other	0.038651958655432986
ENSDARG00000036930	-0.05731226314522416	3752	high zero count	0.32589246938243727
ENSDARG00000036942	0.5640415372517215	181	other	0.015721358464344654
ENSDARG00000036943	-0.019908414112017322	257	other	0.022322591852688266
ENSDARG00000036956	0.9221352896725025	55	other	0.004777208373143403
ENSDARG00000036965	0.2797469904605372	697	other	0.06054025883783549
ENSDARG00000036966	0.5576969238519911	2709	high zero count	0.2352992269608269
ENSDARG00000036967	0.5519566931639831	165	other	0.01433162511943021
ENSDARG00000036974	-0.13390281851300256	1828	high zero count	0.1587770346564753
ENSDARG00000036987	0.04495819181280058	556	other	0.04829323373577695
ENSDARG00000036990	0.33518021542210225	942	other	0.08182055068183793
ENSDARG00000036994	0.04441235316837235	42	other	0.003648050030400417
ENSDARG00000036995	1.7748528412195697	96	other	0.008338400069486667
ENSDARG00000037000	0.27153482917896843	149	other	0.012941891774515765
ENSDARG00000037002	-0.09075881594560706	281	other	0.024407191870059932
ENSDARG00000037009	2.3279253497667844	9	other	7.81725006514375e-4
ENSDARG00000037012	1.5104579934867546	2376	high zero count	0.20637540171979502
ENSDARG00000037017	0.8144445374620495	3	other	2.6057500217145836e-4
ENSDARG00000037018	0.25233032509009085	18	other	0.00156345001302875
ENSDARG00000037020	0.5269253632993609	91	other	0.007904108399200903
ENSDARG00000037030	0.12335151153085783	1082	high zero count	0.09398071744983931
ENSDARG00000037038	1.7315350714921982	9	other	7.81725006514375e-4
ENSDARG00000037046	-0.04906160432882337	1592	high zero count	0.13827846781898723
ENSDARG00000037057	0.8441407451821468	127	other	0.011031008425258403
ENSDARG00000037059	0.1636318707255572	181	other	0.015721358464344654
ENSDARG00000037060	-0.020631344374381574	619	other	0.05376530878137757
ENSDARG00000037061	0.3772180771164226	441	other	0.03830452531920438
ENSDARG00000037070	0.5009389992748022	1076	high zero count	0.0934595674454964
ENSDARG00000037071	3.0073340460316236	8	other	6.948666724572223e-4
ENSDARG00000037073	0.0544477273895614	644	other	0.055936767132806396
ENSDARG00000037079	0.20292216842862557	1248	high zero count	0.10839920090332668
ENSDARG00000037091	0.05118505698868733	3538	high zero count	0.30730478589420657
ENSDARG00000037097	0.4540693013102406	1959	high zero count	0.1701554764179623
ENSDARG00000037099	-0.020185713206649702	1367	high zero count	0.11873534265612785
ENSDARG00000037100	0.2632721326970447	799	other	0.06939980891166507
ENSDARG00000037108	1.1350967530775666	103	other	0.008946408407886736
ENSDARG00000037109	0.7597887324667711	106	other	0.009206983410058196
ENSDARG00000037116	0.7198174986139896	107	other	0.009293841744115348
ENSDARG00000037122	0.2500137910971411	1151	high zero count	0.09997394249978285
ENSDARG00000037140	0.18894633274013062	2681	high zero count	0.2328671936072266
ENSDARG00000037145	-0.10680739016288944	288	other	0.02501520020846
ENSDARG00000037153	0.8229340133057073	400	other	0.03474333362286111
ENSDARG00000037154	-0.1576793100466322	604	other	0.05246243377052028
ENSDARG00000037158	0.6610083014857671	424	other	0.036827933640232784
ENSDARG00000037172	-0.21830435503552958	1483	high zero count	0.12881090940675757
ENSDARG00000037176	0.6668851166275759	1058	high zero count	0.09189611743246764
ENSDARG00000037177	1.0783357345984668	9	other	7.81725006514375e-4
ENSDARG00000037178	0.6163176921071789	1060	high zero count	0.09206983410058195
ENSDARG00000037188	0.8633837195401111	82	other	0.007122383392686529
ENSDARG00000037196	0.1453526203391695	985	other	0.0855554590462955
ENSDARG00000037199	0.1993523956733808	1396	high zero count	0.12125423434378528
ENSDARG00000037229	1.1801877513766241	14	other	0.001216016676800139
ENSDARG00000037238	0.9179940865059268	28	other	0.002432033353600278
ENSDARG00000037244	0.17994354226779619	1290	high zero count	0.1120472509337271
ENSDARG00000037259	1.4307886009918223	120	other	0.010423000086858335
ENSDARG00000037260	0.10947210971981876	179	other	0.015547641796230348
ENSDARG00000037261	1.0833990125192317	56	other	0.004864066707200556
ENSDARG00000037267	0.006736303241002332	918	other	0.07973595066446626
ENSDARG00000037276	0.02042170456010074	311	other	0.027012941891774517
ENSDARG00000037281	0.6985485392606317	888	other	0.07713020064275167
ENSDARG00000037283	0.7005057272721695	602	other	0.05228871710240598
ENSDARG00000037284	1.5404564960724367	69	other	0.005993225049943542
ENSDARG00000037285	0.9408352885504829	1010	other	0.08772691739772431
ENSDARG00000037291	0.5901901788610652	52	other	0.004516633370971945
ENSDARG00000037307	0.2963756351049915	79	other	0.0068618083905150696
ENSDARG00000037309	0.10694341071732077	615	other	0.05341787544514896
ENSDARG00000037318	1.732664373577774	7	other	6.080083384000695e-4
ENSDARG00000037324	0.3626492934330364	801	other	0.06957352557977937
ENSDARG00000037334	0.5209187229866076	731	other	0.06349344219577868
ENSDARG00000037350	3.5628062749336262	2	other	1.7371666811430558e-4
ENSDARG00000037353	0.4657387408808151	723	other	0.06279857552332146
ENSDARG00000037358	1.0190266639143226	360	other	0.031269000260575004
ENSDARG00000037361	1.5067870293766332	59	other	0.005124641709372014
ENSDARG00000037362	-0.12879274550278785	753	other	0.06540432554503604
ENSDARG00000037363	0.31952977375400476	151	other	0.01311560844263007
ENSDARG00000037373	0.5590331905988206	232	other	0.020151133501259445
ENSDARG00000037378	0.2756620965638361	396	other	0.0343959002866325
ENSDARG00000037383	-0.11600711058674419	1240	high zero count	0.10770433423086945
ENSDARG00000037392	0.8666011768752154	19	other	0.0016503083470859028
ENSDARG00000037393	0.9672550946328395	38	other	0.0033006166941718057
ENSDARG00000037397	0.5599067727742184	23	other	0.001997741683314514
ENSDARG00000037402	1.3983851934868725	704	other	0.06114826717623556
ENSDARG00000037403	0.20806203072640023	2331	high zero count	0.20246677668722313
ENSDARG00000037405	0.17672165288019923	996	other	0.08651090072092417
ENSDARG00000037406	-0.19246174310009687	337	other	0.029271258577260487
ENSDARG00000037409	0.03994815484894823	1997	high zero count	0.1734560931121341
ENSDARG00000037410	0.5725671147461118	250	other	0.021714583514288194
ENSDARG00000037421	0.3149000082738031	2301	high zero count	0.19986102666550856
ENSDARG00000037423	0.5545624122942774	167	other	0.014505341787544515
ENSDARG00000037429	-0.014214425632709292	351	other	0.030487275254060628
ENSDARG00000037432	0.3589634681239154	227	other	0.01971684183097368
ENSDARG00000037433	0.6237741699403696	6	other	5.211500043429167e-4
ENSDARG00000037455	0.5405253560381285	270	other	0.02345175019543125
ENSDARG00000037476	0.20821602734912742	149	other	0.012941891774515765
ENSDARG00000037484	0.1790031621904096	2411	high zero count	0.20941544341179535
ENSDARG00000037496	0.5520339409224093	1718	high zero count	0.14922261791018848
ENSDARG00000037498	0.5590797342326141	514	other	0.04464518370537653
ENSDARG00000037503	0.5215509732896583	2	other	1.7371666811430558e-4
ENSDARG00000037506	0.5566192528762689	60	other	0.005211500043429167
ENSDARG00000037514	0.5670485037652313	578	other	0.05020411708503431
ENSDARG00000037517	0.34194005624783486	9	other	7.81725006514375e-4
ENSDARG00000037528	0.0076852901701765074	917	other	0.07964909233040911
ENSDARG00000037537	0.11128529020196043	717	other	0.062277425518978545
ENSDARG00000037539	0.6980144194566238	1055	high zero count	0.09163554243029619
ENSDARG00000037551	0.05062487862674687	3495	high zero count	0.30356987752974895
ENSDARG00000037555	0.1019211536119974	831	other	0.07217927560149397
ENSDARG00000037556	0.7440467600879676	211	other	0.018327108486059236
ENSDARG00000037559	1.6598364254661697	1	other	8.685833405715279e-5
ENSDARG00000037560	0.47871640649499003	646	other	0.0561104838009207
ENSDARG00000037570	0.3309481193037787	556	other	0.04829323373577695
ENSDARG00000037574	0.43467172953764904	147	other	0.012768175106401458
ENSDARG00000037587	0.06836897753417126	320	other	0.02779466689828889
ENSDARG00000037589	0.5704516911687681	74	other	0.006427516720229306
ENSDARG00000037593	0.17653026064881952	64	other	0.005558933379657779
ENSDARG00000037607	-0.07307408955111355	2053	high zero count	0.17832015981933466
ENSDARG00000037618	0.4421859076460971	11	other	9.554416746286806e-4
ENSDARG00000037628	0.3273601299493801	197	other	0.0171110918092591
ENSDARG00000037633	0.15010962254478025	132	other	0.011465300095544168
ENSDARG00000037639	-0.038886373211984016	1409	high zero count	0.12238339268652827
ENSDARG00000037640	0.6915158779331749	285	other	0.024754625206288544
ENSDARG00000037645	0.10560105721154973	1709	high zero count	0.1484408929036741
ENSDARG00000037647	0.49506520337075316	988	other	0.08581603404846695
ENSDARG00000037652	0.04690394759502616	963	other	0.08364457569703813
ENSDARG00000037654	0.2852331209089335	895	other	0.07773820898115175
ENSDARG00000037655	1.3300858519733312	185	other	0.016068791800573266
ENSDARG00000037675	0.760279880602843	34	other	0.0029531833579431945
ENSDARG00000037677	-0.07547939707061684	1589	high zero count	0.13801789281681578
ENSDARG00000037679	-0.07417044029731149	1138	high zero count	0.09884478415703987
ENSDARG00000037708	0.49116388693330526	58	other	0.005037783375314861
ENSDARG00000037713	1.1100682900728607	128	other	0.011117866759315557
ENSDARG00000037738	0.2543127042089399	503	other	0.04368974203074785
ENSDARG00000037739	0.4852703022263545	338	other	0.02935811691131764
ENSDARG00000037747	0.1647318862500747	1709	high zero count	0.1484408929036741
ENSDARG00000037748	0.41084130989397544	776	other	0.06740206722835056
ENSDARG00000037760	-0.18378244842532535	1248	high zero count	0.10839920090332668
ENSDARG00000037773	0.527895375427312	209	other	0.018153391817944932
ENSDARG00000037781	0.7344095381407657	2	other	1.7371666811430558e-4
ENSDARG00000037783	0.8537612568597265	269	other	0.0233648918613741
ENSDARG00000037789	1.2862225028266845	1994	high zero count	0.17319551810996264
ENSDARG00000037790	0.4448332180870752	2279	high zero count	0.1979501433162512
ENSDARG00000037804	0.2621861544530239	1246	high zero count	0.10822548423521237
ENSDARG00000037810	0.1869081450783386	216	other	0.018761400156345
ENSDARG00000037835	0.5923573439142972	907	other	0.07878050898983757
ENSDARG00000037836	0.0655452458956497	3201	high zero count	0.2780335273169461
ENSDARG00000037837	0.47758184213179433	225	other	0.019543125162859377
ENSDARG00000037838	0.8262741597720829	114	other	0.009901850082515417
ENSDARG00000037845	0.5772613977616534	406	other	0.03526448362720403
ENSDARG00000037846	1.657722432216799	49	other	0.004256058368800487
ENSDARG00000037852	0.16583084507167267	44	other	0.0038217666985147225
ENSDARG00000037855	0.7558536895986557	32	other	0.0027794666898288893
ENSDARG00000037860	3.120566011990839	1	other	8.685833405715279e-5
ENSDARG00000037865	0.14269370656530986	2275	high zero count	0.19760270998002258
ENSDARG00000037867	2.3063809924395913	64	other	0.005558933379657779
ENSDARG00000037871	0.10870533382453909	2010	high zero count	0.1745852514548771
ENSDARG00000037872	0.5448727011190482	625	other	0.05428645878572049
ENSDARG00000037879	1.2519117153679644	89	other	0.007730391731086598
ENSDARG00000037883	0.12337948306799294	271	other	0.023538608529488404
ENSDARG00000037891	0.8067829876283521	335	other	0.029097541909146183
ENSDARG00000037892	0.23647746359898109	1458	high zero count	0.12663945105532876
ENSDARG00000037894	0.25786552162524906	583	other	0.05063840875532007
ENSDARG00000037895	0.11826435545683898	1530	high zero count	0.13289325110744377
ENSDARG00000037906	-0.08835902371949642	1615	high zero count	0.14027620950230174
ENSDARG00000037909	0.1477489370683221	297	other	0.025796925214974377
ENSDARG00000037919	0.49504660785927285	1	other	8.685833405715279e-5
ENSDARG00000037921	0.7032243330960068	1459	high zero count	0.12672630938938592
ENSDARG00000037925	0.20136240649733994	2557	high zero count	0.22209676018413968
ENSDARG00000037928	0.7497765455225439	13	other	0.0011291583427429862
ENSDARG00000037929	0.6322492162792911	162	other	0.014071050117258751
ENSDARG00000037930	0.29959207251786024	186	other	0.01615565013463042
ENSDARG00000037932	0.4676710454024347	2531	high zero count	0.2198384434986537
ENSDARG00000037935	0.16907554043663475	1226	high zero count	0.10648831755406932
ENSDARG00000037955	0.19438139106940666	1470	high zero count	0.12768175106401458
ENSDARG00000037958	0.5180092620572058	198	other	0.01719795014331625
ENSDARG00000037960	0.4866497780332764	500	other	0.04342916702857639
ENSDARG00000037961	0.5656411034203976	686	other	0.05958481716320681
ENSDARG00000037962	1.9419425717513086	16	other	0.0013897333449144446
ENSDARG00000037965	0.786250432448136	3	other	2.6057500217145836e-4
ENSDARG00000037966	0.24573083804929136	758	other	0.0658386172153218
ENSDARG00000037967	0.2856110220224463	137	other	0.011899591765829932
ENSDARG00000037968	1.234149251730907	64	other	0.005558933379657779
ENSDARG00000037980	1.4658612223228826	7	other	6.080083384000695e-4
ENSDARG00000037995	0.13718903102365146	1124	high zero count	0.09762876748023973
ENSDARG00000037997	1.3402267699718309	33	other	0.002866325023886042
ENSDARG00000037998	1.1104261866106302	16	other	0.0013897333449144446
ENSDARG00000038000	0.6277587201114393	462	other	0.040128550334404586
ENSDARG00000038005	0.5187487823545884	142	other	0.012333883436115696
ENSDARG00000038006	-0.05130286739252952	1419	high zero count	0.1232519760270998
ENSDARG00000038010	1.0329279231314972	48	other	0.004169200034743334
ENSDARG00000038011	0.359911904989594	714	other	0.06201685051680709
ENSDARG00000038012	-0.22302675344816678	371	other	0.032224441935203685
ENSDARG00000038018	0.07866391758962606	3155	high zero count	0.27403804395031706
ENSDARG00000038024	0.1803321640449563	231	other	0.020064275167202293
ENSDARG00000038027	0.964173465846891	76	other	0.006601233388343611
ENSDARG00000038028	1.7976690894282896	115	other	0.00998870841657257
ENSDARG00000038030	1.7239364400975117	26	other	0.0022583166854859725
ENSDARG00000038040	-0.009493641858900297	743	other	0.06453574220446452
ENSDARG00000038059	0.6943555801043757	9	other	7.81725006514375e-4
ENSDARG00000038064	0.7211527133198813	671	other	0.05828194215234952
ENSDARG00000038066	1.462234573923132	177	other	0.015373925128116042
ENSDARG00000038067	0.6070504363612369	109	other	0.009467558412229654
ENSDARG00000038068	2.510389163920769	2	other	1.7371666811430558e-4
ENSDARG00000038074	0.55733692272389	67	other	0.005819508381829237
ENSDARG00000038075	2.0727519227762667	4	other	3.4743333622861116e-4
ENSDARG00000038076	2.255792428238092	37	other	0.003213758360114653
ENSDARG00000038094	0.3844469308924675	68	other	0.005906366715886389
ENSDARG00000038097	0.3743229250714063	906	other	0.07869365065578042
ENSDARG00000038099	1.432808616427779	370	other	0.03213758360114653
ENSDARG00000038106	0.12554026920444955	629	other	0.0546338921219491
ENSDARG00000038107	0.60522124974079	158	other	0.013723616781030139
ENSDARG00000038113	0.5590608440068694	22	other	0.0019108833492573613
ENSDARG00000038121	0.006874704234298191	356	other	0.030921566924346392
ENSDARG00000038123	0.4770589272424139	1921	high zero count	0.1668548597237905
ENSDARG00000038139	0.2051284093380562	491	other	0.04264744202206202
ENSDARG00000038141	2.3335716723441355	147	other	0.012768175106401458
ENSDARG00000038151	0.6624418517998463	562	other	0.048814383740119864
ENSDARG00000038153	0.564523950562849	925	other	0.08034395900286632
ENSDARG00000038154	0.8654274250871796	1769	high zero count	0.15365239294710328
ENSDARG00000038156	0.5944260158801847	69	other	0.005993225049943542
ENSDARG00000038159	0.25187187399108885	14	other	0.001216016676800139
ENSDARG00000038199	0.23664978791751307	1948	high zero count	0.16920003474333362
ENSDARG00000038205	0.12398208530043689	653	other	0.056718492139320766
ENSDARG00000038207	0.3497309133367651	555	other	0.04820637540171979
ENSDARG00000038213	0.3767898021470767	385	other	0.03344045861200382
ENSDARG00000038222	0.35853800731911917	827	other	0.07183184226526536
ENSDARG00000038225	0.715013098038167	40	other	0.0034743333622861113
ENSDARG00000038228	1.173618177204256	21	other	0.0018240250152002084
ENSDARG00000038235	1.3296915649309582	171	other	0.014852775123773126
ENSDARG00000038239	0.9189571259722458	18	other	0.00156345001302875
ENSDARG00000038242	0.3001060157952857	1445	high zero count	0.12551029271258576
ENSDARG00000038258	-0.0015496473709245226	483	other	0.041952575349604795
ENSDARG00000038270	-0.21662344556747862	588	other	0.051072700425605834
ENSDARG00000038281	0.22841925675563132	203	other	0.017632241813602016
ENSDARG00000038283	0.19356858436855806	1127	high zero count	0.09788934248241118
ENSDARG00000038290	0.5296386639902648	24	other	0.002084600017371667
ENSDARG00000038296	0.2022167173822646	1336	high zero count	0.11604273430035612
ENSDARG00000038300	0.5320306099055027	66	other	0.005732650047772084
ENSDARG00000038302	0.13693516738803516	147	other	0.012768175106401458
ENSDARG00000038305	-0.1957926159153468	1402	high zero count	0.12177538434812821
ENSDARG00000038306	1.2324347896005916	27	other	0.002345175019543125
ENSDARG00000038308	0.2641728004446795	887	other	0.07704334230869452
ENSDARG00000038309	0.6198124413894671	1792	high zero count	0.1556501346304178
ENSDARG00000038312	0.55485098263573	114	other	0.009901850082515417
ENSDARG00000038348	0.1139679494416136	752	other	0.06531746721097889
ENSDARG00000038359	0.6855196300456828	278	other	0.024146616867888476
ENSDARG00000038360	-0.004884803708562651	1049	high zero count	0.09111439242595328
ENSDARG00000038386	0.386965801101381	1827	high zero count	0.15869017632241814
ENSDARG00000038397	-0.0033442851309660004	505	other	0.04386345869886216
ENSDARG00000038414	0.2545221288043086	927	other	0.08051767567098063
ENSDARG00000038422	0.5246666457113932	809	other	0.0702683922522366
ENSDARG00000038424	0.42148115036809025	1139	high zero count	0.09893164249109702
ENSDARG00000038428	0.33050381822938263	24	other	0.002084600017371667
ENSDARG00000038432	0.6701178451827815	42	other	0.003648050030400417
ENSDARG00000038442	0.4274732634442125	17	other	0.0014765916789715972
ENSDARG00000038446	0.28243205949837513	329	other	0.028576391904803267
ENSDARG00000038456	0.5281563968332644	71	other	0.006166941718057848
ENSDARG00000038465	0.14654695551462718	1407	high zero count	0.12220967601841397
ENSDARG00000038467	0.015023623678689153	845	other	0.0733952922782941
ENSDARG00000038473	1.415593616288122	31	other	0.0026926083557717363
ENSDARG00000038475	0.32581043043044605	1061	high zero count	0.0921566924346391
ENSDARG00000038476	0.42898267513383326	446	other	0.038738816989490145
ENSDARG00000038505	0.691715003764769	88	other	0.007643533397029445
ENSDARG00000038518	0.21551363379383037	54	other	0.00469035003908625
ENSDARG00000038524	1.07212328243173	8	other	6.948666724572223e-4
ENSDARG00000038537	0.989308307330342	59	other	0.005124641709372014
ENSDARG00000038543	0.31316864502063474	2941	high zero count	0.25545036046208636
ENSDARG00000038556	0.27074401240631374	228	other	0.019803700165030833
ENSDARG00000038557	0.6326055306569885	1335	high zero count	0.11595587596629897
ENSDARG00000038559	2.4882249881796255	109	other	0.009467558412229654
ENSDARG00000038561	0.05380222120856602	1017	other	0.08833492573612438
ENSDARG00000038563	0.48541420832349685	175	other	0.015200208460001738
ENSDARG00000038566	0.3248831707960424	137	other	0.011899591765829932
ENSDARG00000038567	0.45372271190578223	387	other	0.033614175280118126
ENSDARG00000038569	0.01112560704646975	1047	high zero count	0.09094067575783897
ENSDARG00000038576	1.0347989017938404	76	other	0.006601233388343611
ENSDARG00000038577	3.056965233318113	25	other	0.0021714583514288194
ENSDARG00000038583	0.31351299635901425	421	other	0.03656735863806132
ENSDARG00000038585	0.1454777854793258	174	other	0.015113350125944584
ENSDARG00000038587	0.1071358011447609	2385	high zero count	0.2071571267263094
ENSDARG00000038608	1.6322890381248045	43	other	0.00373490836445757
ENSDARG00000038609	0.36509370375962624	1529	high zero count	0.1328063927733866
ENSDARG00000038615	0.27037078105094803	120	other	0.010423000086858335
ENSDARG00000038618	0.23876740595314525	1750	high zero count	0.15200208460001738
ENSDARG00000038635	1.3515172496844148	197	other	0.0171110918092591
ENSDARG00000038639	0.25993017330519996	1389	high zero count	0.12064622600538522
ENSDARG00000038643	0.2498425642550978	1071	high zero count	0.09302527577521064
ENSDARG00000038655	0.576096867345564	288	other	0.02501520020846
ENSDARG00000038658	0.4623415649242251	2048	high zero count	0.17788586814904891
ENSDARG00000038666	0.14700938128440916	3591	high zero count	0.3119082775992357
ENSDARG00000038667	-0.18830392213502808	513	other	0.04455832537131938
ENSDARG00000038668	0.3358493889455238	976	other	0.08477373403978111
ENSDARG00000038686	0.03447953858917807	144	other	0.01250760010423
ENSDARG00000038687	0.3706590359947933	768	other	0.06670720055589334
ENSDARG00000038693	0.5475110842380683	440	other	0.038217666985147225
ENSDARG00000038694	0.7187350601178076	282	other	0.024494050204117084
ENSDARG00000038695	1.7573391191276446	6	other	5.211500043429167e-4
ENSDARG00000038713	-0.1821969175291959	718	other	0.0623642838530357
ENSDARG00000038716	0.9083719605494059	1477	high zero count	0.12828975940241466
ENSDARG00000038729	0.08968816360076409	2657	high zero count	0.23078259358985495
ENSDARG00000038731	1.0054371567805915	71	other	0.006166941718057848
ENSDARG00000038737	0.7443582795252762	42	other	0.003648050030400417
ENSDARG00000038743	0.9538237904402848	2	other	1.7371666811430558e-4
ENSDARG00000038754	1.3346030804597142	3	other	2.6057500217145836e-4
ENSDARG00000038768	1.4022079504011744	28	other	0.002432033353600278
ENSDARG00000038770	-0.08490391585656462	907	other	0.07878050898983757
ENSDARG00000038780	0.7881635332075069	24	other	0.002084600017371667
ENSDARG00000038785	1.2759610878705734	21	other	0.0018240250152002084
ENSDARG00000038787	0.5710165861587074	341	other	0.0296186919134891
ENSDARG00000038789	0.07224864644606807	2710	high zero count	0.23538608529488406
ENSDARG00000038792	0.15795279610305682	984	other	0.08546860071223834
ENSDARG00000038801	0.3956575337105454	39	other	0.0033874750282289587
ENSDARG00000038802	-0.18006246613485352	186	other	0.01615565013463042
ENSDARG00000038805	0.9802711001390236	531	other	0.046121775384348127
ENSDARG00000038812	-0.05836902745356152	743	other	0.06453574220446452
ENSDARG00000038814	0.6310150566964617	287	other	0.02492834187440285
ENSDARG00000038822	0.39696926911693	1901	high zero count	0.16511769304264745
ENSDARG00000038826	-0.0384485744141532	913	other	0.07930165899418049
ENSDARG00000038834	0.7818180103615502	246	other	0.021367150178059586
ENSDARG00000038835	1.0885836136567508	33	other	0.002866325023886042
ENSDARG00000038845	0.0952778423999678	1856	high zero count	0.16120906801007556
ENSDARG00000038847	0.2858035332417327	456	other	0.039607400330061666
ENSDARG00000038855	0.049243357698873905	569	other	0.049422392078519936
ENSDARG00000038858	0.5482993373329091	668	other	0.05802136715017806
ENSDARG00000038859	0.010897147487729986	210	other	0.018240250152002084
ENSDARG00000038862	0.15752525811371054	1717	high zero count	0.14913575957613132
ENSDARG00000038863	0.5200488398829333	141	other	0.012247025102058542
ENSDARG00000038865	0.007876659319021624	2327	high zero count	0.20211934335099452
ENSDARG00000038866	0.6225478699515683	2741	high zero count	0.2380786936506558
ENSDARG00000038867	-0.1064902007602207	3413	high zero count	0.29644749413706245
ENSDARG00000038868	0.0922323118613862	772	other	0.06705463389212195
ENSDARG00000038870	0.3254600696254821	14	other	0.001216016676800139
ENSDARG00000038876	0.41425523564039585	2020	high zero count	0.17545383479544863
ENSDARG00000038879	0.18655622943657016	773	other	0.0671414922261791
ENSDARG00000038881	1.6556584999273487	2471	high zero count	0.21462694345522454
ENSDARG00000038882	0.7132393462889925	47	other	0.004082341700686181
ENSDARG00000038900	1.4059160621060198	58	other	0.005037783375314861
ENSDARG00000038901	0.45778941776590065	620	other	0.053852167115434724
ENSDARG00000038905	0.6442959882340809	60	other	0.005211500043429167
ENSDARG00000038909	0.4488812946719958	565	other	0.04907495874229132
ENSDARG00000038910	0.7525574108586216	19	other	0.0016503083470859028
ENSDARG00000038917	-0.17330515335372443	146	other	0.012681316772344306
ENSDARG00000038938	0.31424289974427694	1030	other	0.08946408407886737
ENSDARG00000038941	0.07100795932536362	946	other	0.08216798401806653
ENSDARG00000038954	1.4037439575826218	126	other	0.010944150091201251
ENSDARG00000038964	-0.007988903601048434	3604	high zero count	0.31303743594197864
ENSDARG00000038967	0.9820502988575683	14	other	0.001216016676800139
ENSDARG00000038969	-0.12109880370307136	1338	high zero count	0.11621645096847043
ENSDARG00000038976	0.20732182514385286	320	other	0.02779466689828889
ENSDARG00000038980	1.0665258088351528	22	other	0.0019108833492573613
ENSDARG00000038985	-0.1510650182226584	266	other	0.02310431685920264
ENSDARG00000038991	0.03063410354136371	334	other	0.02901068357508903
ENSDARG00000039005	1.2740031906643365	119	other	0.01033614175280118
ENSDARG00000039020	0.3870302156140729	6	other	5.211500043429167e-4
ENSDARG00000039022	0.40947907036926584	100	other	0.008685833405715278
ENSDARG00000039034	2.0882134225307603	24	other	0.002084600017371667
ENSDARG00000039041	0.1441575530696436	346	other	0.030052983583774864
ENSDARG00000039051	0.3405601263582916	566	other	0.04916181707634847
ENSDARG00000039052	-0.2296657404028427	1643	high zero count	0.14270824285590203
ENSDARG00000039062	0.0791573312538577	408	other	0.035438200295318335
ENSDARG00000039064	0.0253612577600058	483	other	0.041952575349604795
ENSDARG00000039066	0.11752143551810249	1484	high zero count	0.12889776774081474
ENSDARG00000039082	0.43542785241803145	22	other	0.0019108833492573613
ENSDARG00000039093	1.4219302656985844	202	other	0.017545383479544863
ENSDARG00000039095	-0.05096515368582342	1684	high zero count	0.14626943455224528
ENSDARG00000039098	0.05920836577373556	3366	high zero count	0.2923651524363763
ENSDARG00000039099	1.713366834642249	570	other	0.04950925041257709
ENSDARG00000039117	1.0725718177453119	82	other	0.007122383392686529
ENSDARG00000039123	0.1769336781915745	3703	high zero count	0.32163641101363677
ENSDARG00000039125	0.7004689523473997	202	other	0.017545383479544863
ENSDARG00000039130	0.09474402919130011	1642	high zero count	0.14262138452184486
ENSDARG00000039131	0.29231710049699255	1681	high zero count	0.14600885955007384
ENSDARG00000039133	0.06391475452621966	1434	high zero count	0.12455485103795709
ENSDARG00000039136	0.5468370257998356	994	other	0.08633718405280986
ENSDARG00000039142	1.1224366714998486	18	other	0.00156345001302875
ENSDARG00000039145	-0.0711475518197435	401	other	0.03483019195691826
ENSDARG00000039150	1.8751235604478684	3	other	2.6057500217145836e-4
ENSDARG00000039162	1.6038303690698765	22	other	0.0019108833492573613
ENSDARG00000039174	-0.008461135269152886	1357	high zero count	0.11786675931555633
ENSDARG00000039185	1.0879474196870669	36	other	0.0031269000260575
ENSDARG00000039196	0.05365174670259041	83	other	0.007209241726743681
ENSDARG00000039203	0.09307427174737774	1917	high zero count	0.16650742638756189
ENSDARG00000039208	1.1522844389487477	20	other	0.0017371666811430556
ENSDARG00000039211	0.4940266176503402	48	other	0.004169200034743334
ENSDARG00000039213	0.4536871214943512	173	other	0.015026491791887432
ENSDARG00000039215	0.4299654712335724	104	other	0.00903326674194389
ENSDARG00000039217	0.2186634297685744	105	other	0.009120125076001042
ENSDARG00000039225	0.5228877332842027	48	other	0.004169200034743334
ENSDARG00000039229	-0.11059153086599814	150	other	0.013028750108572918
ENSDARG00000039255	0.66517959909358515	228	other	0.019803700165030833
ENSDARG00000039263	-0.22818535556486214	463	other	0.04021540866846174
ENSDARG00000039264	-0.2006292818400367	1669	high zero count	0.14496655954138798
ENSDARG00000039266	0.3063687348781629	298	other	0.02588378354903153
ENSDARG00000039268	1.2356575968726988	2453	high zero count	0.21306349344219577
ENSDARG00000039269	0.7796096268225818	2457	high zero count	0.21341092677842438
ENSDARG00000039270	0.2538097200276453	1570	high zero count	0.13636758446972988
ENSDARG00000039272	0.037514234515404206	1621	high zero count	0.14079735950664465
ENSDARG00000039279	0.3562117480058801	184	other	0.01598193346651611
ENSDARG00000039299	0.08383981931794338	1468	high zero count	0.12750803439590028
ENSDARG00000039302	1.1484067635603474	185	other	0.016068791800573266
ENSDARG00000039304	-0.00680436042858404	1067	high zero count	0.09267784243898201
ENSDARG00000039310	0.052870239342669254	1483	high zero count	0.12881090940675757
ENSDARG00000039328	0.4851833785029022	304	other	0.026404933553374445
ENSDARG00000039335	0.4062705132522878	30	other	0.0026057500217145837
ENSDARG00000039338	0.4798896561171039	42	other	0.003648050030400417
ENSDARG00000039340	0.5042202241275597	3737	high zero count	0.32458959437157997
ENSDARG00000039343	0.940023815401771	24	other	0.002084600017371667
ENSDARG00000039345	1.1946256642697872	124	other	0.010770433423086945
ENSDARG00000039346	1.2995988441772552	95	other	0.008251541735429515
ENSDARG00000039350	0.7271384941709814	414	other	0.035959350299661255
ENSDARG00000039352	-0.15134671089495935	1112	high zero count	0.0965864674715539
ENSDARG00000039354	0.17373438054011384	1378	high zero count	0.11969078433075654
ENSDARG00000039363	0.4521359859017943	17	other	0.0014765916789715972
ENSDARG00000039365	0.24469031516837486	601	other	0.052201858768348826
ENSDARG00000039374	0.3516225980752425	1610	high zero count	0.139841917832016
ENSDARG00000039378	0.44594463455845057	1302	high zero count	0.11308955094241292
ENSDARG00000039381	0.20526563169424727	1151	high zero count	0.09997394249978285
ENSDARG00000039390	0.5984318636459126	629	other	0.0546338921219491
ENSDARG00000039392	0.6737672897763961	80	other	0.006948666724572223
ENSDARG00000039399	1.0425586337404202	198	other	0.01719795014331625
ENSDARG00000039400	0.5010722918281629	1062	high zero count	0.09224355076869625
ENSDARG00000039424	1.0794080740121095	50	other	0.004342916702857639
ENSDARG00000039429	1.6170696268234073	11	other	9.554416746286806e-4
ENSDARG00000039430	0.7685222375363424	95	other	0.008251541735429515
ENSDARG00000039435	-0.021114126839581228	1040	other	0.09033266741943889
ENSDARG00000039436	-0.058696339169938085	2736	high zero count	0.23764440198037
ENSDARG00000039452	1.2778558057360452	202	other	0.017545383479544863
ENSDARG00000039453	-0.20320927443898415	1330	high zero count	0.1155215842960132
ENSDARG00000039455	0.29761665825330635	154	other	0.013376183444801529
ENSDARG00000039456	0.9949512866740373	360	other	0.031269000260575004
ENSDARG00000039458	0.3019741131669918	1991	high zero count	0.1729349431077912
ENSDARG00000039466	0.17350106716540073	462	other	0.040128550334404586
ENSDARG00000039482	0.9367817707858257	441	other	0.03830452531920438
ENSDARG00000039483	0.2796830575012886	349	other	0.03031355858594632
ENSDARG00000039489	0.4010873225131229	99	other	0.008598975071658126
ENSDARG00000039490	1.0440565454600825	215	other	0.01867454182228785
ENSDARG00000039493	1.1113470120542004	65	other	0.005645791713714931
ENSDARG00000039499	0.3923229676757373	1055	high zero count	0.09163554243029619
ENSDARG00000039502	0.6333609501496685	456	other	0.039607400330061666
ENSDARG00000039512	-0.08587638316234854	1631	high zero count	0.1416659428472162
ENSDARG00000039517	0.3694575614859163	2256	high zero count	0.19595240163293667
ENSDARG00000039521	0.07391859032352449	1046	other	0.09085381742378182
ENSDARG00000039522	0.575316884055669	1243	high zero count	0.1079649092330409
ENSDARG00000039543	0.7477065317830024	58	other	0.005037783375314861
ENSDARG00000039563	-0.03927284032483324	1543	high zero count	0.13402240945018676
ENSDARG00000039576	1.572858184514687	6	other	5.211500043429167e-4
ENSDARG00000039577	0.0814623009636181	383	other	0.03326674194388952
ENSDARG00000039578	1.4071954866708363	2	other	1.7371666811430558e-4
ENSDARG00000039579	0.7776443847781934	2054	high zero count	0.17840701815339183
ENSDARG00000039601	1.1054245899823134	127	other	0.011031008425258403
ENSDARG00000039605	0.9006205291573758	465	other	0.04038912533657604
ENSDARG00000039613	0.1481854580274722	1674	high zero count	0.14540085121167376
ENSDARG00000039615	-0.1162257449838869	1607	high zero count	0.13958134282984452
ENSDARG00000039616	0.1842389206979971	174	other	0.015113350125944584
ENSDARG00000039626	0.5633397187319057	1128	high zero count	0.09797620081646834
ENSDARG00000039647	0.9921733146384669	300	other	0.026057500217145837
ENSDARG00000039649	0.16099826001982262	234	other	0.020324850169373753
ENSDARG00000039650	0.8474098493617175	878	other	0.07626161730218015
ENSDARG00000039652	0.18469886650313266	210	other	0.018240250152002084
ENSDARG00000039661	0.18334752647324026	250	other	0.021714583514288194
ENSDARG00000039666	0.27884817390679956	1245	high zero count	0.10813862590115522
ENSDARG00000039667	0.859801564547725	64	other	0.005558933379657779
ENSDARG00000039669	0.5852455542830843	86	other	0.00746981672891514
ENSDARG00000039677	0.47937621071867714	162	other	0.014071050117258751
ENSDARG00000039681	0.6409588621586487	721	other	0.06262485885520716
ENSDARG00000039682	0.08304588621401676	1821	high zero count	0.15816902631807522
ENSDARG00000039684	0.2812137373735511	1081	high zero count	0.09389385911578216
ENSDARG00000039697	0.07507676283810316	1673	high zero count	0.1453139928776166
ENSDARG00000039699	0.24646159954407548	721	other	0.06262485885520716
ENSDARG00000039701	0.277617621032768	803	other	0.06974724224789368
ENSDARG00000039719	0.7470173147419334	72	other	0.006253800052115
ENSDARG00000039729	0.07802791257680551	62	other	0.0053852167115434725
ENSDARG00000039752	0.7590915299153591	1268	high zero count	0.11013636758446974
ENSDARG00000039754	0.07352307312450737	49	other	0.004256058368800487
ENSDARG00000039757	0.5292774114528932	131	other	0.011378441761487015
ENSDARG00000039820	0.8469115459233878	107	other	0.009293841744115348
ENSDARG00000039827	0.174402222981281	1996	high zero count	0.17336923477807695
ENSDARG00000039830	1.723730328332888	22	other	0.0019108833492573613
ENSDARG00000039843	0.15906832857572933	1679	high zero count	0.14583514288195953
ENSDARG00000039850	0.2667381954450434	1626	high zero count	0.14123165117693043
ENSDARG00000039851	0.2710965684428944	213	other	0.018500825154173544
ENSDARG00000039852	0.5380005134454404	1944	high zero count	0.168852601407105
ENSDARG00000039863	0.3103628625408479	698	other	0.06062711717189264
ENSDARG00000039872	0.6514546104410911	833	other	0.07235299226960827
ENSDARG00000039878	0.6643407873266746	3	other	2.6057500217145836e-4
ENSDARG00000039880	1.4324989492635813	110	other	0.009554416746286806
ENSDARG00000039881	-0.10244348419165364	229	other	0.01989055849908799
ENSDARG00000039882	0.8303648127154265	374	other	0.03248501693737514
ENSDARG00000039887	1.5711045376395725	14	other	0.001216016676800139
ENSDARG00000039892	0.22928040528840424	839	other	0.07287414227395118
ENSDARG00000039910	0.8129928620898033	101	other	0.008772691739772432
ENSDARG00000039913	1.2830862716886355	87	other	0.007556675062972292
ENSDARG00000039914	2.551007413068464	447	other	0.0388256753235473
ENSDARG00000039915	0.3527086399388758	1675	high zero count	0.14548770954573093
ENSDARG00000039931	1.3483759159352169	267	other	0.023191175193259795
ENSDARG00000039943	0.41129061354224705	105	other	0.009120125076001042
ENSDARG00000039958	0.5863613315914481	88	other	0.007643533397029445
ENSDARG00000039959	-0.12467584325455013	823	other	0.07148440892903674
ENSDARG00000039964	0.04547922003207549	2704	high zero count	0.23486493529054112
ENSDARG00000039966	0.2094155747155617	530	other	0.046034917050290974
ENSDARG00000039969	1.3784266530777332	33	other	0.002866325023886042
ENSDARG00000039970	0.40551250118040577	664	other	0.057673933813949446
ENSDARG00000039974	0.3420215529928029	78	other	0.006774950056457917
ENSDARG00000039987	0.8304651222470679	649	other	0.05637105880309216
ENSDARG00000039989	0.34529535383425375	178	other	0.015460783462173196
ENSDARG00000039996	-0.18088230483624473	1438	high zero count	0.1249022843741857
ENSDARG00000039997	1.5675606409579643	10	other	8.685833405715278e-4
ENSDARG00000040001	0.624257980757499	24	other	0.002084600017371667
ENSDARG00000040002	0.6744729412690333	233	other	0.020237991835316597
ENSDARG00000040004	-0.08625277519001691	3721	high zero count	0.32319986102666554
ENSDARG00000040008	0.244646031251578	1894	high zero count	0.16450968470424737
ENSDARG00000040009	0.15198692464009686	101	other	0.008772691739772432
ENSDARG00000040021	0.6013246220719551	45	other	0.0039086250325718755
ENSDARG00000040024	0.26026891582551004	364	other	0.03161643359680361
ENSDARG00000040027	0.42001230226478065	48	other	0.004169200034743334
ENSDARG00000040031	1.8432865887297463	3	other	2.6057500217145836e-4
ENSDARG00000040033	0.2831552931919207	831	other	0.07217927560149397
ENSDARG00000040039	0.48681804960756525	1382	high zero count	0.12003821766698515
ENSDARG00000040041	0.9030918661774837	55	other	0.004777208373143403
ENSDARG00000040045	0.6309909146496374	2801	high zero count	0.24329019369408494
ENSDARG00000040046	0.42463265452266535	158	other	0.013723616781030139
ENSDARG00000040048	0.03939775465593335	1048	high zero count	0.09102753409189612
ENSDARG00000040059	1.0638716085058562	218	other	0.018935116824459308
ENSDARG00000040070	0.07188521694870603	78	other	0.006774950056457917
ENSDARG00000040072	0.8819831778255557	4	other	3.4743333622861116e-4
ENSDARG00000040076	0.6978065603127566	507	other	0.04403717536697646
ENSDARG00000040080	0.21461044065767831	1578	high zero count	0.1370624511421871
ENSDARG00000040085	-0.003828410724396635	276	other	0.023972900199774168
ENSDARG00000040087	0.10142147473911257	2721	high zero count	0.23634152696951272
ENSDARG00000040100	0.15087580361952135	244	other	0.021193433509945278
ENSDARG00000040110	0.0826776838807847	280	other	0.02432033353600278
ENSDARG00000040111	0.8841173731403781	18	other	0.00156345001302875
ENSDARG00000040118	0.07559815431089528	1270	high zero count	0.11031008425258404
ENSDARG00000040121	1.3874663143075976	36	other	0.0031269000260575
ENSDARG00000040123	0.020688301088780604	1132	high zero count	0.09832363415269695
ENSDARG00000040131	-0.06677443012879652	1869	high zero count	0.16233822635281855
ENSDARG00000040133	0.0646825983810044	443	other	0.03847824198731868
ENSDARG00000040137	-0.0302874529497506	965	other	0.08381829236515244
ENSDARG00000040152	0.18113291220532993	63	other	0.0054720750456006256
ENSDARG00000040157	0.18950145410284885	872	other	0.07574046729783723
ENSDARG00000040158	1.4988578142062394	7	other	6.080083384000695e-4
ENSDARG00000040159	-0.049412843659959294	2170	high zero count	0.18848258490402153
ENSDARG00000040161	0.4286596503187445	708	other	0.06149570051246417
ENSDARG00000040162	0.13609267711401168	745	other	0.06470945887257883
ENSDARG00000040163	0.4497607230786088	1165	high zero count	0.101189959176583
ENSDARG00000040179	0.04415630753159401	1502	high zero count	0.13046121775384348
ENSDARG00000040186	-0.0018684550116885436	3194	high zero count	0.277425518978546
ENSDARG00000040190	0.4095916419325038	61	other	0.0052983583774863195
ENSDARG00000040192	0.5269394136308602	375	other	0.03257187527143229
ENSDARG00000040198	0.6652724396823182	298	other	0.02588378354903153
ENSDARG00000040224	0.5380362052184825	300	other	0.026057500217145837
ENSDARG00000040237	0.6347314508165425	47	other	0.004082341700686181
ENSDARG00000040245	2.0571352850972104	5	other	4.342916702857639e-4
ENSDARG00000040248	0.2726671560095678	972	other	0.0844263007035525
ENSDARG00000040249	0.007625973151159926	1765	high zero count	0.15330495961087467
ENSDARG00000040251	0.6650175393796475	1040	other	0.09033266741943889
ENSDARG00000040252	-0.014492873370438348	3238	high zero count	0.2812472856770607
ENSDARG00000040255	0.0584788433767736	1313	high zero count	0.11404499261704161
ENSDARG00000040265	0.363204815421056	96	other	0.008338400069486667
ENSDARG00000040266	0.10208123530392292	117	other	0.010162425084686877
ENSDARG00000040274	1.1203181154850257	1969	high zero count	0.17102405975853383
ENSDARG00000040277	0.33106791162463695	3166	high zero count	0.2749934856249457
ENSDARG00000040280	0.02632518059167779	2646	high zero count	0.22982715191522626
ENSDARG00000040284	-0.033753613945576834	214	other	0.018587683488230696
ENSDARG00000040286	0.4754618551448474	39	other	0.0033874750282289587
ENSDARG00000040290	0.33241752780004374	1479	high zero count	0.12846347607052896
ENSDARG00000040291	0.4031348973968445	384	other	0.03335360027794667
ENSDARG00000040295	2.4563133491271727	13	other	0.0011291583427429862
ENSDARG00000040298	0.5543491489120717	789	other	0.06853122557109355
ENSDARG00000040300	0.042795534808924306	866	other	0.0752193172934943
ENSDARG00000040303	0.07920529685264849	1725	high zero count	0.14983062624858856
ENSDARG00000040309	0.7236537987967092	329	other	0.028576391904803267
ENSDARG00000040310	0.5035049293286306	5	other	4.342916702857639e-4
ENSDARG00000040314	1.6303038717864702	10	other	8.685833405715278e-4
ENSDARG00000040321	0.00537370221153626	2483	high zero count	0.21566924346391037
ENSDARG00000040326	0.2961154984111319	120	other	0.010423000086858335
ENSDARG00000040332	0.5389113306097426	1460	high zero count	0.12681316772344306
ENSDARG00000040334	1.7957046897186753	2035	high zero count	0.17675670980630592
ENSDARG00000040338	0.15803882800548627	2069	high zero count	0.1797098931642491
ENSDARG00000040350	0.33558776687088365	47	other	0.004082341700686181
ENSDARG00000040352	0.2125984796161621	817	other	0.07096325892469382
ENSDARG00000040358	0.9986589085260568	1791	high zero count	0.15556327629636063
ENSDARG00000040362	0.4569467448172653	1657	high zero count	0.14392425953270216
ENSDARG00000040380	1.0008181883535627	802	other	0.06966038391383653
ENSDARG00000040396	0.438601523402273	580	other	0.05037783375314862
ENSDARG00000040401	1.0991951985642918	52	other	0.004516633370971945
ENSDARG00000040407	0.323218505591794	54	other	0.00469035003908625
ENSDARG00000040432	0.5608683232068401	387	other	0.033614175280118126
ENSDARG00000040439	2.890070806656512	13	other	0.0011291583427429862
ENSDARG00000040440	1.4412584092481528	43	other	0.00373490836445757
ENSDARG00000040443	0.6135014161484682	203	other	0.017632241813602016
ENSDARG00000040445	-0.17048926851129928	1867	high zero count	0.16216450968470425
ENSDARG00000040452	0.7230542572547565	73	other	0.006340658386172153
ENSDARG00000040453	0.3382755348907762	2844	high zero count	0.24702510205854253
ENSDARG00000040455	0.5824713485462316	336	other	0.029184400243203335
ENSDARG00000040463	0.19996828232307595	52	other	0.004516633370971945
ENSDARG00000040465	0.35551233283252853	1150	high zero count	0.0998870841657257
ENSDARG00000040466	0.23041654681071996	1067	high zero count	0.09267784243898201
ENSDARG00000040469	-0.007956219880449408	633	other	0.054981325458177716
ENSDARG00000040479	-0.03590225921174827	2535	high zero count	0.2201858768348823
ENSDARG00000040482	-0.030379541353953404	1565	high zero count	0.1359332927994441
ENSDARG00000040485	0.024492595968035796	1186	high zero count	0.1030139841917832
ENSDARG00000040487	0.33735985624693426	331	other	0.02875010857291757
ENSDARG00000040492	0.7532981498571225	20	other	0.0017371666811430556
ENSDARG00000040503	0.7665466742963936	218	other	0.018935116824459308
ENSDARG00000040505	1.100956037443469	21	other	0.0018240250152002084
ENSDARG00000040513	0.2689292217771421	1004	other	0.0872057673933814
ENSDARG00000040527	0.08404574256363002	2543	high zero count	0.22088074350733952
ENSDARG00000040534	1.3805488485276332	68	other	0.005906366715886389
ENSDARG00000040538	0.4568456629497747	642	other	0.055763050464692085
ENSDARG00000040553	-0.10650863574415244	1435	high zero count	0.12464170937201424
ENSDARG00000040555	1.0097967131382677	92	other	0.007990966733258055
ENSDARG00000040556	1.9103664156924605	1307	high zero count	0.11352384261269868
ENSDARG00000040557	0.58015943869006	429	other	0.037262225310518544
ENSDARG00000040559	0.11592345862778707	61	other	0.0052983583774863195
ENSDARG00000040564	1.2378819755952912	27	other	0.002345175019543125
ENSDARG00000040565	1.4993305433712665	318	other	0.027620950230174586
ENSDARG00000040566	-0.09997565607164292	976	other	0.08477373403978111
ENSDARG00000040582	-0.0175783898132552	2733	high zero count	0.23738382697819857
ENSDARG00000040584	0.4326301128845226	748	other	0.06497003387475028
ENSDARG00000040606	0.4144822533741187	123	other	0.010683575089029793
ENSDARG00000040607	0.7145903251890131	5	other	4.342916702857639e-4
ENSDARG00000040608	0.4908027084830366	1036	other	0.08998523408321028
ENSDARG00000040610	0.051090784785450837	674	other	0.058542517154520975
ENSDARG00000040614	0.20736824180708668	148	other	0.012855033440458612
ENSDARG00000040615	0.01781622279697976	126	other	0.010944150091201251
ENSDARG00000040620	0.43047411194435015	393	other	0.034135325284461046
ENSDARG00000040623	0.4312124769188269	360	other	0.031269000260575004
ENSDARG00000040628	0.6127223919587808	711	other	0.06175627551463563
ENSDARG00000040635	0.31192976499056957	2431	high zero count	0.21115261009293843
ENSDARG00000040640	-0.23044294579917393	478	other	0.04151828367931903
ENSDARG00000040643	1.2649551904063538	1161	high zero count	0.10084252584035439
ENSDARG00000040649	0.06559790395009059	253	other	0.021975158516459654
ENSDARG00000040650	0.9312593266637058	14	other	0.001216016676800139
ENSDARG00000040657	0.5485238643140438	147	other	0.012768175106401458
ENSDARG00000040666	1.263963078141773	413	other	0.0358724919656041
ENSDARG00000040668	-0.10311581710728607	1810	high zero count	0.15721358464344654
ENSDARG00000040674	1.0552289696505646	65	other	0.005645791713714931
ENSDARG00000040678	0.5389212500405396	140	other	0.01216016676800139
ENSDARG00000040695	0.3461789850385271	99	other	0.008598975071658126
ENSDARG00000040698	0.1178791473887154	594	other	0.051593850429948754
ENSDARG00000040705	0.6100722041029203	626	other	0.054373317119777644
ENSDARG00000040712	-0.1769662362901698	796	other	0.06913923390949361
ENSDARG00000040713	0.9206847484979716	424	other	0.036827933640232784
ENSDARG00000040717	0.1191945688657507	1881	high zero count	0.16338052636150438
ENSDARG00000040725	0.342953530645723	28	other	0.002432033353600278
ENSDARG00000040730	0.7140892226788439	235	other	0.020411708503430905
ENSDARG00000040732	-0.06606738981826552	3763	high zero count	0.3268479110570659
ENSDARG00000040747	0.23182653337772766	1764	high zero count	0.1532181012768175
ENSDARG00000040764	2.2773502031983353	34	other	0.0029531833579431945
ENSDARG00000040777	0.39668620998138215	1305	high zero count	0.11335012594458438
ENSDARG00000040778	-0.09970779594446272	196	other	0.017024233475201947
ENSDARG00000040779	0.3621263637477858	1583	high zero count	0.13749674281247284
ENSDARG00000040799	0.23239067409748349	3581	high zero count	0.3110396942586641
ENSDARG00000040803	0.374770609855088	101	other	0.008772691739772432
ENSDARG00000040812	8.501672519394258e-4	474	other	0.04117085034309042
ENSDARG00000040815	0.4744928543249743	1349	high zero count	0.1171718926430991
ENSDARG00000040822	1.2068034722009227	357	other	0.031008425258403544
ENSDARG00000040838	0.5094334719281428	271	other	0.023538608529488404
ENSDARG00000040853	0.22607884338748604	1219	high zero count	0.10588030921566924
ENSDARG00000040854	0.6432425094298233	1202	high zero count	0.10440371753669765
ENSDARG00000040861	0.4507803835586686	47	other	0.004082341700686181
ENSDARG00000040864	0.34837187233664435	295	other	0.025623208546860073
ENSDARG00000040874	0.7401070088294024	9	other	7.81725006514375e-4
ENSDARG00000040881	0.4336382392439974	498	other	0.043255450360462085
ENSDARG00000040884	0.6963793751014081	5	other	4.342916702857639e-4
ENSDARG00000040890	0.6925280814382442	12	other	0.0010423000086858334
ENSDARG00000040910	-0.15185024160640007	1388	high zero count	0.12055936767132806
ENSDARG00000040912	0.6841086885078725	53	other	0.004603491705029098
ENSDARG00000040917	0.10154292259721479	305	other	0.026491791887431598
ENSDARG00000040926	0.8155263318931486	163	other	0.014157908451315903
ENSDARG00000040930	0.8884065819753209	2694	high zero count	0.2339963519499696
ENSDARG00000040944	0.5243414329828792	520	other	0.045166333709719446
ENSDARG00000040946	0.16782649001731426	1579	high zero count	0.13714930947624424
ENSDARG00000040959	0.1750411144822172	358	other	0.031095283592460696
ENSDARG00000040966	0.5188075489013136	1175	high zero count	0.10205854251715452
ENSDARG00000040971	0.7613282769630005	53	other	0.004603491705029098
ENSDARG00000040988	2.3034451008650128	11	other	9.554416746286806e-4
ENSDARG00000040990	0.24370163746227652	40	other	0.0034743333622861113
ENSDARG00000040991	0.5393665116456386	1922	high zero count	0.16694171805784766
ENSDARG00000041011	0.3584160335669288	531	other	0.046121775384348127
ENSDARG00000041022	0.7048093695096888	31	other	0.0026926083557717363
ENSDARG00000041040	0.10602878161111084	1072	high zero count	0.09311213410926779
ENSDARG00000041051	0.9913544781857451	436	other	0.037870233648918616
ENSDARG00000041060	0.15024182872673283	2600	high zero count	0.22583166854859724
ENSDARG00000041062	0.5793476011950135	3685	high zero count	0.320072961000608
ENSDARG00000041065	1.4642664001871333	40	other	0.0034743333622861113
ENSDARG00000041068	1.113825017628272	959	other	0.08329714236080953
ENSDARG00000041071	0.18363475977023977	1995	high zero count	0.1732823764440198
ENSDARG00000041072	0.20121429364267227	47	other	0.004082341700686181
ENSDARG00000041078	0.6007490482829975	2385	high zero count	0.2071571267263094
ENSDARG00000041081	1.1062988997433654	175	other	0.015200208460001738
ENSDARG00000041085	0.19530002115097214	744	other	0.06462260053852167
ENSDARG00000041092	0.5566090511975832	324	other	0.028142100234517502
ENSDARG00000041108	1.2771513852263852	663	other	0.057587075479892294
ENSDARG00000041110	0.40747514638694377	1254	high zero count	0.10892035090766959
ENSDARG00000041113	0.5907749327082188	66	other	0.005732650047772084
ENSDARG00000041119	0.08088822987333932	3220	high zero count	0.279683835664032
ENSDARG00000041137	0.23972251779810058	87	other	0.007556675062972292
ENSDARG00000041140	0.4202961297025034	275	other	0.023886041865717016
ENSDARG00000041150	0.2578305851995829	291	other	0.02527577521063146
ENSDARG00000041155	1.5244620470202204	9	other	7.81725006514375e-4
ENSDARG00000041159	0.1958237988900664	398	other	0.03456961695474681
ENSDARG00000041170	0.6939032201940148	588	other	0.051072700425605834
ENSDARG00000041199	0.3963436035367987	874	other	0.07591418396595154
ENSDARG00000041203	0.8868639768087379	18	other	0.00156345001302875
ENSDARG00000041205	0.8248562609978725	209	other	0.018153391817944932
ENSDARG00000041215	0.6039591739198369	622	other	0.054025883783549035
ENSDARG00000041217	0.48565303188548087	59	other	0.005124641709372014
ENSDARG00000041220	0.41632474580700257	1632	high zero count	0.14175280118127334
ENSDARG00000041223	0.2771134783124836	626	other	0.054373317119777644
ENSDARG00000041226	1.4142248298952922	41	other	0.0035611916963432643
ENSDARG00000041232	3.4545218048644046	6	other	5.211500043429167e-4
ENSDARG00000041237	0.22946879426719316	1242	high zero count	0.10787805089898375
ENSDARG00000041243	0.40130673805386247	10	other	8.685833405715278e-4
ENSDARG00000041252	0.12072382500641904	2179	high zero count	0.18926430991053592
ENSDARG00000041257	-0.27258707483196115	778	other	0.06757578389646486
ENSDARG00000041294	0.8032252708916954	1262	high zero count	0.10961521758012681
ENSDARG00000041299	0.2904564062279119	316	other	0.027447233562060278
ENSDARG00000041304	0.06227058621256446	433	other	0.03760965864674715
ENSDARG00000041306	1.4297027646129365	10	other	8.685833405715278e-4
ENSDARG00000041314	1.765116844788325	34	other	0.0029531833579431945
ENSDARG00000041317	1.0243713054975312	41	other	0.0035611916963432643
ENSDARG00000041323	1.212613558176902	1743	high zero count	0.1513940762616173
ENSDARG00000041332	1.7391616360999917	46	other	0.003995483366629028
ENSDARG00000041339	0.8764482879192038	482	other	0.04186571701554764
ENSDARG00000041340	0.9411240060444915	100	other	0.008685833405715278
ENSDARG00000041359	0.18068347340589502	228	other	0.019803700165030833
ENSDARG00000041361	0.5023139073178664	357	other	0.031008425258403544
ENSDARG00000041362	0.47499572320983857	39	other	0.0033874750282289587
ENSDARG00000041363	0.8504903494829257	87	other	0.007556675062972292
ENSDARG00000041372	0.009659592085149538	1467	high zero count	0.12742117606184314
ENSDARG00000041376	0.02025471676770185	589	other	0.05115955875966299
ENSDARG00000041381	0.05188975387866068	1100	high zero count	0.09554416746286806
ENSDARG00000041391	2.224001508634496	8	other	6.948666724572223e-4
ENSDARG00000041394	1.0234608223117345	1832	high zero count	0.1591244679927039
ENSDARG00000041397	1.1343103997104358	114	other	0.009901850082515417
ENSDARG00000041400	1.633987344545827	143	other	0.012420741770172848
ENSDARG00000041402	0.5690027840575765	41	other	0.0035611916963432643
ENSDARG00000041407	0.21773281041934758	1950	high zero count	0.16937375141144792
ENSDARG00000041411	0.30055311202122054	62	other	0.0053852167115434725
ENSDARG00000041417	0.5420631643657463	182	other	0.015808216798401806
ENSDARG00000041421	0.4770197516529062	201	other	0.01745852514548771
ENSDARG00000041428	0.05381686584452968	1015	other	0.08816120906801007
ENSDARG00000041429	0.35732166194949333	577	other	0.05011725875097715
ENSDARG00000041430	0.1175789186751043	385	other	0.03344045861200382
ENSDARG00000041433	0.48918531447169056	886	other	0.07695648397463736
ENSDARG00000041435	3.60640065764556	3	other	2.6057500217145836e-4
ENSDARG00000041449	0.4154839986158722	213	other	0.018500825154173544
ENSDARG00000041450	1.2065228489519715	1	other	8.685833405715279e-5
ENSDARG00000041481	-0.1042364079633041	209	other	0.018153391817944932
ENSDARG00000041490	1.3049544510729307	2153	high zero count	0.18700599322504993
ENSDARG00000041493	0.1637698528675764	819	other	0.07113697559280813
ENSDARG00000041502	0.11515062728342279	196	other	0.017024233475201947
ENSDARG00000041503	0.2873428965038971	476	other	0.04134456701120472
ENSDARG00000041505	1.4298333887434702	454	other	0.03943368366194736
ENSDARG00000041530	-0.008713422112246998	83	other	0.007209241726743681
ENSDARG00000041533	0.12997181374199787	373	other	0.03239815860331799
ENSDARG00000041538	0.4513291252987371	67	other	0.005819508381829237
ENSDARG00000041550	0.006928579011019422	695	other	0.060366542169721184
ENSDARG00000041565	0.5689545857838145	541	other	0.046990358724919655
ENSDARG00000041569	0.7142813558876858	732	other	0.06358030052983583
ENSDARG00000041570	0.1655091746391905	71	other	0.006166941718057848
ENSDARG00000041575	0.15721365404567222	540	other	0.0469035003908625
ENSDARG00000041576	0.05026630311176411	377	other	0.0327455919395466
ENSDARG00000041581	0.519493460560493	483	other	0.041952575349604795
ENSDARG00000041586	-0.008438781872592775	403	other	0.035003908625032575
ENSDARG00000041592	0.5868747200819555	285	other	0.024754625206288544
ENSDARG00000041595	0.21198511050809987	2424	high zero count	0.21054460175453835
ENSDARG00000041599	1.105876905800272	870	other	0.07556675062972293
ENSDARG00000041600	0.23283638470678475	1751	high zero count	0.15208894293407452
ENSDARG00000041602	0.40411594666336237	180	other	0.015634500130287502
ENSDARG00000041607	1.1846305834721171	125	other	0.010857291757144097
ENSDARG00000041609	0.25235958207353004	207	other	0.017979675149830628
ENSDARG00000041617	0.11209234570713641	2685	high zero count	0.2332146269434552
ENSDARG00000041619	3.9726221637974857	1	other	8.685833405715279e-5
ENSDARG00000041621	0.20881858758834979	1416	high zero count	0.12299140102492834
ENSDARG00000041623	1.6101135062373282	442	other	0.03839138365326153
ENSDARG00000041631	0.1646398084354294	126	other	0.010944150091201251
ENSDARG00000041644	0.12002590040099446	1055	high zero count	0.09163554243029619
ENSDARG00000041645	0.4845779862844363	786	other	0.06827065056892209
ENSDARG00000041665	0.7129527356699464	123	other	0.010683575089029793
ENSDARG00000041689	0.6769814100612096	104	other	0.00903326674194389
ENSDARG00000041691	0.6644071502171071	1289	high zero count	0.11196039259966994
ENSDARG00000041699	0.04045836184225259	334	other	0.02901068357508903
ENSDARG00000041703	0.6505288937781675	35	other	0.0030400416920003475
ENSDARG00000041708	0.4271785358820966	142	other	0.012333883436115696
ENSDARG00000041720	0.8347095000588561	67	other	0.005819508381829237
ENSDARG00000041723	0.7821835076811379	106	other	0.009206983410058196
ENSDARG00000041724	-0.05370453243293241	3704	high zero count	0.3217232693476939
ENSDARG00000041728	0.33785578529292215	40	other	0.0034743333622861113
ENSDARG00000041729	0.20604278418531966	2758	high zero count	0.2395552853296274
ENSDARG00000041750	0.6031977254169584	234	other	0.020324850169373753
ENSDARG00000041776	-0.14111164625475414	1895	high zero count	0.16459654303830454
ENSDARG00000041779	-0.1524799610830599	518	other	0.04499261704160514
ENSDARG00000041797	0.2108216329503169	1054	high zero count	0.09154868409623904
ENSDARG00000041799	1.3920402420744689	268	other	0.023278033527316947
ENSDARG00000041811	3.5881747238866817	3	other	2.6057500217145836e-4
ENSDARG00000041830	0.29511279328902995	629	other	0.0546338921219491
ENSDARG00000041839	0.8140753634268899	26	other	0.0022583166854859725
ENSDARG00000041853	0.7688014235460475	3	other	2.6057500217145836e-4
ENSDARG00000041869	0.0432523696832112	274	other	0.023799183531659863
ENSDARG00000041870	0.27978784335651213	369	other	0.03205072526708938
ENSDARG00000041875	1.358126906694075	20	other	0.0017371666811430556
ENSDARG00000041878	1.6677100253716692	51	other	0.004429775036914792
ENSDARG00000041887	1.0772000822631982	45	other	0.0039086250325718755
ENSDARG00000041895	1.0943002854237562	23	other	0.001997741683314514
ENSDARG00000041896	1.0407781591910277	14	other	0.001216016676800139
ENSDARG00000041904	-0.14086841853858126	116	other	0.010075566750629723
ENSDARG00000041908	0.6190248644928988	167	other	0.014505341787544515
ENSDARG00000041921	1.765834937565696	65	other	0.005645791713714931
ENSDARG00000041925	1.474766517899353	825	other	0.07165812559715104
ENSDARG00000041944	-0.039700385680429565	698	other	0.06062711717189264
ENSDARG00000041947	1.4689816653627588	178	other	0.015460783462173196
ENSDARG00000041951	0.4988777360743662	496	other	0.04308173369234778
ENSDARG00000041959	0.3737948655203331	297	other	0.025796925214974377
ENSDARG00000041974	1.962250578054558	10	other	8.685833405715278e-4
ENSDARG00000041991	0.32142347007434513	173	other	0.015026491791887432
ENSDARG00000042000	-0.16907228158503385	1480	high zero count	0.12855033440458613
ENSDARG00000042004	0.47024861385971944	336	other	0.029184400243203335
ENSDARG00000042005	0.4301380358908566	581	other	0.05046469208720577
ENSDARG00000042010	0.3501630065939274	911	other	0.07912794232606618
ENSDARG00000042018	-0.10990006401531807	1592	high zero count	0.13827846781898723
ENSDARG00000042021	0.19361125144597732	601	other	0.052201858768348826
ENSDARG00000042025	0.3654352697217835	1687	high zero count	0.14653000955441675
ENSDARG00000042027	0.29502054602045813	1798	high zero count	0.1561712846347607
ENSDARG00000042030	1.2490143719415097	710	other	0.06166941718057848
ENSDARG00000042031	0.12268704091849776	103	other	0.008946408407886736
ENSDARG00000042032	0.09703919712641383	682	other	0.0592373838269782
ENSDARG00000042045	0.7697138363156423	12	other	0.0010423000086858334
ENSDARG00000042054	-0.11002689735199371	648	other	0.056284200469035005
ENSDARG00000042055	0.04913647412584917	1596	high zero count	0.13862590115521584
ENSDARG00000042056	0.35153534228505096	24	other	0.002084600017371667
ENSDARG00000042057	-0.01101583243096231	853	other	0.07409015895075133
ENSDARG00000042063	0.02888194219737933	428	other	0.03717536697646139
ENSDARG00000042069	1.1953850505405181	114	other	0.009901850082515417
ENSDARG00000042072	0.5267931896634077	189	other	0.016416225136801875
ENSDARG00000042087	0.4058971104771725	23	other	0.001997741683314514
ENSDARG00000042091	0.6710948429058182	333	other	0.02892382524103188
ENSDARG00000042094	-0.08475599492156391	706	other	0.061321983844349864
ENSDARG00000042115	-0.16104267976338194	321	other	0.027881525232346042
ENSDARG00000042116	0.24209210528031852	2831	high zero count	0.24589594371579954
ENSDARG00000042120	0.14404419967348703	1592	high zero count	0.13827846781898723
ENSDARG00000042122	-0.10136141249355819	464	other	0.04030226700251889
ENSDARG00000042123	0.3514508003467387	742	other	0.06444888387040737
ENSDARG00000042124	0.17555039781174864	1325	high zero count	0.11508729262572744
ENSDARG00000042128	0.5243523720578955	272	other	0.023625466863545556
ENSDARG00000042141	-0.3160832071336538	545	other	0.04733779206114827
ENSDARG00000042147	0.711602324360527	98	other	0.008512116737600973
ENSDARG00000042151	0.1229143236149633	152	other	0.013202466776687223
ENSDARG00000042187	0.9898014983840998	3	other	2.6057500217145836e-4
ENSDARG00000042221	1.4047445726687104	189	other	0.016416225136801875
ENSDARG00000042245	0.9024192418591818	881	other	0.0765221923043516
ENSDARG00000042252	1.3537677008050693	5	other	4.342916702857639e-4
ENSDARG00000042261	-0.14269510463079513	1395	high zero count	0.12116737600972813
ENSDARG00000042272	0.2061007233874825	1214	high zero count	0.10544601754538348
ENSDARG00000042277	0.3601128273680169	418	other	0.036306783635889864
ENSDARG00000042282	-0.14328034941882695	383	other	0.03326674194388952
ENSDARG00000042285	-0.18710090327174847	354	other	0.030747850256232084
ENSDARG00000042291	-0.03125189485517156	2447	high zero count	0.21254234343785286
ENSDARG00000042296	0.49273793576900277	760	other	0.06601233388343612
ENSDARG00000042319	0.8216645618894419	24	other	0.002084600017371667
ENSDARG00000042322	0.8767859842386617	84	other	0.007296100060800834
ENSDARG00000042329	0.5078601384924536	3652	high zero count	0.31720663597672194
ENSDARG00000042337	1.0789077125976518	261	other	0.022670025188916875
ENSDARG00000042338	0.5091514196364062	789	other	0.06853122557109355
ENSDARG00000042341	0.34018548754588807	876	other	0.07608790063406584
ENSDARG00000042344	-0.03235294665816447	211	other	0.018327108486059236
ENSDARG00000042345	0.02105292582986768	631	other	0.054807608790063404
ENSDARG00000042357	0.21252331219653697	3694	high zero count	0.32085468600712236
ENSDARG00000042368	-0.172253203340872	226	other	0.01962998349691653
ENSDARG00000042396	-0.09071536301096536	486	other	0.04221315035177625
ENSDARG00000042401	0.6060684747739483	22	other	0.0019108833492573613
ENSDARG00000042418	0.36888536997639787	288	other	0.02501520020846
ENSDARG00000042428	0.594567807251787	893	other	0.07756449231303744
ENSDARG00000042452	0.25024473378044104	525	other	0.045600625380005214
ENSDARG00000042456	0.037706245472829816	833	other	0.07235299226960827
ENSDARG00000042458	0.4003809955275814	20	other	0.0017371666811430556
ENSDARG00000042467	0.3633889235660176	402	other	0.03491705029097542
ENSDARG00000042469	1.1505858369723059	122	other	0.010596716754972639
ENSDARG00000042477	0.5128178816493602	1061	high zero count	0.0921566924346391
ENSDARG00000042484	0.9715571199999434	26	other	0.0022583166854859725
ENSDARG00000042489	0.519018483112623	624	other	0.05419960045166334
ENSDARG00000042492	0.02499018937980605	474	other	0.04117085034309042
ENSDARG00000042508	0.732327806890126	5	other	4.342916702857639e-4
ENSDARG00000042509	0.310456434384033	985	other	0.0855554590462955
ENSDARG00000042518	0.051583874014570694	575	other	0.04994354208286285
ENSDARG00000042520	0.3685899254076643	66	other	0.005732650047772084
ENSDARG00000042522	0.3078359295144495	455	other	0.039520541996004514
ENSDARG00000042525	0.10706502662939003	297	other	0.025796925214974377
ENSDARG00000042526	-0.1469143708749256	700	other	0.06080083384000695
ENSDARG00000042527	0.2269407130692737	1353	high zero count	0.11751932597932771
ENSDARG00000042530	1.110831417709005	14	other	0.001216016676800139
ENSDARG00000042533	1.5416746813582043	159	other	0.013810475115087293
ENSDARG00000042534	0.7356128488699438	24	other	0.002084600017371667
ENSDARG00000042535	1.7570072684473335	442	other	0.03839138365326153
ENSDARG00000042539	2.080876684842254	4	other	3.4743333622861116e-4
ENSDARG00000042544	0.34035665486203986	1335	high zero count	0.11595587596629897
ENSDARG00000042548	0.13648438678198116	838	other	0.07278728393989403
ENSDARG00000042551	0.1626246935679705	358	other	0.031095283592460696
ENSDARG00000042552	-0.15631397699518612	1570	high zero count	0.13636758446972988
ENSDARG00000042553	0.1250158278222541	1646	high zero count	0.14296881785807347
ENSDARG00000042557	0.28220342042951874	2381	high zero count	0.2068096933900808
ENSDARG00000042559	0.10330373344601675	1470	high zero count	0.12768175106401458
ENSDARG00000042561	-0.01915628054336	2409	high zero count	0.20924172674368105
ENSDARG00000042563	0.20192038404070556	241	other	0.02093285850777382
ENSDARG00000042566	3.555072346322379	2	other	1.7371666811430558e-4
ENSDARG00000042571	0.4485054467299608	577	other	0.05011725875097715
ENSDARG00000042590	0.3998797987915672	69	other	0.005993225049943542
ENSDARG00000042608	0.06514090510209054	1176	high zero count	0.10214540085121167
ENSDARG00000042616	-0.07215533523071048	2085	high zero count	0.18109962650916356
ENSDARG00000042620	1.553980954128171	140	other	0.01216016676800139
ENSDARG00000042621	-0.09858103589353873	941	other	0.08173369234778077
ENSDARG00000042623	0.1201646860111814	10	other	8.685833405715278e-4
ENSDARG00000042627	-0.1521617810826717	1146	high zero count	0.09953965082949709
ENSDARG00000042630	0.5375251662718308	1047	high zero count	0.09094067575783897
ENSDARG00000042637	-0.18957602892202755	497	other	0.04316859202640493
ENSDARG00000042641	0.6240148567436382	1117	high zero count	0.09702075914183966
ENSDARG00000042642	1.4218280718979528	41	other	0.0035611916963432643
ENSDARG00000042644	1.3112654523038074	1559	high zero count	0.1354121427951012
ENSDARG00000042646	-0.19400424594137952	939	other	0.08155997567966647
ENSDARG00000042652	0.23663164958343277	79	other	0.0068618083905150696
ENSDARG00000042658	0.5455182260716966	1050	high zero count	0.09120125076001043
ENSDARG00000042659	0.31248313844316516	1562	high zero count	0.13567271779727264
ENSDARG00000042660	1.1062362112188973	22	other	0.0019108833492573613
ENSDARG00000042667	0.7897631780695094	179	other	0.015547641796230348
ENSDARG00000042670	1.6029658775228075	204	other	0.017719100147659168
ENSDARG00000042671	0.239910149688181	1497	high zero count	0.13002692608355773
ENSDARG00000042677	-0.17203570721528452	1099	high zero count	0.09545730912881091
ENSDARG00000042683	-0.08564347791389568	1224	high zero count	0.10631460088595501
ENSDARG00000042684	0.5965722180116988	307	other	0.026665508555545905
ENSDARG00000042688	0.13081879367495572	196	other	0.017024233475201947
ENSDARG00000042689	-0.1393076843247147	2010	high zero count	0.1745852514548771
ENSDARG00000042690	0.5468832137363984	1124	high zero count	0.09762876748023973
ENSDARG00000042703	0.7901882076314556	1367	high zero count	0.11873534265612785
ENSDARG00000042707	-0.04397199077319421	609	other	0.05289672544080604
ENSDARG00000042708	2.1649486778402625	4	other	3.4743333622861116e-4
ENSDARG00000042717	0.7140816402364273	129	other	0.01120472509337271
ENSDARG00000042722	-0.02052200063059838	1856	high zero count	0.16120906801007556
ENSDARG00000042724	1.0462603458557742	5	other	4.342916702857639e-4
ENSDARG00000042725	0.8066221340907662	315	other	0.027360375228003126
ENSDARG00000042727	0.10912650269431572	513	other	0.04455832537131938
ENSDARG00000042728	0.22751866305378282	137	other	0.011899591765829932
ENSDARG00000042732	0.9837512711262256	56	other	0.004864066707200556
ENSDARG00000042737	-0.012325411378819009	1536	high zero count	0.13341440111178668
ENSDARG00000042742	1.129287818477424	122	other	0.010596716754972639
ENSDARG00000042747	0.20958520567123648	1908	high zero count	0.1657257013810475
ENSDARG00000042751	0.9737934983724368	696	other	0.060453400503778336
ENSDARG00000042777	1.6330477802667145	40	other	0.0034743333622861113
ENSDARG00000042780	0.4334434795188322	542	other	0.04707721705897681
ENSDARG00000042791	0.100576603310914	676	other	0.05871623382263528
ENSDARG00000042796	0.9687933159151715	50	other	0.004342916702857639
ENSDARG00000042799	0.36221181271163816	369	other	0.03205072526708938
ENSDARG00000042810	0.5284788891836378	924	other	0.08025710066880917
ENSDARG00000042811	0.2507774860381096	551	other	0.047858942065491183
ENSDARG00000042816	0.563916260626154	3735	high zero count	0.32441587770346564
ENSDARG00000042821	0.1602507146712221	775	other	0.0673152088942934
ENSDARG00000042823	1.579814068419476	25	other	0.0021714583514288194
ENSDARG00000042824	0.6252635142545144	2	other	1.7371666811430558e-4
ENSDARG00000042825	0.2861782575696856	125	other	0.010857291757144097
ENSDARG00000042826	0.04227462069749854	3065	high zero count	0.2662207938851733
ENSDARG00000042827	0.09954922197970772	1020	other	0.08859550073829583
ENSDARG00000042835	0.49829190804456447	71	other	0.006166941718057848
ENSDARG00000042837	1.6553302649559922	30	other	0.0026057500217145837
ENSDARG00000042839	0.4653841352637809	686	other	0.05958481716320681
ENSDARG00000042840	0.33729826439488014	200	other	0.017371666811430556
ENSDARG00000042848	0.23015239546979552	221	other	0.019195691826630765
ENSDARG00000042851	0.946711583924243	156	other	0.013549900112915835
ENSDARG00000042853	1.08475798008156	174	other	0.015113350125944584
ENSDARG00000042854	0.27980077809572684	1976	high zero count	0.1716320680969339
ENSDARG00000042856	0.2668035220700754	363	other	0.03152957526274646
ENSDARG00000042864	1.3762377376994936	43	other	0.00373490836445757
ENSDARG00000042866	0.2834666008785715	3717	high zero count	0.32285242769043687
ENSDARG00000042874	0.6852366120251926	218	other	0.018935116824459308
ENSDARG00000042876	1.1164246760948577	66	other	0.005732650047772084
ENSDARG00000042877	-0.04016474358476086	825	other	0.07165812559715104
ENSDARG00000042881	-0.1827701515841025	1600	high zero count	0.13897333449144444
ENSDARG00000042892	0.3114347500965837	228	other	0.019803700165030833
ENSDARG00000042894	0.7758782848799726	163	other	0.014157908451315903
ENSDARG00000042899	-0.15423060557001758	1265	high zero count	0.10987579258229827
ENSDARG00000042900	0.13465671063001078	80	other	0.006948666724572223
ENSDARG00000042902	-0.13830437551501318	1780	high zero count	0.15460783462173194
ENSDARG00000042904	0.6829100448998834	263	other	0.022843741857031183
ENSDARG00000042927	0.9141410297140014	385	other	0.03344045861200382
ENSDARG00000042929	0.009128941993376464	1270	high zero count	0.11031008425258404
ENSDARG00000042933	0.8832824147125141	184	other	0.01598193346651611
ENSDARG00000042934	1.1190813373570914	850	other	0.07382958394857987
ENSDARG00000042940	0.023266964028356384	3326	high zero count	0.28889081907409014
ENSDARG00000042946	0.30739755838227417	761	other	0.06609919221749327
ENSDARG00000042948	0.7139526709406164	243	other	0.021106575175888126
ENSDARG00000042954	0.7125255532269019	1425	high zero count	0.12377312603144272
ENSDARG00000042961	0.3302821981205257	842	other	0.07313471727612264
ENSDARG00000042962	1.4717873833018966	22	other	0.0019108833492573613
ENSDARG00000042969	1.2369092532889208	18	other	0.00156345001302875
ENSDARG00000042975	0.625271590749067	735	other	0.06384087553200729
ENSDARG00000042977	1.207123131910571	635	other	0.05515504212629202
ENSDARG00000042978	0.1802670701190993	2868	high zero count	0.24910970207591418
ENSDARG00000042980	-0.023658500727551678	1895	high zero count	0.16459654303830454
ENSDARG00000042988	0.2671407409920522	1442	high zero count	0.12524971771041432
ENSDARG00000042989	0.3596779855325838	175	other	0.015200208460001738
ENSDARG00000042990	0.08963574807177827	1785	high zero count	0.15504212629201772
ENSDARG00000042993	0.7292259504548502	3674	high zero count	0.3191175193259793
ENSDARG00000042995	0.4291270697781441	538	other	0.0467297837227482
ENSDARG00000043003	1.2880665927161263	117	other	0.010162425084686877
ENSDARG00000043004	-0.051815183127189385	2745	high zero count	0.2384261269868844
ENSDARG00000043009	0.5612674969151562	1689	high zero count	0.14670372622253106
ENSDARG00000043010	0.4109226113937947	437	other	0.03795709198297577
ENSDARG00000043011	0.03588921004439109	1029	other	0.08937722574481022
ENSDARG00000043019	0.6193158964813151	167	other	0.014505341787544515
ENSDARG00000043021	0.0452525690528599	435	other	0.037783375314861464
ENSDARG00000043026	0.42520804290919634	552	other	0.047945800399548336
ENSDARG00000043031	0.3044492964653703	1299	high zero count	0.11282897594024147
ENSDARG00000043046	0.4828773379332493	58	other	0.005037783375314861
ENSDARG00000043055	0.3332053374296868	112	other	0.009728133414401112
ENSDARG00000043066	-0.0364800731278378	867	other	0.07530617562755146
ENSDARG00000043077	0.6628004710182895	370	other	0.03213758360114653
ENSDARG00000043081	0.9086401876222451	573	other	0.049769825414748545
ENSDARG00000043094	0.16520796807495608	68	other	0.005906366715886389
ENSDARG00000043102	0.3949598406731757	251	other	0.02180144184834535
ENSDARG00000043105	0.24286481651423059	1549	high zero count	0.13454355945452967
ENSDARG00000043128	0.563756025431481	199	other	0.017284808477373403
ENSDARG00000043130	0.4207493319699095	30	other	0.0026057500217145837
ENSDARG00000043133	0.10588299908058575	1236	high zero count	0.10735690089464084
ENSDARG00000043134	0.2197143919605308	859	other	0.07461130895509424
ENSDARG00000043137	1.004733319685283	62	other	0.0053852167115434725
ENSDARG00000043141	-0.24825632696764294	1090	high zero count	0.09467558412229654
ENSDARG00000043154	1.7477132450399468	4	other	3.4743333622861116e-4
ENSDARG00000043177	0.346036645197162	923	other	0.08017024233475202
ENSDARG00000043179	0.3656475124127513	1837	high zero count	0.15955875966298966
ENSDARG00000043180	1.1270154647319734	193	other	0.016763658473030487
ENSDARG00000043185	0.5327165516107593	106	other	0.009206983410058196
ENSDARG00000043209	0.2904566724477812	211	other	0.018327108486059236
ENSDARG00000043211	0.13111597450543913	59	other	0.005124641709372014
ENSDARG00000043213	0.7120746969887639	80	other	0.006948666724572223
ENSDARG00000043236	0.15178428700103758	267	other	0.023191175193259795
ENSDARG00000043242	0.29226150796769884	1820	high zero count	0.15808216798401806
ENSDARG00000043243	-0.018340697704118093	684	other	0.0594111004950925
ENSDARG00000043247	0.22866350588113715	122	other	0.010596716754972639
ENSDARG00000043249	0.4125164381055787	1980	high zero count	0.1719795014331625
ENSDARG00000043250	-0.041976221334305466	87	other	0.007556675062972292
ENSDARG00000043257	2.252086328505505	16	other	0.0013897333449144446
ENSDARG00000043275	-0.14032199418037347	1444	high zero count	0.12542343437852863
ENSDARG00000043279	0.21859622826063987	666	other	0.05784765048206376
ENSDARG00000043283	0.7521557939133524	222	other	0.019282550160687917
ENSDARG00000043287	0.5089900978987824	869	other	0.07547989229566576
ENSDARG00000043301	0.1360613242548061	981	other	0.08520802571006689
ENSDARG00000043304	0.9918680863215227	52	other	0.004516633370971945
ENSDARG00000043307	0.18266908507959476	2372	high zero count	0.2060279683835664
ENSDARG00000043313	0.26007288951920127	164	other	0.014244766785373057
ENSDARG00000043323	0.1968293763260227	2143	high zero count	0.1861374098844784
ENSDARG00000043328	-0.328589965089891	1492	high zero count	0.12959263441327196
ENSDARG00000043334	0.3362976049953408	23	other	0.001997741683314514
ENSDARG00000043339	-0.056780187956266256	1881	high zero count	0.16338052636150438
ENSDARG00000043342	0.3646522737860392	396	other	0.0343959002866325
ENSDARG00000043357	0.5477661429838985	26	other	0.0022583166854859725
ENSDARG00000043359	0.7443480399456862	9	other	7.81725006514375e-4
ENSDARG00000043361	0.11689897411472341	179	other	0.015547641796230348
ENSDARG00000043371	2.250093676469831	4	other	3.4743333622861116e-4
ENSDARG00000043394	-0.07303656304968824	1962	high zero count	0.17041605142013377
ENSDARG00000043395	0.22528085220119096	1172	high zero count	0.10179796751498306
ENSDARG00000043402	0.5332511341282379	230	other	0.01997741683314514
ENSDARG00000043404	0.10458828222398682	486	other	0.04221315035177625
ENSDARG00000043406	0.05058176498674893	594	other	0.051593850429948754
ENSDARG00000043416	0.6565496360301427	1132	high zero count	0.09832363415269695
ENSDARG00000043417	0.28920272367098526	82	other	0.007122383392686529
ENSDARG00000043442	1.1383291712242891	166	other	0.014418483453487362
ENSDARG00000043443	0.2781593052225417	532	other	0.04620863371840528
ENSDARG00000043446	0.6843503566436919	809	other	0.0702683922522366
ENSDARG00000043447	0.7190966880395381	1219	high zero count	0.10588030921566924
ENSDARG00000043448	0.7534745032094666	1108	high zero count	0.09623903413532528
ENSDARG00000043453	3.3294730023750634	3	other	2.6057500217145836e-4
ENSDARG00000043457	2.182987560452577	4	other	3.4743333622861116e-4
ENSDARG00000043465	0.8001864474149767	2193	high zero count	0.19048032658733605
ENSDARG00000043467	2.0505179152810915	131	other	0.011378441761487015
ENSDARG00000043474	0.5589292373643698	1666	high zero count	0.14470598453921654
ENSDARG00000043475	0.3986439320423942	381	other	0.03309302527577521
ENSDARG00000043479	0.3300024586533769	454	other	0.03943368366194736
ENSDARG00000043480	0.1418888432822056	842	other	0.07313471727612264
ENSDARG00000043482	0.0541636766381893	2224	high zero count	0.1931729349431078
ENSDARG00000043483	-0.019483592082466222	2532	high zero count	0.21992530183271086
ENSDARG00000043484	1.686013413392348	2	other	1.7371666811430558e-4
ENSDARG00000043485	0.8333194914301371	120	other	0.010423000086858335
ENSDARG00000043493	1.3982969635729572	1	other	8.685833405715279e-5
ENSDARG00000043497	0.2880605167059169	80	other	0.006948666724572223
ENSDARG00000043502	0.9523123485842775	60	other	0.005211500043429167
ENSDARG00000043509	3.5697096105273474	1	other	8.685833405715279e-5
ENSDARG00000043510	0.4950217117853381	61	other	0.0052983583774863195
ENSDARG00000043511	1.5878168179032373	233	other	0.020237991835316597
ENSDARG00000043514	0.4758973695810566	1055	high zero count	0.09163554243029619
ENSDARG00000043531	0.7958684471676816	432	other	0.03752280031269
ENSDARG00000043536	-0.2023004644462368	1213	high zero count	0.10535915921132633
ENSDARG00000043542	0.2518955596237967	1421	high zero count	0.12342569269521411
ENSDARG00000043548	0.6823166474831366	832	other	0.07226613393555112
ENSDARG00000043553	-0.17088159036989312	271	other	0.023538608529488404
ENSDARG00000043554	0.5898622611070133	129	other	0.01120472509337271
ENSDARG00000043555	0.9938551339912323	132	other	0.011465300095544168
ENSDARG00000043559	0.057595886590457786	81	other	0.007035525058629376
ENSDARG00000043561	0.8653071870487622	39	other	0.0033874750282289587
ENSDARG00000043566	-5.834869809301741e-4	1817	high zero count	0.15782159298184661
ENSDARG00000043571	1.1661777913295528	23	other	0.001997741683314514
ENSDARG00000043581	0.09424411010149535	1198	high zero count	0.10405628420046903
ENSDARG00000043587	0.2220605047493234	1049	high zero count	0.09111439242595328
ENSDARG00000043589	0.4088949281889119	449	other	0.0389993919916616
ENSDARG00000043593	-0.07702090347090179	853	other	0.07409015895075133
ENSDARG00000043608	1.6171038512592524	18	other	0.00156345001302875
ENSDARG00000043624	0.11418373860331953	286	other	0.024841483540345696
ENSDARG00000043627	-0.27022209614577286	264	other	0.022930600191088335
ENSDARG00000043631	1.3756303114196042	121	other	0.010509858420915487
ENSDARG00000043635	0.7954289954830054	105	other	0.009120125076001042
ENSDARG00000043640	0.1581807252635813	755	other	0.06557804221315035
ENSDARG00000043643	0.4083374193313426	152	other	0.013202466776687223
ENSDARG00000043644	0.6922289957759433	58	other	0.005037783375314861
ENSDARG00000043658	0.4399816617861178	572	other	0.04968296708069139
ENSDARG00000043663	0.9433710062684266	212	other	0.018413966820116392
ENSDARG00000043665	1.1459937348477875	211	other	0.018327108486059236
ENSDARG00000043666	0.09655037056242627	185	other	0.016068791800573266
ENSDARG00000043673	0.09302710233650724	2976	high zero count	0.2584904021540867
ENSDARG00000043680	1.1602443024563978	19	other	0.0016503083470859028
ENSDARG00000043687	0.19899999329226467	1875	high zero count	0.16285937635716147
ENSDARG00000043697	0.23146505227103484	527	other	0.04577434204811952
ENSDARG00000043701	0.30926363984430705	1759	high zero count	0.15278380960653173
ENSDARG00000043710	0.4533529845737105	350	other	0.030400416920003476
ENSDARG00000043713	0.7032938301711361	146	other	0.012681316772344306
ENSDARG00000043716	0.20020024161270242	539	other	0.04681664205680535
ENSDARG00000043719	0.12862858240136033	1694	high zero count	0.1471380178928168
ENSDARG00000043720	0.16847502348519022	805	other	0.069920958916008
ENSDARG00000043727	0.48717299522142693	159	other	0.013810475115087293
ENSDARG00000043728	0.023375748997253774	143	other	0.012420741770172848
ENSDARG00000043729	0.2529688556648871	1942	high zero count	0.1686788847389907
ENSDARG00000043732	0.7362383726755747	7	other	6.080083384000695e-4
ENSDARG00000043734	-0.20880773239332748	1977	high zero count	0.17171892643099104
ENSDARG00000043740	0.18572372491028236	1331	high zero count	0.11560844263007035
ENSDARG00000043746	0.12663122518969094	653	other	0.056718492139320766
ENSDARG00000043757	0.5680919884914718	105	other	0.009120125076001042
ENSDARG00000043770	-0.0625218820888019	347	other	0.030139841917832016
ENSDARG00000043781	0.41914021599829765	877	other	0.076174758968123
ENSDARG00000043792	0.682642075697718	273	other	0.02371232519760271
ENSDARG00000043795	2.333115268218088	4	other	3.4743333622861116e-4
ENSDARG00000043797	0.853365190476856	21	other	0.0018240250152002084
ENSDARG00000043799	0.5409434236307399	217	other	0.018848258490402153
ENSDARG00000043820	0.38606879704234304	3228	high zero count	0.2803787023364892
ENSDARG00000043821	0.2946481301010308	148	other	0.012855033440458612
ENSDARG00000043842	0.7352426478086374	7	other	6.080083384000695e-4
ENSDARG00000043848	1.7030696899225772	84	other	0.007296100060800834
ENSDARG00000043854	0.558204579899483	75	other	0.006514375054286459
ENSDARG00000043856	1.0326760243991164	11	other	9.554416746286806e-4
ENSDARG00000043857	0.766509323963756	94	other	0.008164683401372361
ENSDARG00000043864	1.10936635405225	699	other	0.0607139755059498
ENSDARG00000043865	0.5731127337107689	43	other	0.00373490836445757
ENSDARG00000043873	1.1076983285868514	5	other	4.342916702857639e-4
ENSDARG00000043877	0.06539873026218725	990	other	0.08598975071658126
ENSDARG00000043884	0.3300017777809842	530	other	0.046034917050290974
ENSDARG00000043898	0.745590656839241	723	other	0.06279857552332146
ENSDARG00000043905	0.40577923871822186	627	other	0.054460175453834796
ENSDARG00000043923	0.3116907061453006	65	other	0.005645791713714931
ENSDARG00000043928	0.36152276806227357	704	other	0.06114826717623556
ENSDARG00000043932	1.011095666650543	341	other	0.0296186919134891
ENSDARG00000043960	0.5321131618011167	24	other	0.002084600017371667
ENSDARG00000043962	-0.15157560669786233	492	other	0.04273430035611917
ENSDARG00000043963	-0.04515649101729773	630	other	0.05472075045600625
ENSDARG00000043970	0.9368781934779913	16	other	0.0013897333449144446
ENSDARG00000043972	0.5885496816336502	163	other	0.014157908451315903
ENSDARG00000043973	0.7749527755399105	14	other	0.001216016676800139
ENSDARG00000043976	1.320759588644227	4	other	3.4743333622861116e-4
ENSDARG00000043986	-0.18993043573012075	696	other	0.060453400503778336
ENSDARG00000044001	0.8857102362515465	242	other	0.021019716841830974
ENSDARG00000044011	0.5598899339207326	333	other	0.02892382524103188
ENSDARG00000044016	0.46873696413421945	23	other	0.001997741683314514
ENSDARG00000044038	0.03127232360503003	3719	high zero count	0.3230261443585512
ENSDARG00000044053	1.126531801805215	1603	high zero count	0.13923390949361591
ENSDARG00000044056	-0.0156460632452676	161	other	0.013984191783201599
ENSDARG00000044062	0.8935627778004854	9	other	7.81725006514375e-4
ENSDARG00000044072	-0.061495063236487756	447	other	0.0388256753235473
ENSDARG00000044073	0.39582622154155667	424	other	0.036827933640232784
ENSDARG00000044074	0.24749250725440586	365	other	0.031703291930860765
ENSDARG00000044083	0.671631282263539	64	other	0.005558933379657779
ENSDARG00000044090	0.42165808077379113	89	other	0.007730391731086598
ENSDARG00000044092	1.5151519482321385	89	other	0.007730391731086598
ENSDARG00000044102	0.9889050596567379	188	other	0.016329366802744723
ENSDARG00000044125	1.1802133307229148	227	other	0.01971684183097368
ENSDARG00000044129	0.370673927823781	3643	high zero count	0.3164249109702076
ENSDARG00000044132	0.7831658660939119	1987	high zero count	0.1725875097715626
ENSDARG00000044134	0.6436160269221697	719	other	0.06245114218709285
ENSDARG00000044135	0.30133501588076955	155	other	0.013463041778858681
ENSDARG00000044136	0.5521586858995747	463	other	0.04021540866846174
ENSDARG00000044142	0.26334491817310396	219	other	0.01902197515851646
ENSDARG00000044143	0.1673037421745763	229	other	0.01989055849908799
ENSDARG00000044144	-0.06575921407725004	91	other	0.007904108399200903
ENSDARG00000044153	2.0548057031750493	8	other	6.948666724572223e-4
ENSDARG00000044155	-0.001789383563393232	491	other	0.04264744202206202
ENSDARG00000044167	0.5491083950671637	589	other	0.05115955875966299
ENSDARG00000044179	0.8908724566118822	93	other	0.00807782506731521
ENSDARG00000044182	2.0221554475947854	19	other	0.0016503083470859028
ENSDARG00000044183	0.45254302474056435	1977	high zero count	0.17171892643099104
ENSDARG00000044194	1.0453223464273225	611	other	0.053070442108920354
ENSDARG00000044203	0.24763118444398385	1072	high zero count	0.09311213410926779
ENSDARG00000044216	-0.10633264463752086	212	other	0.018413966820116392
ENSDARG00000044241	0.3844663699181581	774	other	0.06722835056023625
ENSDARG00000044251	0.8585895383532517	706	other	0.061321983844349864
ENSDARG00000044253	0.027477386570309226	231	other	0.020064275167202293
ENSDARG00000044254	0.5285595427940604	345	other	0.02996612524971771
ENSDARG00000044255	0.36702223842216997	563	other	0.048901242074177016
ENSDARG00000044261	0.05868658460977045	1338	high zero count	0.11621645096847043
ENSDARG00000044265	0.13280844332721678	1129	high zero count	0.09806305915052549
ENSDARG00000044267	1.6813292573367442	27	other	0.002345175019543125
ENSDARG00000044281	0.7124026370060504	4	other	3.4743333622861116e-4
ENSDARG00000044282	0.32056117407783985	41	other	0.0035611916963432643
ENSDARG00000044298	0.6588024897141729	201	other	0.01745852514548771
ENSDARG00000044299	0.9370354164476777	13	other	0.0011291583427429862
ENSDARG00000044301	1.225986874369462	10	other	8.685833405715278e-4
ENSDARG00000044304	0.6344465396859882	39	other	0.0033874750282289587
ENSDARG00000044326	0.5803389304799916	322	other	0.027968383566403198
ENSDARG00000044327	-0.07971778343465082	538	other	0.0467297837227482
ENSDARG00000044328	1.4295856446291553	104	other	0.00903326674194389
ENSDARG00000044332	1.1254387217159518	23	other	0.001997741683314514
ENSDARG00000044339	0.461253518014589	451	other	0.039173108659775906
ENSDARG00000044345	1.1258864138439753	4	other	3.4743333622861116e-4
ENSDARG00000044356	0.45386013685555515	73	other	0.006340658386172153
ENSDARG00000044357	0.3845960696262667	24	other	0.002084600017371667
ENSDARG00000044362	0.49155480151934355	179	other	0.015547641796230348
ENSDARG00000044365	0.13374625079064872	569	other	0.049422392078519936
ENSDARG00000044373	0.46161706553417253	163	other	0.014157908451315903
ENSDARG00000044375	0.17151382152287936	1122	high zero count	0.09745505081212542
ENSDARG00000044380	0.11040704175665556	105	other	0.009120125076001042
ENSDARG00000044402	1.0556890936488252	120	other	0.010423000086858335
ENSDARG00000044404	0.051331554920229776	1960	high zero count	0.17024233475201947
ENSDARG00000044405	0.2339836795862621	327	other	0.02840267523668896
ENSDARG00000044420	0.47686655929599125	210	other	0.018240250152002084
ENSDARG00000044431	0.6575857645399802	24	other	0.002084600017371667
ENSDARG00000044433	-0.2304643534303792	497	other	0.04316859202640493
ENSDARG00000044437	0.21961060471132088	639	other	0.05550247546252063
ENSDARG00000044441	-0.11248878818282945	666	other	0.05784765048206376
ENSDARG00000044484	0.323054911682802	54	other	0.00469035003908625
ENSDARG00000044485	0.11471053383068201	9	other	7.81725006514375e-4
ENSDARG00000044488	0.6342096051185321	110	other	0.009554416746286806
ENSDARG00000044491	0.25186111922705756	914	other	0.07938851732823765
ENSDARG00000044492	0.31434419442624295	201	other	0.01745852514548771
ENSDARG00000044511	1.1856661035944545	6	other	5.211500043429167e-4
ENSDARG00000044513	0.49742957935997645	478	other	0.04151828367931903
ENSDARG00000044524	0.19512384032321894	1365	high zero count	0.11856162598801355
ENSDARG00000044526	0.09090481162008524	2980	high zero count	0.2588378354903153
ENSDARG00000044532	0.07132325510303328	3675	high zero count	0.31920437766003645
ENSDARG00000044540	1.1950668553117327	85	other	0.007382958394857987
ENSDARG00000044541	0.6743275507556469	799	other	0.06939980891166507
ENSDARG00000044545	1.4342217943404472	57	other	0.004950925041257708
ENSDARG00000044551	0.37330279484825024	1479	high zero count	0.12846347607052896
ENSDARG00000044562	2.774405595715256	4	other	3.4743333622861116e-4
ENSDARG00000044565	1.0332104206302306	8	other	6.948666724572223e-4
ENSDARG00000044567	0.34057119659782153	143	other	0.012420741770172848
ENSDARG00000044569	0.581203023951003	2232	high zero count	0.19386780161556502
ENSDARG00000044573	1.0459469865000277	14	other	0.001216016676800139
ENSDARG00000044575	0.19625666292760027	28	other	0.002432033353600278
ENSDARG00000044584	0.21543399277851918	48	other	0.004169200034743334
ENSDARG00000044588	0.7173340824820015	210	other	0.018240250152002084
ENSDARG00000044596	0.14742114929599343	2001	high zero count	0.17380352644836272
ENSDARG00000044597	0.2657813276388029	75	other	0.006514375054286459
ENSDARG00000044601	2.7675778446736428	2	other	1.7371666811430558e-4
ENSDARG00000044605	0.1833112589287861	2288	high zero count	0.19873186832276557
ENSDARG00000044615	-0.07616037580320956	385	other	0.03344045861200382
ENSDARG00000044619	1.4890894141163686	156	other	0.013549900112915835
ENSDARG00000044622	-0.15163606785397865	1870	high zero count	0.1624250846868757
ENSDARG00000044625	0.6311035765134467	44	other	0.0038217666985147225
ENSDARG00000044626	-0.10521070050978223	1087	high zero count	0.09441500912012507
ENSDARG00000044627	0.0732079760992643	1581	high zero count	0.13732302614435854
ENSDARG00000044628	0.9800543654223561	66	other	0.005732650047772084
ENSDARG00000044655	-0.10333270648419811	1530	high zero count	0.13289325110744377
ENSDARG00000044684	0.8482643441896625	590	other	0.051246417093720145
ENSDARG00000044685	0.19390815263846387	153	other	0.013289325110744377
ENSDARG00000044688	0.1879722869191516	447	other	0.0388256753235473
ENSDARG00000044691	0.659984518817563	429	other	0.037262225310518544
ENSDARG00000044692	0.17524700247036773	515	other	0.044732042039433685
ENSDARG00000044694	0.007651331036528583	1545	high zero count	0.13419612611830106
ENSDARG00000044695	-0.060294352429402155	1158	high zero count	0.10058195083818293
ENSDARG00000044718	0.13001994651984147	95	other	0.008251541735429515
ENSDARG00000044751	1.0599297537669656	305	other	0.026491791887431598
ENSDARG00000044753	1.2116370084462522	262	other	0.02275688352297403
ENSDARG00000044760	1.0574628512986903	17	other	0.0014765916789715972
ENSDARG00000044766	0.16700335058286295	2576	high zero count	0.22374706853122558
ENSDARG00000044769	0.03813482757931444	184	other	0.01598193346651611
ENSDARG00000044774	0.28107080955689884	530	other	0.046034917050290974
ENSDARG00000044781	0.3280718149011562	3790	high zero count	0.3291930860766091
ENSDARG00000044803	0.4025658375904398	245	other	0.021280291844002434
ENSDARG00000044808	0.3377728363817393	658	other	0.05715278380960653
ENSDARG00000044809	0.3817389308499596	617	other	0.05359159211326327
ENSDARG00000044811	1.0465332009413548	53	other	0.004603491705029098
ENSDARG00000044812	0.1952919076102613	238	other	0.02067228350560236
ENSDARG00000044815	0.06536889182337499	1922	high zero count	0.16694171805784766
ENSDARG00000044820	0.8728620295791472	67	other	0.005819508381829237
ENSDARG00000044847	0.0032326864534162063	283	other	0.024580908538174236
ENSDARG00000044852	1.4732957747831805	42	other	0.003648050030400417
ENSDARG00000044874	1.0803671855142178	29	other	0.0025188916876574307
ENSDARG00000044895	0.9696114715191892	1886	high zero count	0.16381481803179015
ENSDARG00000044899	0.6242024152100956	385	other	0.03344045861200382
ENSDARG00000044900	0.6126959239847605	1300	high zero count	0.11291583427429862
ENSDARG00000044902	0.7916887204013769	2	other	1.7371666811430558e-4
ENSDARG00000044914	1.2581780116703642	29	other	0.0025188916876574307
ENSDARG00000044923	0.5620862102098168	384	other	0.03335360027794667
ENSDARG00000044924	0.0600984682127807	1815	high zero count	0.1576478763137323
ENSDARG00000044925	0.1254678469116145	506	other	0.04395031703291931
ENSDARG00000044938	0.47522607052005383	80	other	0.006948666724572223
ENSDARG00000044942	0.7117782573437439	165	other	0.01433162511943021
ENSDARG00000044943	0.5004790985292239	14	other	0.001216016676800139
ENSDARG00000044949	0.5015568635604615	54	other	0.00469035003908625
ENSDARG00000044972	0.732916014252528	89	other	0.007730391731086598
ENSDARG00000044975	0.9153024710718609	1225	high zero count	0.10640145922001217
ENSDARG00000044980	-0.03089226622360941	539	other	0.04681664205680535
ENSDARG00000044982	0.25850593294394547	2474	high zero count	0.21488751845739598
ENSDARG00000045003	0.3064847983313324	1565	high zero count	0.1359332927994441
ENSDARG00000045006	0.6470579923674635	434	other	0.037696516980804305
ENSDARG00000045011	-0.07126172010958007	1958	high zero count	0.17006861808390514
ENSDARG00000045014	0.7296568903844206	451	other	0.039173108659775906
ENSDARG00000045017	0.31967295665936846	200	other	0.017371666811430556
ENSDARG00000045019	0.2294903812926118	47	other	0.004082341700686181
ENSDARG00000045025	0.17416597539920545	195	other	0.01693737514114479
ENSDARG00000045027	-0.02677172101349295	2480	high zero count	0.2154086684617389
ENSDARG00000045036	0.591386926148272	741	other	0.06436202553635022
ENSDARG00000045051	0.6736509549323976	193	other	0.016763658473030487
ENSDARG00000045064	0.7173974851906005	141	other	0.012247025102058542
ENSDARG00000045065	0.05372868734405827	1342	high zero count	0.11656388430469904
ENSDARG00000045066	1.13345524948881	651	other	0.05654477547120646
ENSDARG00000045074	1.1102497213923521	250	other	0.021714583514288194
ENSDARG00000045075	0.5411836056371339	1319	high zero count	0.11456614262138452
ENSDARG00000045091	0.7795572683192826	331	other	0.02875010857291757
ENSDARG00000045092	0.5151955844767657	57	other	0.004950925041257708
ENSDARG00000045095	0.28787695492714516	1054	high zero count	0.09154868409623904
ENSDARG00000045105	0.4712994263706598	43	other	0.00373490836445757
ENSDARG00000045127	0.43714012384812706	15	other	0.0013028750108572918
ENSDARG00000045129	0.37201446786691783	805	other	0.069920958916008
ENSDARG00000045130	0.4259480754210579	1046	other	0.09085381742378182
ENSDARG00000045131	2.352182083144388	986	other	0.08564231738035265
ENSDARG00000045132	2.2411508716099044	1	other	8.685833405715279e-5
ENSDARG00000045140	0.4566212628803022	189	other	0.016416225136801875
ENSDARG00000045141	0.7563046046441714	1939	high zero count	0.16841830973681926
ENSDARG00000045143	0.6113250318752842	2003	high zero count	0.17397724311647703
ENSDARG00000045146	1.7115726606704187	31	other	0.0026926083557717363
ENSDARG00000045147	0.7801035441640956	41	other	0.0035611916963432643
ENSDARG00000045150	0.4182129007544047	200	other	0.017371666811430556
ENSDARG00000045155	0.7762746825965307	74	other	0.006427516720229306
ENSDARG00000045156	-0.009840654801183365	2040	high zero count	0.17719100147659167
ENSDARG00000045159	0.44357622326536195	215	other	0.01867454182228785
ENSDARG00000045160	0.5678023791450136	1005	other	0.08729262572743855
ENSDARG00000045167	0.31554010214134703	94	other	0.008164683401372361
ENSDARG00000045180	0.6329231399922244	2214	high zero count	0.19230435160253626
ENSDARG00000045199	0.09408290773160127	800	other	0.06948666724572222
ENSDARG00000045200	1.0175676290877478	368	other	0.03196386693303222
ENSDARG00000045219	0.07854112362048492	1821	high zero count	0.15816902631807522
ENSDARG00000045228	1.0512185871537756	3688	high zero count	0.3203335360027795
ENSDARG00000045230	1.4259768442404814	1881	high zero count	0.16338052636150438
ENSDARG00000045248	2.4135609208962983	6	other	5.211500043429167e-4
ENSDARG00000045249	0.14817953139969975	1416	high zero count	0.12299140102492834
ENSDARG00000045254	-0.11037166936261696	99	other	0.008598975071658126
ENSDARG00000045257	0.3516341501230949	152	other	0.013202466776687223
ENSDARG00000045262	0.7175422892918984	263	other	0.022843741857031183
ENSDARG00000045273	-0.13795261678568385	1359	high zero count	0.11804047598367064
ENSDARG00000045277	0.055785042949887974	1495	high zero count	0.1298532094154434
ENSDARG00000045294	0.7734603468959214	116	other	0.010075566750629723
ENSDARG00000045296	1.0334690496319094	172	other	0.01493963345783028
ENSDARG00000045297	1.1416867301204134	2514	high zero count	0.2183618518196821
ENSDARG00000045298	0.6209741967213925	11	other	9.554416746286806e-4
ENSDARG00000045299	0.05680105607787071	1224	high zero count	0.10631460088595501
ENSDARG00000045302	0.29525640003479536	379	other	0.0329193086076609
ENSDARG00000045304	0.3117601993548694	230	other	0.01997741683314514
ENSDARG00000045305	0.7029927907689268	16	other	0.0013897333449144446
ENSDARG00000045308	0.44313401649324474	29	other	0.0025188916876574307
ENSDARG00000045316	0.6781295856239358	181	other	0.015721358464344654
ENSDARG00000045331	0.8447637603184762	43	other	0.00373490836445757
ENSDARG00000045342	0.12146466200609705	170	other	0.014765916789715974
ENSDARG00000045351	0.4121846883816904	233	other	0.020237991835316597
ENSDARG00000045352	1.4640527619721277	203	other	0.017632241813602016
ENSDARG00000045355	0.7197221276771587	966	other	0.08390515069920959
ENSDARG00000045359	1.7611825912116665	4	other	3.4743333622861116e-4
ENSDARG00000045360	0.01663908992427519	280	other	0.02432033353600278
ENSDARG00000045364	0.5539326465180282	146	other	0.012681316772344306
ENSDARG00000045367	1.6652944806799268	246	other	0.021367150178059586
ENSDARG00000045372	0.5366611892493688	29	other	0.0025188916876574307
ENSDARG00000045373	1.7014396156152165	6	other	5.211500043429167e-4
ENSDARG00000045383	0.4663316480322336	1944	high zero count	0.168852601407105
ENSDARG00000045398	0.25636802460419844	111	other	0.009641275080343958
ENSDARG00000045399	2.4271635387031347	6	other	5.211500043429167e-4
ENSDARG00000045401	0.06358670344147074	3	other	2.6057500217145836e-4
ENSDARG00000045402	0.3829782374803197	535	other	0.04646920872057674
ENSDARG00000045408	0.48475253852526606	3248	high zero count	0.28211586901763225
ENSDARG00000045411	0.09245519939712889	2135	high zero count	0.1854425432120212
ENSDARG00000045414	0.2105031568878656	352	other	0.03057413358811778
ENSDARG00000045415	-0.041998354498629334	669	other	0.058108225484235214
ENSDARG00000045416	0.35078977425035573	1330	high zero count	0.1155215842960132
ENSDARG00000045417	0.705300204430248	102	other	0.008859550073829584
ENSDARG00000045420	0.5286972683178301	2020	high zero count	0.17545383479544863
ENSDARG00000045421	0.5805886893601612	533	other	0.04629549205246243
ENSDARG00000045423	0.07238784047955325	1199	high zero count	0.10414314253452618
ENSDARG00000045428	0.04176620897313958	710	other	0.06166941718057848
ENSDARG00000045437	0.7588757815963741	1123	high zero count	0.09754190914618258
ENSDARG00000045444	0.3247171662833953	525	other	0.045600625380005214
ENSDARG00000045453	-0.010815613329262523	3191	high zero count	0.27716494397637453
ENSDARG00000045463	0.36320453858238444	36	other	0.0031269000260575
ENSDARG00000045465	0.8322287985961554	124	other	0.010770433423086945
ENSDARG00000045482	0.41250453096284057	217	other	0.018848258490402153
ENSDARG00000045484	-0.0240529461620795	413	other	0.0358724919656041
ENSDARG00000045485	0.378978365098553	313	other	0.027186658559888822
ENSDARG00000045486	-0.044045610845739575	198	other	0.01719795014331625
ENSDARG00000045487	3.336763164348691	2	other	1.7371666811430558e-4
ENSDARG00000045490	1.376696914618912	39	other	0.0033874750282289587
ENSDARG00000045506	0.339622587943216	59	other	0.005124641709372014
ENSDARG00000045510	0.12257634092689916	744	other	0.06462260053852167
ENSDARG00000045513	0.9121526658004204	19	other	0.0016503083470859028
ENSDARG00000045514	2.7338982931191955	11	other	9.554416746286806e-4
ENSDARG00000045515	0.6412965582016261	415	other	0.03604620863371841
ENSDARG00000045516	0.6184378784003238	361	other	0.031355858594632156
ENSDARG00000045517	-0.2557265319386024	1360	high zero count	0.11812733431772779
ENSDARG00000045518	0.3073653895482472	881	other	0.0765221923043516
ENSDARG00000045522	0.4080860852986059	2220	high zero count	0.19282550160687917
ENSDARG00000045525	0.44340795219768425	118	other	0.010249283418744029
ENSDARG00000045527	0.7432185689397557	180	other	0.015634500130287502
ENSDARG00000045528	-0.061083627687958955	121	other	0.010509858420915487
ENSDARG00000045540	0.21180491489450715	20	other	0.0017371666811430556
ENSDARG00000045542	0.8432491240167865	579	other	0.050290975419091465
ENSDARG00000045543	1.0486707461513975	1479	high zero count	0.12846347607052896
ENSDARG00000045549	0.04558147237907823	2187	high zero count	0.18995917658299313
ENSDARG00000045562	-0.06342538730007723	221	other	0.019195691826630765
ENSDARG00000045563	0.4331823868298617	1128	high zero count	0.09797620081646834
ENSDARG00000045565	0.5402083447240257	131	other	0.011378441761487015
ENSDARG00000045567	0.39905751552123064	621	other	0.053939025449491876
ENSDARG00000045568	0.2020200718833532	1887	high zero count	0.1639016763658473
ENSDARG00000045574	0.1993384554160318	1998	high zero count	0.17354295144619125
ENSDARG00000045580	0.4949362259507564	484	other	0.04203943368366195
ENSDARG00000045586	0.20145332114353132	574	other	0.0498566837488057
ENSDARG00000045598	0.7156461588947521	3178	high zero count	0.27603578563363157
ENSDARG00000045601	0.03174824770337772	1877	high zero count	0.16303309302527577
ENSDARG00000045606	0.8812740856905501	160	other	0.013897333449144445
ENSDARG00000045608	0.38777001472856626	1699	high zero count	0.14757230956310258
ENSDARG00000045611	0.2221783090679577	1559	high zero count	0.1354121427951012
ENSDARG00000045618	2.053256333491044	15	other	0.0013028750108572918
ENSDARG00000045620	1.106003126550243	318	other	0.027620950230174586
ENSDARG00000045626	0.012573762417681846	3194	high zero count	0.277425518978546
ENSDARG00000045628	0.7755526555520078	1502	high zero count	0.13046121775384348
ENSDARG00000045633	0.38964207576406656	527	other	0.04577434204811952
ENSDARG00000045636	0.4778351750635739	327	other	0.02840267523668896
ENSDARG00000045639	0.6937445520391702	132	other	0.011465300095544168
ENSDARG00000045641	0.3697645605180419	1152	high zero count	0.10006080083384
ENSDARG00000045658	0.3791155990263918	647	other	0.05619734213497785
ENSDARG00000045660	0.47899944194852084	171	other	0.014852775123773126
ENSDARG00000045661	0.32694041629111925	1411	high zero count	0.12255710935464258
ENSDARG00000045675	-0.08761500705181982	2135	high zero count	0.1854425432120212
ENSDARG00000045676	1.1294131103583263	90	other	0.007817250065143751
ENSDARG00000045677	0.7355063104419802	1920	high zero count	0.16676800138973336
ENSDARG00000045680	0.737484583488899	34	other	0.0029531833579431945
ENSDARG00000045681	0.07703681642216897	2938	high zero count	0.2551897854599149
ENSDARG00000045685	0.18118385784612823	882	other	0.07660905063840875
ENSDARG00000045691	0.5904849651073125	52	other	0.004516633370971945
ENSDARG00000045692	0.6230499237987848	105	other	0.009120125076001042
ENSDARG00000045694	0.6416869406788487	213	other	0.018500825154173544
ENSDARG00000045695	0.3567674139744306	254	other	0.022062016850516807
ENSDARG00000045696	0.9911761451146837	371	other	0.032224441935203685
ENSDARG00000045704	0.04555089232797163	930	other	0.08077825067315209
ENSDARG00000045705	0.7212988386549347	1290	high zero count	0.1120472509337271
ENSDARG00000045706	0.4603820859774678	2447	high zero count	0.21254234343785286
ENSDARG00000045733	0.9508383308640443	39	other	0.0033874750282289587
ENSDARG00000045748	-0.1405954628994384	1002	other	0.0870320507252671
ENSDARG00000045749	-0.0695542598346646	354	other	0.030747850256232084
ENSDARG00000045753	-0.2605616218583588	1389	high zero count	0.12064622600538522
ENSDARG00000045755	0.11494116063750379	250	other	0.021714583514288194
ENSDARG00000045760	0.16083304154008835	1067	high zero count	0.09267784243898201
ENSDARG00000045768	0.4797246023207334	1188	high zero count	0.10318770085989751
ENSDARG00000045773	0.8041371443962568	1298	high zero count	0.11274211760618431
ENSDARG00000045776	1.3062204892164888	1	other	8.685833405715279e-5
ENSDARG00000045785	0.16117528765393152	1600	high zero count	0.13897333449144444
ENSDARG00000045788	0.14033299765946705	342	other	0.02970555024754625
ENSDARG00000045789	-0.1730041328538465	2006	high zero count	0.1742378181186485
ENSDARG00000045797	1.0882555321860221	750	other	0.06514375054286459
ENSDARG00000045801	0.578634747957325	327	other	0.02840267523668896
ENSDARG00000045802	0.08192915811366795	804	other	0.06983410058195084
ENSDARG00000045803	1.2806299040803328	119	other	0.01033614175280118
ENSDARG00000045814	0.48834621261853406	267	other	0.023191175193259795
ENSDARG00000045815	-0.1603456766991834	176	other	0.01528706679405889
ENSDARG00000045822	0.5459074876988493	725	other	0.06297229219143577
ENSDARG00000045824	0.9132753768617472	102	other	0.008859550073829584
ENSDARG00000045836	1.2811463557867733	1067	high zero count	0.09267784243898201
ENSDARG00000045842	0.07278330789506375	203	other	0.017632241813602016
ENSDARG00000045843	1.5417494240302985	12	other	0.0010423000086858334
ENSDARG00000045846	0.3369899245332709	467	other	0.04056284200469035
ENSDARG00000045847	1.6347580234633008	49	other	0.004256058368800487
ENSDARG00000045850	0.5265254264912324	795	other	0.06905237557543646
ENSDARG00000045853	0.09326598974466643	457	other	0.039694258664118826
ENSDARG00000045857	0.2946118571277746	34	other	0.0029531833579431945
ENSDARG00000045858	0.08863630741628686	3546	high zero count	0.3079996525666638
ENSDARG00000045870	0.6006963230437136	78	other	0.006774950056457917
ENSDARG00000045874	1.259153831910593	106	other	0.009206983410058196
ENSDARG00000045877	1.226557571211906	33	other	0.002866325023886042
ENSDARG00000045885	0.9442023561086398	15	other	0.0013028750108572918
ENSDARG00000045886	1.1315895407964438	113	other	0.009814991748458264
ENSDARG00000045887	0.9028438436157581	860	other	0.0746981672891514
ENSDARG00000045888	0.9197710863746165	15	other	0.0013028750108572918
ENSDARG00000045893	0.5970013638911312	380	other	0.03300616694171806
ENSDARG00000045898	0.7898509469759232	424	other	0.036827933640232784
ENSDARG00000045900	0.06119072608759579	678	other	0.05888995049074959
ENSDARG00000045909	0.6869441517802966	325	other	0.028228958568574655
ENSDARG00000045910	0.9304649004125072	113	other	0.009814991748458264
ENSDARG00000045913	0.6662135061543006	310	other	0.026926083557717362
ENSDARG00000045914	1.3444131348238701	21	other	0.0018240250152002084
ENSDARG00000045926	0.21864323811903932	2757	high zero count	0.23946842699557022
ENSDARG00000045927	-0.01865920929185738	3034	high zero count	0.26352818552940155
ENSDARG00000045928	1.8783988797436506	17	other	0.0014765916789715972
ENSDARG00000045929	1.0453657947454624	108	other	0.0093807000781725
ENSDARG00000045930	0.27571840841436246	160	other	0.013897333449144445
ENSDARG00000045935	-0.07353167699576724	300	other	0.026057500217145837
ENSDARG00000045936	0.2221340244969519	170	other	0.014765916789715974
ENSDARG00000045945	1.0075654404119632	2079	high zero count	0.18057847650482065
ENSDARG00000045946	-0.026636820962662334	876	other	0.07608790063406584
ENSDARG00000045947	0.2395475722217452	354	other	0.030747850256232084
ENSDARG00000045951	0.6751723612704992	643	other	0.05584990879874924
ENSDARG00000045958	0.3575431809223089	158	other	0.013723616781030139
ENSDARG00000045959	0.017621713832629907	1006	other	0.0873794840614957
ENSDARG00000045968	0.24092881994022122	409	other	0.03552505862937549
ENSDARG00000045976	0.5887608960551508	2075	high zero count	0.18023104316859204
ENSDARG00000045978	1.3856638622867956	362	other	0.03144271692868931
ENSDARG00000045989	0.30671753910935273	187	other	0.01624250846868757
ENSDARG00000046002	0.6765307238922802	19	other	0.0016503083470859028
ENSDARG00000046006	0.16240152498185412	285	other	0.024754625206288544
ENSDARG00000046010	0.4980296768543814	27	other	0.002345175019543125
ENSDARG00000046012	1.282876265179752	254	other	0.022062016850516807
ENSDARG00000046013	0.11154802225412118	1717	high zero count	0.14913575957613132
ENSDARG00000046019	-0.028228537434205326	135	other	0.011725875097715626
ENSDARG00000046022	1.8103877384539044	11	other	9.554416746286806e-4
ENSDARG00000046030	1.3428492136292118	34	other	0.0029531833579431945
ENSDARG00000046053	0.037478968261171204	3753	high zero count	0.3259793277164944
ENSDARG00000046054	0.585800462527414	97	other	0.00842525840354382
ENSDARG00000046071	1.056444684932666	1038	other	0.09015895075132459
ENSDARG00000046074	0.30463584587731757	48	other	0.004169200034743334
ENSDARG00000046081	0.609075324533367	979	other	0.08503430904195257
ENSDARG00000046087	0.1656456034902297	165	other	0.01433162511943021
ENSDARG00000046090	-0.22456472083259285	468	other	0.040649700338747506
ENSDARG00000046091	0.2872735007082899	2011	high zero count	0.17467210978893424
ENSDARG00000046092	0.33673013947696856	331	other	0.02875010857291757
ENSDARG00000046098	0.6188684251365942	856	other	0.07435073395292278
ENSDARG00000046106	1.824513946598846	64	other	0.005558933379657779
ENSDARG00000046107	0.49176451642875435	28	other	0.002432033353600278
ENSDARG00000046124	-0.32083471575952055	413	other	0.0358724919656041
ENSDARG00000046127	0.17955914195510667	204	other	0.017719100147659168
ENSDARG00000046132	1.232220962093442	191	other	0.016589941804916183
ENSDARG00000046133	0.40138403274311624	326	other	0.028315816902631807
ENSDARG00000046141	0.16834053753022685	111	other	0.009641275080343958
ENSDARG00000046143	1.1424348244850733	279	other	0.024233475201945628
ENSDARG00000046148	0.2661550115234458	542	other	0.04707721705897681
ENSDARG00000046150	-0.09148851673496618	529	other	0.04594805871623382
ENSDARG00000046157	2.0545362247090555	9	other	7.81725006514375e-4
ENSDARG00000051746	0.17342179335165223	1057	high zero count	0.09180925909841049
ENSDARG00000051748	0.02694962217223774	118	other	0.010249283418744029
ENSDARG00000051749	0.46880183328749836	1852	high zero count	0.16086163467384695
ENSDARG00000051754	-0.003076901871320544	102	other	0.008859550073829584
ENSDARG00000051756	0.45754868606745136	130	other	0.011291583427429861
ENSDARG00000051761	0.3439178973992891	967	other	0.08399200903326674
ENSDARG00000051762	-0.02612614648027168	667	other	0.05793450881612091
ENSDARG00000051763	0.42927601029168955	167	other	0.014505341787544515
ENSDARG00000051768	0.23021915943332108	52	other	0.004516633370971945
ENSDARG00000051785	-0.12384053661463004	447	other	0.0388256753235473
ENSDARG00000051793	0.25122073311126947	267	other	0.023191175193259795
ENSDARG00000051798	0.5822237812691177	3	other	2.6057500217145836e-4
ENSDARG00000051800	0.8786164442478495	14	other	0.001216016676800139
ENSDARG00000051809	0.056613526704203075	1332	high zero count	0.11569530096412751
ENSDARG00000051814	1.0161905954468244	1640	high zero count	0.14244766785373056
ENSDARG00000051816	0.4452423724444773	211	other	0.018327108486059236
ENSDARG00000051823	0.30471279321545275	796	other	0.06913923390949361
ENSDARG00000051836	0.13582462802337644	243	other	0.021106575175888126
ENSDARG00000051851	0.16817128920350535	1273	high zero count	0.1105706592547555
ENSDARG00000051852	0.16871317269943803	357	other	0.031008425258403544
ENSDARG00000051853	0.006552530100071774	1914	high zero count	0.16624685138539042
ENSDARG00000051854	0.5114383764536419	2182	high zero count	0.1895248849127074
ENSDARG00000051857	0.4674537141579567	910	other	0.07904108399200903
ENSDARG00000051861	1.0018214710896414	168	other	0.014592200121601668
ENSDARG00000051874	0.4329045967059986	141	other	0.012247025102058542
ENSDARG00000051875	1.28887022369532	1615	high zero count	0.14027620950230174
ENSDARG00000051886	0.4886520047298493	23	other	0.001997741683314514
ENSDARG00000051888	0.9779114795697812	127	other	0.011031008425258403
ENSDARG00000051889	0.37767741186968606	1607	high zero count	0.13958134282984452
ENSDARG00000051890	1.4657195084445571	285	other	0.024754625206288544
ENSDARG00000051896	-0.18637835142175213	1821	high zero count	0.15816902631807522
ENSDARG00000051899	-0.18559262884179514	1772	high zero count	0.15391296794927473
ENSDARG00000051902	0.40566752117012583	290	other	0.02518891687657431
ENSDARG00000051916	0.19224317953797745	118	other	0.010249283418744029
ENSDARG00000051920	1.2423193560232069	50	other	0.004342916702857639
ENSDARG00000051921	0.31249809958401426	302	other	0.02623121688526014
ENSDARG00000051923	0.8811796721126036	301	other	0.02614435855120299
ENSDARG00000051925	0.48748400538051306	1100	high zero count	0.09554416746286806
ENSDARG00000051926	0.13070858613338374	294	other	0.025536350212802917
ENSDARG00000051931	0.636273287049803	42	other	0.003648050030400417
ENSDARG00000051934	0.16942916728916943	2392	high zero count	0.20776513506470945
ENSDARG00000051936	0.5977666322078623	136	other	0.011812733431772778
ENSDARG00000051939	0.1305248472593284	253	other	0.021975158516459654
ENSDARG00000051940	0.07374891210173742	1118	high zero count	0.09710761747589682
ENSDARG00000051953	0.004611714247752001	51	other	0.004429775036914792
ENSDARG00000051955	0.29989956397018896	308	other	0.026752366889603058
ENSDARG00000051956	1.1503838478008848	110	other	0.009554416746286806
ENSDARG00000051957	0.6453043682500518	200	other	0.017371666811430556
ENSDARG00000051962	-0.20014241512923978	781	other	0.06783635889863632
ENSDARG00000051970	0.8174805509076706	135	other	0.011725875097715626
ENSDARG00000051975	1.2515426071348692	44	other	0.0038217666985147225
ENSDARG00000051981	0.08695722273870105	2030	high zero count	0.17632241813602015
ENSDARG00000051986	1.5417048131080489	73	other	0.006340658386172153
ENSDARG00000052000	0.36565856192335433	522	other	0.04534005037783375
ENSDARG00000052010	0.5133471332947565	676	other	0.05871623382263528
ENSDARG00000052011	0.37427740228983486	3566	high zero count	0.3097368192478068
ENSDARG00000052020	0.3773158929390868	2025	high zero count	0.17588812646573437
ENSDARG00000052025	0.6191472638486043	513	other	0.04455832537131938
ENSDARG00000052030	0.5434889870979568	122	other	0.010596716754972639
ENSDARG00000052037	-0.04923671494228372	630	other	0.05472075045600625
ENSDARG00000052039	0.15098871306559597	2439	high zero count	0.21184747676539564
ENSDARG00000052045	0.02141204895631516	354	other	0.030747850256232084
ENSDARG00000052059	0.39073724385452213	252	other	0.021888300182402502
ENSDARG00000052061	0.7690972362976113	90	other	0.007817250065143751
ENSDARG00000052063	0.9577453750744167	227	other	0.01971684183097368
ENSDARG00000052073	1.7552357806195342	13	other	0.0011291583427429862
ENSDARG00000052074	0.1381287603013521	661	other	0.05741335881177799
ENSDARG00000052082	2.109985669615791	7	other	6.080083384000695e-4
ENSDARG00000052088	0.7306808202037802	717	other	0.062277425518978545
ENSDARG00000052091	0.10435310640739016	177	other	0.015373925128116042
ENSDARG00000052094	0.08325418090007973	432	other	0.03752280031269
ENSDARG00000052099	0.3034790168138358	1105	high zero count	0.09597845913315382
ENSDARG00000052103	0.06809503029382206	1149	high zero count	0.09980022583166855
ENSDARG00000052113	0.24580682755633432	1049	high zero count	0.09111439242595328
ENSDARG00000052118	-0.1795996121231158	999	other	0.08677147572309563
ENSDARG00000052121	-0.08196676145353544	3394	high zero count	0.29479718578997655
ENSDARG00000052124	0.3315688647566678	494	other	0.042908017024233476
ENSDARG00000052131	0.14718998090951854	279	other	0.024233475201945628
ENSDARG00000052139	0.4531387645182157	31	other	0.0026926083557717363
ENSDARG00000052142	0.15870709437227637	979	other	0.08503430904195257
ENSDARG00000052148	0.3492489130824746	922	other	0.08008338400069487
ENSDARG00000052150	0.9305656883280744	3	other	2.6057500217145836e-4
ENSDARG00000052155	0.3544946500042936	166	other	0.014418483453487362
ENSDARG00000052158	1.363780131755037	1383	high zero count	0.1201250760010423
ENSDARG00000052164	0.024062934477112188	225	other	0.019543125162859377
ENSDARG00000052170	0.43621676168326196	103	other	0.008946408407886736
ENSDARG00000052178	1.6373427837712096	21	other	0.0018240250152002084
ENSDARG00000052182	1.170071383746498	10	other	8.685833405715278e-4
ENSDARG00000052190	0.6493285416018728	262	other	0.02275688352297403
ENSDARG00000052192	0.4963444074262075	2338	high zero count	0.2030747850256232
ENSDARG00000052215	-0.02313427810339506	523	other	0.04542690871189091
ENSDARG00000052242	0.4336622381605884	254	other	0.022062016850516807
ENSDARG00000052244	0.6841765332315835	1	other	8.685833405715279e-5
ENSDARG00000052247	0.44162577769822275	1121	high zero count	0.09736819247806827
ENSDARG00000052255	-0.07015658288036483	1884	high zero count	0.16364110136367585
ENSDARG00000052277	0.5027565921467717	612	other	0.053157300442977506
ENSDARG00000052288	-0.0772801378972676	378	other	0.03283245027360375
ENSDARG00000052290	0.061909481718689145	18	other	0.00156345001302875
ENSDARG00000052304	2.0664886790148205	7	other	6.080083384000695e-4
ENSDARG00000052322	0.36460744938647266	1992	high zero count	0.17302180144184834
ENSDARG00000052330	-0.13738645865811608	2011	high zero count	0.17467210978893424
ENSDARG00000052331	0.09683334914053604	880	other	0.07643533397029445
ENSDARG00000052334	0.9298053955063837	99	other	0.008598975071658126
ENSDARG00000052336	0.9126787123370248	1500	high zero count	0.13028750108572917
ENSDARG00000052344	0.49886307900460697	1638	high zero count	0.14227395118561625
ENSDARG00000052348	0.6050789561762703	33	other	0.002866325023886042
ENSDARG00000052351	0.25753710467164015	1094	high zero count	0.09502301745852515
ENSDARG00000052368	0.3994456056228124	2775	high zero count	0.241031877008599
ENSDARG00000052371	0.8373749678470974	369	other	0.03205072526708938
ENSDARG00000052374	0.49614153382547765	16	other	0.0013897333449144446
ENSDARG00000052377	1.097726426289303	8	other	6.948666724572223e-4
ENSDARG00000052379	0.37844052446396215	214	other	0.018587683488230696
ENSDARG00000052386	-0.06493446302696823	522	other	0.04534005037783375
ENSDARG00000052388	-0.018460281568123196	283	other	0.024580908538174236
ENSDARG00000052390	0.4672686156873553	172	other	0.01493963345783028
ENSDARG00000052402	0.46266733798788423	87	other	0.007556675062972292
ENSDARG00000052408	0.2375652199043541	849	other	0.07374272561452272
ENSDARG00000052419	0.3110652938688471	35	other	0.0030400416920003475
ENSDARG00000052423	-0.04712411966819234	709	other	0.06158255884652132
ENSDARG00000052427	-0.12537484080481576	779	other	0.06766264223052201
ENSDARG00000052429	0.9766469697286654	104	other	0.00903326674194389
ENSDARG00000052435	1.0497053208449294	168	other	0.014592200121601668
ENSDARG00000052438	0.908901983634941	7	other	6.080083384000695e-4
ENSDARG00000052455	0.2532014136253227	1351	high zero count	0.1173456093112134
ENSDARG00000052462	0.8316886482568517	810	other	0.07035525058629376
ENSDARG00000052470	0.6393709380576872	1311	high zero count	0.1138712759489273
ENSDARG00000052471	0.33083194926744114	827	other	0.07183184226526536
ENSDARG00000052480	0.33304115187658884	11	other	9.554416746286806e-4
ENSDARG00000052482	1.0665824753370474	100	other	0.008685833405715278
ENSDARG00000052494	0.918172897683661	305	other	0.026491791887431598
ENSDARG00000052496	0.43372239946891733	81	other	0.007035525058629376
ENSDARG00000052518	0.9674153175456544	27	other	0.002345175019543125
ENSDARG00000052522	0.6412343836218991	246	other	0.021367150178059586
ENSDARG00000052536	0.6130585462934715	16	other	0.0013897333449144446
ENSDARG00000052537	0.2571298790798883	1485	high zero count	0.12898462607487188
ENSDARG00000052553	0.587466403317627	22	other	0.0019108833492573613
ENSDARG00000052556	0.07767171562495796	265	other	0.023017458525145487
ENSDARG00000052565	-0.16842892623394473	1152	high zero count	0.10006080083384
ENSDARG00000052567	0.9297881973080382	80	other	0.006948666724572223
ENSDARG00000052575	-0.12796263601992305	1855	high zero count	0.16112220967601842
ENSDARG00000052594	0.6659741094589051	298	other	0.02588378354903153
ENSDARG00000052606	0.909272802087412	15	other	0.0013028750108572918
ENSDARG00000052615	0.11072579913693342	355	other	0.03083470859028924
ENSDARG00000052617	0.8100719051264749	27	other	0.002345175019543125
ENSDARG00000052623	0.7583307894898663	129	other	0.01120472509337271
ENSDARG00000052624	0.07571309912213528	1202	high zero count	0.10440371753669765
ENSDARG00000052625	0.8725261401524401	2342	high zero count	0.20342221836185181
ENSDARG00000052638	0.9595957889923549	485	other	0.0421262920177191
ENSDARG00000052641	0.857817281344651	84	other	0.007296100060800834
ENSDARG00000052644	0.35721714569373253	177	other	0.015373925128116042
ENSDARG00000052649	1.188276547316002	18	other	0.00156345001302875
ENSDARG00000052652	0.06305982805354766	163	other	0.014157908451315903
ENSDARG00000052673	1.5130686844164292	4	other	3.4743333622861116e-4
ENSDARG00000052674	1.679392146632798	1	other	8.685833405715279e-5
ENSDARG00000052680	0.17397161427886024	1960	high zero count	0.17024233475201947
ENSDARG00000052688	0.7048319335342382	453	other	0.03934682532789021
ENSDARG00000052690	1.0201103458891794	226	other	0.01962998349691653
ENSDARG00000052693	0.18058565594353632	961	other	0.08347085902892383
ENSDARG00000052695	1.074964807821696	302	other	0.02623121688526014
ENSDARG00000052696	0.32027898956463785	834	other	0.07243985060366542
ENSDARG00000052697	0.36831463470018727	87	other	0.007556675062972292
ENSDARG00000052700	-0.08949002183273275	1670	high zero count	0.14505341787544515
ENSDARG00000052701	0.11064567831220654	337	other	0.029271258577260487
ENSDARG00000052702	0.8106075092175725	233	other	0.020237991835316597
ENSDARG00000052703	0.5259196233455843	134	other	0.011639016763658474
ENSDARG00000052705	0.5327437285744935	901	other	0.07825935898549466
ENSDARG00000052708	0.485510157983416	321	other	0.027881525232346042
ENSDARG00000052712	1.3936072016853205	8	other	6.948666724572223e-4
ENSDARG00000052713	0.54588193204758	989	other	0.0859028923825241
ENSDARG00000052721	0.09082056214662099	127	other	0.011031008425258403
ENSDARG00000052728	0.43852633320353607	4	other	3.4743333622861116e-4
ENSDARG00000052734	0.6931248027695288	1264	high zero count	0.10978893424824111
ENSDARG00000052746	0.9339719996579839	30	other	0.0026057500217145837
ENSDARG00000052747	0.6319057934128628	78	other	0.006774950056457917
ENSDARG00000052764	0.09837857557847832	3481	high zero count	0.30235386085294885
ENSDARG00000052765	0.35797544147535054	1670	high zero count	0.14505341787544515
ENSDARG00000052783	0.6479105107334235	1359	high zero count	0.11804047598367064
ENSDARG00000052789	0.028595906910334517	406	other	0.03526448362720403
ENSDARG00000052816	0.704735303199725	42	other	0.003648050030400417
ENSDARG00000052826	-0.009527353797617988	657	other	0.05706592547554938
ENSDARG00000052827	-0.15517774361831257	164	other	0.014244766785373057
ENSDARG00000052833	0.24741386416207634	27	other	0.002345175019543125
ENSDARG00000052840	1.311379726412671	108	other	0.0093807000781725
ENSDARG00000052842	1.0130166571658321	19	other	0.0016503083470859028
ENSDARG00000052846	0.09892439704940108	331	other	0.02875010857291757
ENSDARG00000052851	0.6490296352192981	49	other	0.004256058368800487
ENSDARG00000052859	0.6651056635525133	95	other	0.008251541735429515
ENSDARG00000052866	0.3798902599284223	8	other	6.948666724572223e-4
ENSDARG00000052876	1.4127564709349185	639	other	0.05550247546252063
ENSDARG00000052893	0.08349401054627817	3664	high zero count	0.3182489359854078
ENSDARG00000052894	0.042738594314955705	1033	other	0.08972465908103883
ENSDARG00000052897	0.6431480703635398	95	other	0.008251541735429515
ENSDARG00000052903	-0.00997912473257852	2529	high zero count	0.2196647268305394
ENSDARG00000052907	1.4078747158484757	26	other	0.0022583166854859725
ENSDARG00000052912	-0.03402207753432212	669	other	0.058108225484235214
ENSDARG00000052917	1.1145352271876152	615	other	0.05341787544514896
ENSDARG00000052923	0.08745168785111364	952	other	0.08268913402240945
ENSDARG00000052928	1.321025894858468	183	other	0.01589507513245896
ENSDARG00000052942	-0.10067631834577934	842	other	0.07313471727612264
ENSDARG00000052950	1.0969680179223822	195	other	0.01693737514114479
ENSDARG00000052957	0.09275538124866271	281	other	0.024407191870059932
ENSDARG00000052966	1.3338205812355686	6	other	5.211500043429167e-4
ENSDARG00000052975	0.9769646963944272	5	other	4.342916702857639e-4
ENSDARG00000052978	-0.020089801085817795	1259	high zero count	0.10935464257795535
ENSDARG00000052994	0.4672385551877704	20	other	0.0017371666811430556
ENSDARG00000052997	0.1716454845958205	2026	high zero count	0.17597498479979154
ENSDARG00000053010	-0.032999511250522695	1153	high zero count	0.10014765916789715
ENSDARG00000053021	0.5673553961843669	98	other	0.008512116737600973
ENSDARG00000053026	-0.1691673745303467	1541	high zero count	0.13384869278207245
ENSDARG00000053036	0.8793955034040092	264	other	0.022930600191088335
ENSDARG00000053047	1.7607080869176468	7	other	6.080083384000695e-4
ENSDARG00000053070	0.8553405892558844	68	other	0.005906366715886389
ENSDARG00000053082	-0.11979409254628026	96	other	0.008338400069486667
ENSDARG00000053087	0.3849277930427383	919	other	0.07982280899852341
ENSDARG00000053091	0.6526798132693462	182	other	0.015808216798401806
ENSDARG00000053097	1.0036829164722791	40	other	0.0034743333622861113
ENSDARG00000053101	0.8426844853313712	17	other	0.0014765916789715972
ENSDARG00000053106	0.07898700197743781	1716	high zero count	0.14904890124207418
ENSDARG00000053110	0.4531723585711791	3737	high zero count	0.32458959437157997
ENSDARG00000053113	0.46370011229349356	1611	high zero count	0.13992877616607313
ENSDARG00000053122	0.34682394267262856	1606	high zero count	0.13949448449578736
ENSDARG00000053127	-0.06854741779093416	504	other	0.043776600364805004
ENSDARG00000053129	0.3040136919391218	42	other	0.003648050030400417
ENSDARG00000053130	0.6268594569014924	2318	high zero count	0.20133761834448016
ENSDARG00000053133	0.05589189844520468	2268	high zero count	0.19699470164162253
ENSDARG00000053138	0.4011707221478009	58	other	0.005037783375314861
ENSDARG00000053152	0.3308538901807113	102	other	0.008859550073829584
ENSDARG00000053155	0.2639087543513538	1513	high zero count	0.13141665942847217
ENSDARG00000053159	1.1772838256635587	375	other	0.03257187527143229
ENSDARG00000053166	1.0257819038645228	1300	high zero count	0.11291583427429862
ENSDARG00000053179	-0.22583279535449882	1852	high zero count	0.16086163467384695
ENSDARG00000053194	0.5443642889624105	356	other	0.030921566924346392
ENSDARG00000053196	0.574739970639869	101	other	0.008772691739772432
ENSDARG00000053205	-0.13571132325059396	447	other	0.0388256753235473
ENSDARG00000053209	0.461914025612107	227	other	0.01971684183097368
ENSDARG00000053217	1.9303774171089045	31	other	0.0026926083557717363
ENSDARG00000053241	-0.12462445494578474	190	other	0.01650308347085903
ENSDARG00000053248	0.2611085908414125	2706	high zero count	0.23503865195865542
ENSDARG00000053254	1.2772755123276758	825	other	0.07165812559715104
ENSDARG00000053262	0.7683594074904533	427	other	0.03708850864240424
ENSDARG00000053263	0.01771920793551947	859	other	0.07461130895509424
ENSDARG00000053269	0.07750307509233488	1773	high zero count	0.1539998262833319
ENSDARG00000053272	-0.1311066036791387	843	other	0.07322157561017979
ENSDARG00000053279	0.4862481146990636	560	other	0.04864066707200556
ENSDARG00000053291	3.1224421307164474	3	other	2.6057500217145836e-4
ENSDARG00000053298	0.00710825403085412	150	other	0.013028750108572918
ENSDARG00000053301	0.44269204550404523	693	other	0.06019282550160688
ENSDARG00000053318	-0.07241926246894591	408	other	0.035438200295318335
ENSDARG00000053323	0.06000753862069001	1908	high zero count	0.1657257013810475
ENSDARG00000053326	0.5101650849122555	56	other	0.004864066707200556
ENSDARG00000053344	-0.07922628364298277	1235	high zero count	0.10727004256058369
ENSDARG00000053358	1.5658058202352922	445	other	0.038651958655432986
ENSDARG00000053362	0.15359859190408487	713	other	0.061929992182749936
ENSDARG00000053365	3.0535707759531965	4	other	3.4743333622861116e-4
ENSDARG00000053370	0.5902480462605086	53	other	0.004603491705029098
ENSDARG00000053380	0.07572794826627995	1408	high zero count	0.12229653435247112
ENSDARG00000053381	1.1510491923639627	148	other	0.012855033440458612
ENSDARG00000053389	0.10751843738341627	1374	high zero count	0.11934335099452792
ENSDARG00000053395	0.9925045885089673	51	other	0.004429775036914792
ENSDARG00000053404	1.176245379835059	10	other	8.685833405715278e-4
ENSDARG00000053405	-0.06432282554898183	739	other	0.06418830886823591
ENSDARG00000053424	0.7138636256002446	424	other	0.036827933640232784
ENSDARG00000053446	1.8601148785219204	27	other	0.002345175019543125
ENSDARG00000053447	0.9758762978258656	107	other	0.009293841744115348
ENSDARG00000053450	0.23708180529144396	1367	high zero count	0.11873534265612785
ENSDARG00000053452	0.33492526081753765	726	other	0.06305915052549292
ENSDARG00000053453	0.3104565999460303	392	other	0.034048466950403894
ENSDARG00000053454	-0.1122498485839203	579	other	0.050290975419091465
ENSDARG00000053456	0.11441442159594672	2277	high zero count	0.19777642664813688
ENSDARG00000053459	0.553715799825633	90	other	0.007817250065143751
ENSDARG00000053463	0.27622454779374683	636	other	0.05524190046034917
ENSDARG00000053466	0.4094347539215148	137	other	0.011899591765829932
ENSDARG00000053467	0.9744030726880606	141	other	0.012247025102058542
ENSDARG00000053474	0.10189715892419991	1274	high zero count	0.11065751758881265
ENSDARG00000053475	0.17712104429584877	3437	high zero count	0.2985320941544341
ENSDARG00000053479	0.04630393246436467	2064	high zero count	0.17927560149396335
ENSDARG00000053483	0.29301984227163674	421	other	0.03656735863806132
ENSDARG00000053484	0.41888223693664006	110	other	0.009554416746286806
ENSDARG00000053485	1.7839202918472232	12	other	0.0010423000086858334
ENSDARG00000053493	0.6569146205848467	226	other	0.01962998349691653
ENSDARG00000053496	0.5882150120143292	74	other	0.006427516720229306
ENSDARG00000053499	-0.19832445026054743	1038	other	0.09015895075132459
ENSDARG00000053500	-0.11778003560443241	743	other	0.06453574220446452
ENSDARG00000053505	0.5356225011568024	415	other	0.03604620863371841
ENSDARG00000053517	0.08405743479320027	1714	high zero count	0.14887518457395987
ENSDARG00000053535	-0.03597721184008198	1319	high zero count	0.11456614262138452
ENSDARG00000053542	0.3388137199969031	725	other	0.06297229219143577
ENSDARG00000053544	0.5129987891349796	1721	high zero count	0.14948319291235995
ENSDARG00000053547	0.7602030372066999	334	other	0.02901068357508903
ENSDARG00000053554	0.22774476240652347	279	other	0.024233475201945628
ENSDARG00000053558	0.2113131216029347	1158	high zero count	0.10058195083818293
ENSDARG00000053559	0.12241704241788536	1230	high zero count	0.10683575089029793
ENSDARG00000053568	0.12982426651734036	609	other	0.05289672544080604
ENSDARG00000053569	1.103379656549244	192	other	0.016676800138973335
ENSDARG00000053571	0.40093975692936745	975	other	0.08468687570572396
ENSDARG00000053574	-0.1819233344608987	453	other	0.03934682532789021
ENSDARG00000053575	-0.020702313780498558	3612	high zero count	0.31373230261443585
ENSDARG00000053583	0.4274636642524612	179	other	0.015547641796230348
ENSDARG00000053586	0.4404206148979272	30	other	0.0026057500217145837
ENSDARG00000053609	0.4111991719505691	229	other	0.01989055849908799
ENSDARG00000053619	0.19524889719042918	716	other	0.06219056718492139
ENSDARG00000053636	-0.21811536808405055	461	other	0.040041692000347434
ENSDARG00000053644	-0.09273410322107574	2639	high zero count	0.22921914357682618
ENSDARG00000053646	-0.09271604285302032	1752	high zero count	0.15217580126813168
ENSDARG00000053648	0.38050874570096277	725	other	0.06297229219143577
ENSDARG00000053650	0.058756213999020826	2126	high zero count	0.1846608182055068
ENSDARG00000053652	0.24142257873661427	798	other	0.06931295057760792
ENSDARG00000053656	1.5774394989910754	11	other	9.554416746286806e-4
ENSDARG00000053666	0.1593576804308408	778	other	0.06757578389646486
ENSDARG00000053684	1.8598886284918197	7	other	6.080083384000695e-4
ENSDARG00000053685	1.2040638855036623	93	other	0.00807782506731521
ENSDARG00000053691	1.0110956995475817	62	other	0.0053852167115434725
ENSDARG00000053695	0.06046101524316655	120	other	0.010423000086858335
ENSDARG00000053713	0.4769388694634183	44	other	0.0038217666985147225
ENSDARG00000053716	0.316767242587914	46	other	0.003995483366629028
ENSDARG00000053744	0.06718710391282971	1996	high zero count	0.17336923477807695
ENSDARG00000053753	1.1180493533319902	150	other	0.013028750108572918
ENSDARG00000053774	-0.002208859063430803	644	other	0.055936767132806396
ENSDARG00000053779	0.4657572801012189	906	other	0.07869365065578042
ENSDARG00000053792	0.33773186926421717	273	other	0.02371232519760271
ENSDARG00000053800	0.37772180767362773	66	other	0.005732650047772084
ENSDARG00000053810	1.112260215364995	22	other	0.0019108833492573613
ENSDARG00000053829	0.20145984683005638	1680	high zero count	0.14592200121601667
ENSDARG00000053831	0.33013695200813153	1064	high zero count	0.09241726743681056
ENSDARG00000053835	0.1266983807021503	186	other	0.01615565013463042
ENSDARG00000053840	0.11289463358238072	864	other	0.07504560062538
ENSDARG00000053853	0.18225707586830206	2970	high zero count	0.25796925214974376
ENSDARG00000053857	0.3142972341889829	192	other	0.016676800138973335
ENSDARG00000053858	1.8064111758134433	1881	high zero count	0.16338052636150438
ENSDARG00000053864	0.1798212185164937	62	other	0.0053852167115434725
ENSDARG00000053868	0.3923079623002869	343	other	0.029792408581603404
ENSDARG00000053876	-0.07280144879225857	57	other	0.004950925041257708
ENSDARG00000053878	0.20588534571327538	1034	other	0.08981151741509598
ENSDARG00000053884	0.30016783081638426	15	other	0.0013028750108572918
ENSDARG00000053912	1.5964217612454383	13	other	0.0011291583427429862
ENSDARG00000053934	0.06893803559969178	482	other	0.04186571701554764
ENSDARG00000053950	0.696490010576098	258	other	0.02240945018674542
ENSDARG00000053956	0.06527230148429328	449	other	0.0389993919916616
ENSDARG00000053961	0.007596523057184867	1538	high zero count	0.13358811777990098
ENSDARG00000053963	0.10665701078336703	529	other	0.04594805871623382
ENSDARG00000053973	1.2288132041464985	18	other	0.00156345001302875
ENSDARG00000053979	1.2447369809153352	42	other	0.003648050030400417
ENSDARG00000053990	1.6472755245103288	2	other	1.7371666811430558e-4
ENSDARG00000053992	-0.12802319156441772	347	other	0.030139841917832016
ENSDARG00000053995	-0.12064079310053599	141	other	0.012247025102058542
ENSDARG00000054007	0.2569658162055643	39	other	0.0033874750282289587
ENSDARG00000054010	1.0151082454474674	3	other	2.6057500217145836e-4
ENSDARG00000054023	-0.3452811537382731	640	other	0.05558933379657778
ENSDARG00000054025	-0.04675126964741247	3218	high zero count	0.27951011899591766
ENSDARG00000054030	0.20095503919366392	2026	high zero count	0.17597498479979154
ENSDARG00000054031	0.5968385001129985	327	other	0.02840267523668896
ENSDARG00000054033	0.38375541367037724	1366	high zero count	0.1186484843220707
ENSDARG00000054050	-0.11132786994887063	2059	high zero count	0.17884130982367757
ENSDARG00000054055	-0.17247913550952312	1030	other	0.08946408407886737
ENSDARG00000054058	1.7267730698276502	100	other	0.008685833405715278
ENSDARG00000054060	0.19606397441223355	102	other	0.008859550073829584
ENSDARG00000054063	1.3894615746284236	67	other	0.005819508381829237
ENSDARG00000054087	0.6783755913366702	34	other	0.0029531833579431945
ENSDARG00000054096	0.5220383880909669	506	other	0.04395031703291931
ENSDARG00000054103	0.42587302475252675	593	other	0.0515069920958916
ENSDARG00000054122	0.11028961253555666	196	other	0.017024233475201947
ENSDARG00000054137	0.011823152963571637	3334	high zero count	0.28958568574654736
ENSDARG00000054154	0.4299849323588836	15	other	0.0013028750108572918
ENSDARG00000054155	2.4521679089263584	8	other	6.948666724572223e-4
ENSDARG00000054160	-5.445656200794241e-4	496	other	0.04308173369234778
ENSDARG00000054162	-0.06277261897887886	2355	high zero count	0.2045513767045948
ENSDARG00000054164	1.0602211790184537	329	other	0.028576391904803267
ENSDARG00000054172	1.1887183320768553	71	other	0.006166941718057848
ENSDARG00000054177	0.12668777867622635	584	other	0.050725267089377225
ENSDARG00000054191	1.6111184479423661	3	other	2.6057500217145836e-4
ENSDARG00000054196	-0.020398539438106177	3074	high zero count	0.26700251889168763
ENSDARG00000054201	1.0909620048505064	9	other	7.81725006514375e-4
ENSDARG00000054203	0.5201672585107923	1600	high zero count	0.13897333449144444
ENSDARG00000054208	0.288481458702014	1200	high zero count	0.10423000086858335
ENSDARG00000054211	0.032219999225534035	3449	high zero count	0.29957439416311993
ENSDARG00000054213	1.3601724949025573	1	other	8.685833405715279e-5
ENSDARG00000054218	-0.042912388100814436	809	other	0.0702683922522366
ENSDARG00000054220	0.40018162063961393	667	other	0.05793450881612091
ENSDARG00000054222	-0.14362543289070248	1511	high zero count	0.13124294276035786
ENSDARG00000054224	0.2014642827433906	30	other	0.0026057500217145837
ENSDARG00000054250	0.008008221173023177	593	other	0.0515069920958916
ENSDARG00000054251	-0.06164526335244636	531	other	0.046121775384348127
ENSDARG00000054255	0.18967735089295296	1987	high zero count	0.1725875097715626
ENSDARG00000054259	0.46117536855650554	21	other	0.0018240250152002084
ENSDARG00000054264	0.34724642537839595	245	other	0.021280291844002434
ENSDARG00000054271	1.1559651330107732	18	other	0.00156345001302875
ENSDARG00000054272	1.8093570887874886	1	other	8.685833405715279e-5
ENSDARG00000054288	0.05984921076046382	2231	high zero count	0.19378094328150786
ENSDARG00000054292	0.4140762096212253	372	other	0.03231130026926084
ENSDARG00000054300	0.5185610645909439	1641	high zero count	0.14253452618778772
ENSDARG00000054301	0.47517793493944727	1640	high zero count	0.14244766785373056
ENSDARG00000054304	0.10789439198053255	1010	other	0.08772691739772431
ENSDARG00000054307	0.24352421121355117	1187	high zero count	0.10310084252584036
ENSDARG00000054312	0.18004256309002212	3116	high zero count	0.27065056892208805
ENSDARG00000054319	0.11026890460874686	997	other	0.08659775905498132
ENSDARG00000054320	1.8816233384954806	5	other	4.342916702857639e-4
ENSDARG00000054321	0.2173151449272248	1192	high zero count	0.10353513419612612
ENSDARG00000054324	0.7708033772151072	1906	high zero count	0.1655519847129332
ENSDARG00000054334	0.35288245181645755	1302	high zero count	0.11308955094241292
ENSDARG00000054337	0.28840206485118297	712	other	0.061843133848692784
ENSDARG00000054344	-0.19073840431539163	1543	high zero count	0.13402240945018676
ENSDARG00000054355	1.9629466613430444	5	other	4.342916702857639e-4
ENSDARG00000054362	1.2607290503904216	13	other	0.0011291583427429862
ENSDARG00000054363	0.32184181382115584	1991	high zero count	0.1729349431077912
ENSDARG00000054400	0.08086093178015377	2474	high zero count	0.21488751845739598
ENSDARG00000054423	0.38883088134335125	250	other	0.021714583514288194
ENSDARG00000054433	0.8429154559457612	280	other	0.02432033353600278
ENSDARG00000054438	0.7139114081548394	431	other	0.03743594197863285
ENSDARG00000054442	0.4616359445762792	149	other	0.012941891774515765
ENSDARG00000054446	0.116724288115912	88	other	0.007643533397029445
ENSDARG00000054447	0.7173770995176935	267	other	0.023191175193259795
ENSDARG00000054451	0.36754825571242516	247	other	0.021454008512116738
ENSDARG00000054454	0.30075365890475303	119	other	0.01033614175280118
ENSDARG00000054458	0.4797284311897626	19	other	0.0016503083470859028
ENSDARG00000054473	0.09965753247529988	418	other	0.036306783635889864
ENSDARG00000054501	0.21738146491005686	879	other	0.0763484756362373
ENSDARG00000054510	-0.20775177757076574	1362	high zero count	0.1183010509858421
ENSDARG00000054530	0.5831703511312959	16	other	0.0013897333449144446
ENSDARG00000054533	0.7793724332759759	36	other	0.0031269000260575
ENSDARG00000054534	0.5180961961615008	200	other	0.017371666811430556
ENSDARG00000054537	0.059126976315316	1328	high zero count	0.11534786762789889
ENSDARG00000054539	0.5407089349767169	303	other	0.026318075219317293
ENSDARG00000054540	0.5820619328239748	584	other	0.050725267089377225
ENSDARG00000054543	0.11382393275464077	3342	high zero count	0.2902805524190046
ENSDARG00000054562	1.3859254454448577	240	other	0.02084600017371667
ENSDARG00000054570	1.039751403510533	59	other	0.005124641709372014
ENSDARG00000054574	0.3661604447526159	1142	high zero count	0.09919221749326848
ENSDARG00000054578	2.1953478479907216	49	other	0.004256058368800487
ENSDARG00000054583	0.17936107879954866	2714	high zero count	0.23573351863111267
ENSDARG00000054584	0.24288055230891556	930	other	0.08077825067315209
ENSDARG00000054597	0.44179231519013773	1103	high zero count	0.09580474246503952
ENSDARG00000054606	0.31920809070360256	427	other	0.03708850864240424
ENSDARG00000054609	0.19688944031288866	612	other	0.053157300442977506
ENSDARG00000054616	1.306412683460434	234	other	0.020324850169373753
ENSDARG00000054619	0.8031044104877203	282	other	0.024494050204117084
ENSDARG00000054632	0.3236630851145076	1449	high zero count	0.12585772604881437
ENSDARG00000054645	0.4076624666684009	363	other	0.03152957526274646
ENSDARG00000054649	0.7704734207672607	1391	high zero count	0.12081994267349952
ENSDARG00000054666	0.7559881997101864	128	other	0.011117866759315557
ENSDARG00000054696	2.304652205743969	24	other	0.002084600017371667
ENSDARG00000054707	0.6962037916812187	7	other	6.080083384000695e-4
ENSDARG00000054718	0.1994811320237537	1455	high zero count	0.1263788760531573
ENSDARG00000054723	0.622782737445665	53	other	0.004603491705029098
ENSDARG00000054746	0.4398097226930277	62	other	0.0053852167115434725
ENSDARG00000054749	1.1475983362892663	328	other	0.028489533570746114
ENSDARG00000054753	0.47118206225461357	1474	high zero count	0.1280291844002432
ENSDARG00000054771	0.12096772921797078	571	other	0.04959610874663424
ENSDARG00000054777	1.05266306761189	146	other	0.012681316772344306
ENSDARG00000054778	0.35734665946050337	143	other	0.012420741770172848
ENSDARG00000054789	0.14789294952543766	926	other	0.08043081733692348
ENSDARG00000054793	0.7602183569015902	214	other	0.018587683488230696
ENSDARG00000054794	0.2255956228754676	3202	high zero count	0.2781203856510032
ENSDARG00000054799	0.4008640873772347	46	other	0.003995483366629028
ENSDARG00000054804	1.9771371644494748	1	other	8.685833405715279e-5
ENSDARG00000054807	1.0457900313109474	74	other	0.006427516720229306
ENSDARG00000054814	1.2222220446634724	1617	high zero count	0.14044992617041605
ENSDARG00000054818	3.6498434091251064	2	other	1.7371666811430558e-4
ENSDARG00000054821	-0.027851852237465786	1862	high zero count	0.16173021801441848
ENSDARG00000054823	1.0887857678075676	70	other	0.006080083384000695
ENSDARG00000054829	0.6139823148959865	59	other	0.005124641709372014
ENSDARG00000054833	0.9062261855172801	56	other	0.004864066707200556
ENSDARG00000054837	0.9030191027903864	1989	high zero count	0.1727612264396769
ENSDARG00000054842	1.293561980870846	227	other	0.01971684183097368
ENSDARG00000054848	0.3675439722625639	852	other	0.07400330061669418
ENSDARG00000054849	0.9471363026724323	9	other	7.81725006514375e-4
ENSDARG00000054856	0.15953450157440743	1678	high zero count	0.14574828454790237
ENSDARG00000054858	0.5341551722008876	423	other	0.036741075306175625
ENSDARG00000054867	0.17696043228321945	852	other	0.07400330061669418
ENSDARG00000054879	0.19461172377038277	1114	high zero count	0.0967601841396682
ENSDARG00000054890	0.20174624133003918	1748	high zero count	0.15182836793190307
ENSDARG00000054903	0.20650872159003283	40	other	0.0034743333622861113
ENSDARG00000054906	1.0095585689073001	175	other	0.015200208460001738
ENSDARG00000054907	1.9210169063639346	87	other	0.007556675062972292
ENSDARG00000054911	0.7387458310900052	418	other	0.036306783635889864
ENSDARG00000054914	0.7232769855240636	1778	high zero count	0.15443411795361764
ENSDARG00000054916	0.6640189476604047	265	other	0.023017458525145487
ENSDARG00000054929	0.3510793936558669	358	other	0.031095283592460696
ENSDARG00000054937	0.1588452137413943	582	other	0.05055155042126292
ENSDARG00000054942	0.795916934820416	348	other	0.030226700251889168
ENSDARG00000054957	-0.175718198849657	1109	high zero count	0.09632589246938243
ENSDARG00000054963	0.34811252361609896	585	other	0.05081212542343438
ENSDARG00000054973	0.6023336071743018	23	other	0.001997741683314514
ENSDARG00000054978	0.6480211023146552	39	other	0.0033874750282289587
ENSDARG00000054980	1.117896217998518	28	other	0.002432033353600278
ENSDARG00000054984	-0.10536931925613029	1036	other	0.08998523408321028
ENSDARG00000055009	0.9672106370994503	734	other	0.06375401719795014
ENSDARG00000055022	0.6869744417269751	13	other	0.0011291583427429862
ENSDARG00000055026	0.08213877007205157	931	other	0.08086510900720924
ENSDARG00000055027	0.38503497029168343	1532	high zero count	0.13306696777555807
ENSDARG00000055036	0.19815467621992466	2801	high zero count	0.24329019369408494
ENSDARG00000055045	0.487216825152148	488	other	0.042386867019890556
ENSDARG00000055046	1.1144154555868178	1117	high zero count	0.09702075914183966
ENSDARG00000055052	0.13207258174117775	106	other	0.009206983410058196
ENSDARG00000055064	1.8009153491150733	126	other	0.010944150091201251
ENSDARG00000055070	0.33051953847603327	985	other	0.0855554590462955
ENSDARG00000055075	0.4830986466892116	47	other	0.004082341700686181
ENSDARG00000055076	1.2473058798388568	18	other	0.00156345001302875
ENSDARG00000055078	-0.03461582065602011	872	other	0.07574046729783723
ENSDARG00000055080	1.1217591119537795	3	other	2.6057500217145836e-4
ENSDARG00000055086	0.32563580015351246	6	other	5.211500043429167e-4
ENSDARG00000055092	0.07410352488584261	1313	high zero count	0.11404499261704161
ENSDARG00000055099	-0.05768021277010444	276	other	0.023972900199774168
ENSDARG00000055100	0.9124697252878982	234	other	0.020324850169373753
ENSDARG00000055106	0.07160191244627451	339	other	0.029444975245374795
ENSDARG00000055108	0.3212361294443894	520	other	0.045166333709719446
ENSDARG00000055113	0.8232814765922485	32	other	0.0027794666898288893
ENSDARG00000055115	0.419636442754077	98	other	0.008512116737600973
ENSDARG00000055120	1.978700553595652	7	other	6.080083384000695e-4
ENSDARG00000055123	-0.014675682527972023	218	other	0.018935116824459308
ENSDARG00000055124	1.4259028083168077	131	other	0.011378441761487015
ENSDARG00000055129	0.5191642349635817	153	other	0.013289325110744377
ENSDARG00000055133	0.6876303876565713	23	other	0.001997741683314514
ENSDARG00000055151	0.643744420609735	120	other	0.010423000086858335
ENSDARG00000055158	0.23050057190309378	706	other	0.061321983844349864
ENSDARG00000055160	-0.2360357683844514	986	other	0.08564231738035265
ENSDARG00000055162	0.7334640220280537	35	other	0.0030400416920003475
ENSDARG00000055185	-0.054535697355768874	2307	high zero count	0.20038217666985148
ENSDARG00000055192	0.7502461339659898	3547	high zero count	0.3080865109007209
ENSDARG00000055216	1.746168186531961	211	other	0.018327108486059236
ENSDARG00000055225	0.28536296654701965	588	other	0.051072700425605834
ENSDARG00000055226	0.22054439141789955	891	other	0.07739077564492312
ENSDARG00000055229	0.05328276255799969	853	other	0.07409015895075133
ENSDARG00000055250	0.09866148107141463	2442	high zero count	0.21210805176756709
ENSDARG00000055253	-0.16677470284041995	1584	high zero count	0.13758360114653
ENSDARG00000055255	-0.2496438917337103	1011	other	0.08781377573178147
ENSDARG00000055270	0.4667015678668306	275	other	0.023886041865717016
ENSDARG00000055276	-0.05178954639564458	1237	high zero count	0.10744375922869799
ENSDARG00000055278	0.45955127700380377	1379	high zero count	0.1197776426648137
ENSDARG00000055279	0.737230209252373	334	other	0.02901068357508903
ENSDARG00000055283	1.6328507942757013	154	other	0.013376183444801529
ENSDARG00000055284	0.11544164723919813	2035	high zero count	0.17675670980630592
ENSDARG00000055291	0.6257210269209025	60	other	0.005211500043429167
ENSDARG00000055292	0.35715903979958397	34	other	0.0029531833579431945
ENSDARG00000055300	0.21443520093104151	396	other	0.0343959002866325
ENSDARG00000055305	0.10179202416001315	1869	high zero count	0.16233822635281855
ENSDARG00000055307	1.182167395321488	19	other	0.0016503083470859028
ENSDARG00000055314	0.42393892398903193	147	other	0.012768175106401458
ENSDARG00000055339	0.6738863785640525	217	other	0.018848258490402153
ENSDARG00000055342	-0.09609900428350272	896	other	0.0778250673152089
ENSDARG00000055344	-0.18213565081491886	564	other	0.04898810040823417
ENSDARG00000055349	0.08203120278178763	224	other	0.019456266828802225
ENSDARG00000055350	0.2344122679609858	867	other	0.07530617562755146
ENSDARG00000055357	0.8099772541524654	19	other	0.0016503083470859028
ENSDARG00000055360	0.7550880034178026	55	other	0.004777208373143403
ENSDARG00000055365	1.2865837094243915	1848	high zero count	0.16051420133761835
ENSDARG00000055373	0.6026495659807705	130	other	0.011291583427429861
ENSDARG00000055377	0.6205480212949291	3688	high zero count	0.3203335360027795
ENSDARG00000055381	1.9088587232971772	305	other	0.026491791887431598
ENSDARG00000055383	0.3789114689208018	44	other	0.0038217666985147225
ENSDARG00000055389	0.9920009859096396	9	other	7.81725006514375e-4
ENSDARG00000055398	0.1885400266628241	1409	high zero count	0.12238339268652827
ENSDARG00000055412	-0.3250313280873808	711	other	0.06175627551463563
ENSDARG00000055416	0.5054046199133104	571	other	0.04959610874663424
ENSDARG00000055426	-0.13306484687372852	1686	high zero count	0.14644315122035959
ENSDARG00000055429	-0.10805208706125007	1210	high zero count	0.10509858420915487
ENSDARG00000055433	0.5450141776654371	280	other	0.02432033353600278
ENSDARG00000055443	0.3863018390506762	50	other	0.004342916702857639
ENSDARG00000055445	0.3265500072767815	1190	high zero count	0.10336141752801181
ENSDARG00000055455	1.3705224082655714	344	other	0.02987926691566056
ENSDARG00000055470	0.23955312699724224	256	other	0.022235733518631114
ENSDARG00000055472	0.5727355788137496	179	other	0.015547641796230348
ENSDARG00000055475	2.6071414517806035	2	other	1.7371666811430558e-4
ENSDARG00000055477	0.3636671230683523	73	other	0.006340658386172153
ENSDARG00000055481	1.111108014469446	538	other	0.0467297837227482
ENSDARG00000055498	-0.030583120286422433	2837	high zero count	0.24641709372014245
ENSDARG00000055502	0.5337567715454544	17	other	0.0014765916789715972
ENSDARG00000055504	1.3758646136727777	355	other	0.03083470859028924
ENSDARG00000055510	0.9576961427343823	1097	high zero count	0.0952835924606966
ENSDARG00000055514	0.780070714357808	516	other	0.04481890037349084
ENSDARG00000055518	0.2575329361974008	1366	high zero count	0.1186484843220707
ENSDARG00000055523	-0.10195971715077287	1480	high zero count	0.12855033440458613
ENSDARG00000055524	1.2490918072549766	70	other	0.006080083384000695
ENSDARG00000055527	0.17695452017302066	1245	high zero count	0.10813862590115522
ENSDARG00000055530	0.6995100730063089	265	other	0.023017458525145487
ENSDARG00000055536	1.4094257458664792	272	other	0.023625466863545556
ENSDARG00000055538	0.45618146904599544	712	other	0.061843133848692784
ENSDARG00000055539	0.5485774517900952	1919	high zero count	0.1666811430556762
ENSDARG00000055540	0.3609668712378039	1597	high zero count	0.138712759489273
ENSDARG00000055543	1.3434781971217469	86	other	0.00746981672891514
ENSDARG00000055548	0.47827029142648264	95	other	0.008251541735429515
ENSDARG00000055559	0.7788210195897461	828	other	0.07191870059932251
ENSDARG00000055563	0.17833913085908765	23	other	0.001997741683314514
ENSDARG00000055566	-0.04347902774434246	274	other	0.023799183531659863
ENSDARG00000055575	0.2634381577126912	2951	high zero count	0.25631894380265785
ENSDARG00000055588	0.07798859952172305	534	other	0.04638235038651959
ENSDARG00000055589	0.832894636643626	2043	high zero count	0.17745157647876314
ENSDARG00000055592	1.0688298834951304	942	other	0.08182055068183793
ENSDARG00000055607	-0.0020126120779327774	236	other	0.020498566837488057
ENSDARG00000055610	1.1334357257030485	227	other	0.01971684183097368
ENSDARG00000055618	0.646228289951529	405	other	0.03517762529314688
ENSDARG00000055620	0.01337896849016476	378	other	0.03283245027360375
ENSDARG00000055630	-0.0147713031459767	1690	high zero count	0.1467905845565882
ENSDARG00000055635	1.9618905683187078	64	other	0.005558933379657779
ENSDARG00000055639	0.6182502001289137	31	other	0.0026926083557717363
ENSDARG00000055647	0.6778317604145774	389	other	0.03378789194823243
ENSDARG00000055648	0.517258564242835	23	other	0.001997741683314514
ENSDARG00000055652	-0.09171415871825184	366	other	0.03179015026491792
ENSDARG00000055653	0.499960782527625	724	other	0.06288543385737862
ENSDARG00000055659	-0.06032974446691209	799	other	0.06939980891166507
ENSDARG00000055678	1.5578953721660618	3	other	2.6057500217145836e-4
ENSDARG00000055679	0.7094688988935383	618	other	0.05367845044732042
ENSDARG00000055698	0.686999748255657	282	other	0.024494050204117084
ENSDARG00000055705	0.28489184694606695	1837	high zero count	0.15955875966298966
ENSDARG00000055708	1.128198787112304	172	other	0.01493963345783028
ENSDARG00000055713	0.9514858250281866	414	other	0.035959350299661255
ENSDARG00000055715	-0.058590306371117874	1548	high zero count	0.1344567011204725
ENSDARG00000055719	0.7210391297109234	468	other	0.040649700338747506
ENSDARG00000055722	0.6018816410520497	616	other	0.053504733779206115
ENSDARG00000055730	-0.06526021196512709	3358	high zero count	0.29167028576391907
ENSDARG00000055731	-0.15854411175375624	1073	high zero count	0.09319899244332494
ENSDARG00000055737	0.617316268866466	6	other	5.211500043429167e-4
ENSDARG00000055743	0.7225354045199515	267	other	0.023191175193259795
ENSDARG00000055751	0.6902045777475214	1494	high zero count	0.12976635108138626
ENSDARG00000055753	0.39157948337430476	224	other	0.019456266828802225
ENSDARG00000055757	0.40586303991516354	1668	high zero count	0.14487970120733085
ENSDARG00000055759	1.827050505468014	21	other	0.0018240250152002084
ENSDARG00000055760	0.9910575664365	176	other	0.01528706679405889
ENSDARG00000055763	0.7881350525032349	133	other	0.01155215842960132
ENSDARG00000055770	0.24862749050701335	716	other	0.06219056718492139
ENSDARG00000055784	0.19613013850928318	1560	high zero count	0.13549900112915833
ENSDARG00000055786	0.21864112562459076	1157	high zero count	0.10049509250412578
ENSDARG00000055792	0.8808557859861231	127	other	0.011031008425258403
ENSDARG00000055797	0.21781314333572052	1031	other	0.08955094241292452
ENSDARG00000055831	0.3931615168022892	906	other	0.07869365065578042
ENSDARG00000055835	-0.27489746957940553	915	other	0.0794753756622948
ENSDARG00000055837	0.7823747795354463	5	other	4.342916702857639e-4
ENSDARG00000055854	-0.04610847814289812	505	other	0.04386345869886216
ENSDARG00000055857	0.4079366850514642	268	other	0.023278033527316947
ENSDARG00000055868	1.6626222433333606	10	other	8.685833405715278e-4
ENSDARG00000055874	0.8785482075269848	208	other	0.01806653348388778
ENSDARG00000055875	0.38367287093660796	425	other	0.036914791974289936
ENSDARG00000055876	0.42226659827764956	2449	high zero count	0.21271606010596716
ENSDARG00000055885	0.2777495857620419	39	other	0.0033874750282289587
ENSDARG00000055889	-0.07956139186328136	204	other	0.017719100147659168
ENSDARG00000055897	0.4235537603159097	1330	high zero count	0.1155215842960132
ENSDARG00000055899	0.3250274432964628	209	other	0.018153391817944932
ENSDARG00000055900	1.01763326386162	8	other	6.948666724572223e-4
ENSDARG00000055901	0.22671204265195372	2083	high zero count	0.18092590984104925
ENSDARG00000055903	1.1420058223162355	7	other	6.080083384000695e-4
ENSDARG00000055912	0.7345112058604958	47	other	0.004082341700686181
ENSDARG00000055930	0.235210809862863	1176	high zero count	0.10214540085121167
ENSDARG00000055934	-0.05394378157488677	319	other	0.027707808564231738
ENSDARG00000055945	1.381352101343438	5	other	4.342916702857639e-4
ENSDARG00000055955	-0.04326553597612969	2106	high zero count	0.18292365152436377
ENSDARG00000055966	0.10141340532533025	705	other	0.06123512551029271
ENSDARG00000055969	0.5487054127598617	45	other	0.0039086250325718755
ENSDARG00000055970	-0.24821835072131126	1813	high zero count	0.157474159645618
ENSDARG00000055976	0.20218816527749206	406	other	0.03526448362720403
ENSDARG00000055989	0.5430036525245077	108	other	0.0093807000781725
ENSDARG00000055991	0.0992267110457429	1757	high zero count	0.15261009293841743
ENSDARG00000055999	0.11103111121200851	2320	high zero count	0.20151133501259447
ENSDARG00000056001	1.4399263910775593	318	other	0.027620950230174586
ENSDARG00000056004	0.10208620739616868	1179	high zero count	0.10240597585338314
ENSDARG00000056005	0.6138716040022895	179	other	0.015547641796230348
ENSDARG00000056007	-0.13449906456584104	1231	high zero count	0.10692260922435508
ENSDARG00000056008	2.6215329783347934	5	other	4.342916702857639e-4
ENSDARG00000056018	0.04977370706992111	431	other	0.03743594197863285
ENSDARG00000056023	0.18077175082090785	486	other	0.04221315035177625
ENSDARG00000056027	0.11429711035595595	577	other	0.05011725875097715
ENSDARG00000056029	-0.13841277086405893	194	other	0.01685051680708764
ENSDARG00000056030	0.1358816436001246	2098	high zero count	0.18222878485190655
ENSDARG00000056036	0.5827044048642147	2257	high zero count	0.19603925996699384
ENSDARG00000056047	-0.12410202052299625	2067	high zero count	0.1795361764961348
ENSDARG00000056050	0.6379569663928715	136	other	0.011812733431772778
ENSDARG00000056059	0.569284300387626	89	other	0.007730391731086598
ENSDARG00000056075	0.952577869175172	118	other	0.010249283418744029
ENSDARG00000056078	0.4749020945696721	179	other	0.015547641796230348
ENSDARG00000056079	0.255465137023687	119	other	0.01033614175280118
ENSDARG00000056085	1.397343971046343	57	other	0.004950925041257708
ENSDARG00000056087	0.19663589122631336	1250	high zero count	0.10857291757144098
ENSDARG00000056089	0.48845761771805035	47	other	0.004082341700686181
ENSDARG00000056090	1.9351897613337796	2	other	1.7371666811430558e-4
ENSDARG00000056091	0.2738860286762224	244	other	0.021193433509945278
ENSDARG00000056092	0.6510959324598402	824	other	0.07157126726309389
ENSDARG00000056099	0.6646596139848925	414	other	0.035959350299661255
ENSDARG00000056101	0.28650824978658684	2222	high zero count	0.19299921827499347
ENSDARG00000056102	0.4645122801264104	710	other	0.06166941718057848
ENSDARG00000056108	1.0152667014635077	562	other	0.048814383740119864
ENSDARG00000056111	-0.2723850356299874	561	other	0.04872752540606271
ENSDARG00000056112	0.4685511313864676	107	other	0.009293841744115348
ENSDARG00000056121	0.1377309940688056	3305	high zero count	0.28706679405888996
ENSDARG00000056122	0.8401055538707446	190	other	0.01650308347085903
ENSDARG00000056127	0.8512657351525462	700	other	0.06080083384000695
ENSDARG00000056128	0.17683731359473595	156	other	0.013549900112915835
ENSDARG00000056130	0.014912825397137057	1756	high zero count	0.1525232346043603
ENSDARG00000056138	1.7861135798487815	1	other	8.685833405715279e-5
ENSDARG00000056141	0.7703364529078898	12	other	0.0010423000086858334
ENSDARG00000056145	-0.2460977438792239	1774	high zero count	0.15408668461738903
ENSDARG00000056150	0.5226839502732064	239	other	0.020759141839659514
ENSDARG00000056151	1.6871223990192838	2155	high zero count	0.18717970989316424
ENSDARG00000056152	0.8939284367904642	136	other	0.011812733431772778
ENSDARG00000056156	0.5586822074128204	947	other	0.08225484235212369
ENSDARG00000056160	1.6613622393155871	5	other	4.342916702857639e-4
ENSDARG00000056167	2.1242680194730914	23	other	0.001997741683314514
ENSDARG00000056175	0.5016928962202812	439	other	0.03813080865109007
ENSDARG00000056181	0.48933707257371983	1100	high zero count	0.09554416746286806
ENSDARG00000056184	0.38766735009675224	32	other	0.0027794666898288893
ENSDARG00000056186	1.8721758416669034	1	other	8.685833405715279e-5
ENSDARG00000056193	0.41469499251445857	350	other	0.030400416920003476
ENSDARG00000056196	0.20356484978161987	339	other	0.029444975245374795
ENSDARG00000056204	0.06568581988695868	156	other	0.013549900112915835
ENSDARG00000056206	1.216504522787583	145	other	0.012594458438287154
ENSDARG00000056218	0.08266319154084334	151	other	0.01311560844263007
ENSDARG00000056226	0.06975972924336306	661	other	0.05741335881177799
ENSDARG00000056228	-0.17719713633296988	1455	high zero count	0.1263788760531573
ENSDARG00000056233	0.49194301264110313	1990	high zero count	0.17284808477373403
ENSDARG00000056235	1.3366191317189045	4	other	3.4743333622861116e-4
ENSDARG00000056239	0.1743427799516666	748	other	0.06497003387475028
ENSDARG00000056244	-0.21407455065797398	1148	high zero count	0.0997133674976114
ENSDARG00000056248	0.768525485904984	3333	high zero count	0.2894988274124902
ENSDARG00000056250	-0.11547823346030624	580	other	0.05037783375314862
ENSDARG00000056252	0.7449382908084394	591	other	0.0513332754277773
ENSDARG00000056258	0.35235619393509476	10	other	8.685833405715278e-4
ENSDARG00000056259	0.8501374189702392	5	other	4.342916702857639e-4
ENSDARG00000056267	0.3985268889944065	526	other	0.045687483714062366
ENSDARG00000056268	0.3820384020256401	1543	high zero count	0.13402240945018676
ENSDARG00000056270	0.38158613456893425	219	other	0.01902197515851646
ENSDARG00000056279	-0.10243933835108147	1474	high zero count	0.1280291844002432
ENSDARG00000056281	-0.07435512677889436	1268	high zero count	0.11013636758446974
ENSDARG00000056292	0.5011048755780086	2132	high zero count	0.18518196820984972
ENSDARG00000056307	1.6436314390834221	124	other	0.010770433423086945
ENSDARG00000056314	0.8376593430106923	721	other	0.06262485885520716
ENSDARG00000056318	1.2487570181313354	41	other	0.0035611916963432643
ENSDARG00000056322	0.6122350901751196	128	other	0.011117866759315557
ENSDARG00000056324	0.013708724120321421	2182	high zero count	0.1895248849127074
ENSDARG00000056331	0.9263086218882579	385	other	0.03344045861200382
ENSDARG00000056338	1.595669560181303	19	other	0.0016503083470859028
ENSDARG00000056367	0.06164240951184934	932	other	0.08095196734126639
ENSDARG00000056369	0.3566641405298637	336	other	0.029184400243203335
ENSDARG00000056378	1.055317852840424	345	other	0.02996612524971771
ENSDARG00000056379	0.8626981025495456	390	other	0.03387475028228958
ENSDARG00000056381	0.10423200420321324	3165	high zero count	0.27490662729088855
ENSDARG00000056386	-0.3669876018009682	789	other	0.06853122557109355
ENSDARG00000056394	0.7116576030380498	336	other	0.029184400243203335
ENSDARG00000056410	1.2802765824894746	121	other	0.010509858420915487
ENSDARG00000056414	0.9085933844724695	36	other	0.0031269000260575
ENSDARG00000056427	0.5202300731628379	152	other	0.013202466776687223
ENSDARG00000056438	0.793642943859391	176	other	0.01528706679405889
ENSDARG00000056443	1.6337007224186457	7	other	6.080083384000695e-4
ENSDARG00000056450	0.6304538217468834	1914	high zero count	0.16624685138539042
ENSDARG00000056453	-0.0847413049897856	568	other	0.049335533744462784
ENSDARG00000056458	1.0653449027285602	47	other	0.004082341700686181
ENSDARG00000056464	0.020851306183594213	1995	high zero count	0.1732823764440198
ENSDARG00000056467	-0.12811931501832843	1715	high zero count	0.148962042908017
ENSDARG00000056473	0.3080507055620259	676	other	0.05871623382263528
ENSDARG00000056475	0.837733923834416	113	other	0.009814991748458264
ENSDARG00000056477	0.08287206595240677	2506	high zero count	0.21766698514722488
ENSDARG00000056479	0.2615488891280511	273	other	0.02371232519760271
ENSDARG00000056480	0.6896919588538332	187	other	0.01624250846868757
ENSDARG00000056481	0.5790508156661275	32	other	0.0027794666898288893
ENSDARG00000056483	1.2584708805556863	7	other	6.080083384000695e-4
ENSDARG00000056490	0.2567397360948269	17	other	0.0014765916789715972
ENSDARG00000056491	0.45484442056631935	69	other	0.005993225049943542
ENSDARG00000056499	1.1253285494989855	984	other	0.08546860071223834
ENSDARG00000056504	0.23014320436157407	62	other	0.0053852167115434725
ENSDARG00000056509	0.051913737803949214	24	other	0.002084600017371667
ENSDARG00000056510	0.37280534793163594	1766	high zero count	0.1533918179449318
ENSDARG00000056515	0.6674886857844659	705	other	0.06123512551029271
ENSDARG00000056517	0.7927322416361265	847	other	0.0735690089464084
ENSDARG00000056519	0.4615629949977992	210	other	0.018240250152002084
ENSDARG00000056525	0.43250713869966956	129	other	0.01120472509337271
ENSDARG00000056530	0.26269871441253606	650	other	0.05645791713714931
ENSDARG00000056531	1.2027705081351716	175	other	0.015200208460001738
ENSDARG00000056532	0.7111727522456912	117	other	0.010162425084686877
ENSDARG00000056535	-0.13881745516830507	1422	high zero count	0.12351255102927126
ENSDARG00000056549	1.4142763569442214	44	other	0.0038217666985147225
ENSDARG00000056550	0.4591629977423842	146	other	0.012681316772344306
ENSDARG00000056557	1.5581276675715303	11	other	9.554416746286806e-4
ENSDARG00000056559	0.9235406157677064	294	other	0.025536350212802917
ENSDARG00000056582	-0.19302954867229383	266	other	0.02310431685920264
ENSDARG00000056583	1.7062056874106597	135	other	0.011725875097715626
ENSDARG00000056587	0.09543192958637241	1017	other	0.08833492573612438
ENSDARG00000056594	0.22585751996650988	1136	high zero count	0.09867106748892557
ENSDARG00000056600	0.8777011954237527	246	other	0.021367150178059586
ENSDARG00000056601	0.29925262507184625	376	other	0.032658733605489446
ENSDARG00000056605	0.5168440954607373	789	other	0.06853122557109355
ENSDARG00000056615	-0.07931932338116165	292	other	0.025362633544688613
ENSDARG00000056617	-0.31513461717099356	918	other	0.07973595066446626
ENSDARG00000056619	0.1607205819337987	247	other	0.021454008512116738
ENSDARG00000056621	1.8480170084002405	2	other	1.7371666811430558e-4
ENSDARG00000056623	1.2911824754787318	3	other	2.6057500217145836e-4
ENSDARG00000056624	0.32289047093760964	728	other	0.06323286719360723
ENSDARG00000056627	0.9010414337495716	1101	high zero count	0.09563102579692521
ENSDARG00000056628	-0.02073666159837159	123	other	0.010683575089029793
ENSDARG00000056630	-0.02928781843986139	2494	high zero count	0.21662468513853905
ENSDARG00000056638	0.3695071160720939	1837	high zero count	0.15955875966298966
ENSDARG00000056639	0.4152400749027436	857	other	0.07443759228697994
ENSDARG00000056640	0.8461510855185722	19	other	0.0016503083470859028
ENSDARG00000056642	0.08785724647534554	184	other	0.01598193346651611
ENSDARG00000056647	0.5483389970526296	956	other	0.08303656735863806
ENSDARG00000056648	0.5955766317311084	162	other	0.014071050117258751
ENSDARG00000056649	0.8255100716886254	24	other	0.002084600017371667
ENSDARG00000056651	0.04917180072491991	385	other	0.03344045861200382
ENSDARG00000056653	0.22200268697421172	2564	high zero count	0.22270476852253973
ENSDARG00000056656	0.4111981862282184	894	other	0.0776513506470946
ENSDARG00000056659	-0.206572502179907	928	other	0.08060453400503778
ENSDARG00000056665	0.2792125745266347	427	other	0.03708850864240424
ENSDARG00000056672	0.12174020221991524	2277	high zero count	0.19777642664813688
ENSDARG00000056678	0.27230684981943276	484	other	0.04203943368366195
ENSDARG00000056679	0.27873539831282446	296	other	0.025710066880917225
ENSDARG00000056680	0.455656479498614	457	other	0.039694258664118826
ENSDARG00000056683	0.34211750834606514	446	other	0.038738816989490145
ENSDARG00000056690	0.4722612527639151	591	other	0.0513332754277773
ENSDARG00000056691	0.25511187983125216	229	other	0.01989055849908799
ENSDARG00000056695	1.1640594685600456	223	other	0.019369408494745072
ENSDARG00000056704	0.09589666204812429	62	other	0.0053852167115434725
ENSDARG00000056713	-0.14745022331952737	138	other	0.011986450099887084
ENSDARG00000056717	-0.06245664703706136	288	other	0.02501520020846
ENSDARG00000056720	0.4397776098602007	88	other	0.007643533397029445
ENSDARG00000056722	1.2108304600271924	53	other	0.004603491705029098
ENSDARG00000056725	1.5364057349430251	14	other	0.001216016676800139
ENSDARG00000056726	0.9412130673491484	1399	high zero count	0.12151480934595675
ENSDARG00000056732	0.3020006163416071	1195	high zero count	0.10379570919829757
ENSDARG00000056740	1.6520352534230422	118	other	0.010249283418744029
ENSDARG00000056741	0.6391362788269067	312	other	0.02709980022583167
ENSDARG00000056743	0.16683325603804727	217	other	0.018848258490402153
ENSDARG00000056745	0.6287689226343344	686	other	0.05958481716320681
ENSDARG00000056750	-0.05151043353472554	991	other	0.08607660905063841
ENSDARG00000056753	0.6098274961058429	216	other	0.018761400156345
ENSDARG00000056764	-0.25590253221431675	1847	high zero count	0.16042734300356118
ENSDARG00000056783	0.49745965084817206	148	other	0.012855033440458612
ENSDARG00000056795	-0.20394277950911943	987	other	0.0857291757144098
ENSDARG00000056797	0.29049757116611324	1039	other	0.09024580908538174
ENSDARG00000056798	0.07978397418627993	1825	high zero count	0.15851645965430383
ENSDARG00000056801	0.8727308449097438	73	other	0.006340658386172153
ENSDARG00000056803	1.1267123344009276	234	other	0.020324850169373753
ENSDARG00000056805	-0.22137456936842145	1729	high zero count	0.15017805958481717
ENSDARG00000056819	0.051764084900986655	1356	high zero count	0.11777990098149918
ENSDARG00000056830	-0.022636901883139385	2826	high zero count	0.24546165204551376
ENSDARG00000056831	0.7766557161060728	285	other	0.024754625206288544
ENSDARG00000056832	0.012799495380664867	626	other	0.054373317119777644
ENSDARG00000056836	0.6781379152947037	291	other	0.02527577521063146
ENSDARG00000056838	-0.1921294573276954	2012	high zero count	0.1747589681229914
ENSDARG00000056840	0.8018840066427619	34	other	0.0029531833579431945
ENSDARG00000056847	-0.17899452722789666	1045	other	0.09076695908972465
ENSDARG00000056855	1.488011499145509	310	other	0.026926083557717362
ENSDARG00000056856	1.5463901531356696	11	other	9.554416746286806e-4
ENSDARG00000056862	-0.0492019665113367	1729	high zero count	0.15017805958481717
ENSDARG00000056871	0.07554174413171447	3255	high zero count	0.2827238773560323
ENSDARG00000056873	0.5249927610165998	3380	high zero count	0.2935811691131764
ENSDARG00000056877	1.5126411698669233	1195	high zero count	0.10379570919829757
ENSDARG00000056885	0.18398632308126234	585	other	0.05081212542343438
ENSDARG00000056886	0.24963641240941187	2841	high zero count	0.24676452705637106
ENSDARG00000056888	0.07742094074110834	2770	high zero count	0.2405975853383132
ENSDARG00000056892	0.3726191072025391	18	other	0.00156345001302875
ENSDARG00000056903	0.9749847917611455	100	other	0.008685833405715278
ENSDARG00000056913	0.5310176799117842	979	other	0.08503430904195257
ENSDARG00000056914	0.36209178686112314	440	other	0.038217666985147225
ENSDARG00000056920	-0.07721096154342008	625	other	0.05428645878572049
ENSDARG00000056923	0.4316865046064472	1211	high zero count	0.10518544254321202
ENSDARG00000056924	0.6842532083119199	45	other	0.0039086250325718755
ENSDARG00000056929	0.3481372552762915	207	other	0.017979675149830628
ENSDARG00000056932	0.4249512718924815	30	other	0.0026057500217145837
ENSDARG00000056934	1.2564135246896673	1495	high zero count	0.1298532094154434
ENSDARG00000056938	0.19571568052207192	1424	high zero count	0.12368626769738557
ENSDARG00000056950	1.3335809075625586	140	other	0.01216016676800139
ENSDARG00000056954	0.07049966444575037	2070	high zero count	0.17979675149830626
ENSDARG00000056961	-0.23638219337846575	433	other	0.03760965864674715
ENSDARG00000056964	0.9241700607549402	12	other	0.0010423000086858334
ENSDARG00000056966	0.5616149445120073	240	other	0.02084600017371667
ENSDARG00000056978	0.10753585834989357	159	other	0.013810475115087293
ENSDARG00000056979	0.26048195313457007	300	other	0.026057500217145837
ENSDARG00000056984	0.08945155115863172	2464	high zero count	0.21401893511682446
ENSDARG00000056985	0.1738769596466174	391	other	0.03396160861634674
ENSDARG00000056986	0.11905473510536067	856	other	0.07435073395292278
ENSDARG00000056995	0.7035494711980144	373	other	0.03239815860331799
ENSDARG00000056998	-0.07124614191240394	746	other	0.06479631720663598
ENSDARG00000057007	0.8612259914560416	3	other	2.6057500217145836e-4
ENSDARG00000057010	0.9919132041576042	155	other	0.013463041778858681
ENSDARG00000057011	0.5755924359792407	442	other	0.03839138365326153
ENSDARG00000057013	0.4842721239768665	569	other	0.049422392078519936
ENSDARG00000057016	0.8645377404704783	28	other	0.002432033353600278
ENSDARG00000057021	0.27167120973925346	180	other	0.015634500130287502
ENSDARG00000057026	3.1750556285875886	2	other	1.7371666811430558e-4
ENSDARG00000057027	0.4418494458292749	910	other	0.07904108399200903
ENSDARG00000057042	0.9438045754681205	1791	high zero count	0.15556327629636063
ENSDARG00000057053	0.22131218179777107	632	other	0.054894467124120556
ENSDARG00000057058	-0.010145089756041087	932	other	0.08095196734126639
ENSDARG00000057060	0.22726364758530804	1795	high zero count	0.15591070963258924
ENSDARG00000057074	-0.20737658395121747	288	other	0.02501520020846
ENSDARG00000057075	0.6526491375168417	250	other	0.021714583514288194
ENSDARG00000057089	0.3635250560225801	337	other	0.029271258577260487
ENSDARG00000057093	1.2972182270217776	14	other	0.001216016676800139
ENSDARG00000057100	0.24935990084360737	1768	high zero count	0.15356553461304612
ENSDARG00000057101	0.24660434055333674	1890	high zero count	0.16416225136801876
ENSDARG00000057105	0.17078686148689134	374	other	0.03248501693737514
ENSDARG00000057110	0.6236373068928373	737	other	0.0640145922001216
ENSDARG00000057113	0.2830100471448247	1009	other	0.08764005906366716
ENSDARG00000057114	0.5816544144659416	59	other	0.005124641709372014
ENSDARG00000057121	0.12470486142265898	3445	high zero count	0.2992269608268913
ENSDARG00000057125	0.16666666762979926	221	other	0.019195691826630765
ENSDARG00000057128	0.8086555878890278	164	other	0.014244766785373057
ENSDARG00000057138	0.17762072854088218	3272	high zero count	0.2842004690350039
ENSDARG00000057148	-0.050095925533482494	587	other	0.05098584209154868
ENSDARG00000057151	0.013313937987450784	124	other	0.010770433423086945
ENSDARG00000057159	-0.15533579234009226	608	other	0.05280986710674889
ENSDARG00000057166	-0.08005284165449403	1203	high zero count	0.1044905758707548
ENSDARG00000057184	0.15749732456949123	1712	high zero count	0.14870146790584557
ENSDARG00000057206	-0.1884124556618399	1160	high zero count	0.10075566750629723
ENSDARG00000057218	0.5448713486657915	541	other	0.046990358724919655
ENSDARG00000057234	1.1081289329928015	7	other	6.080083384000695e-4
ENSDARG00000057238	-0.03629965588184193	219	other	0.01902197515851646
ENSDARG00000057241	-0.005112010406545046	2902	high zero count	0.25206288543385735
ENSDARG00000057245	-0.12257808698980222	327	other	0.02840267523668896
ENSDARG00000057248	0.213867315503979	1154	high zero count	0.1002345175019543
ENSDARG00000057249	1.2453839832619238	3	other	2.6057500217145836e-4
ENSDARG00000057255	1.6209190140475374	216	other	0.018761400156345
ENSDARG00000057272	0.2653026797717037	70	other	0.006080083384000695
ENSDARG00000057276	-0.21838977387620698	588	other	0.051072700425605834
ENSDARG00000057286	0.31841718997953417	934	other	0.0811256840093807
ENSDARG00000057287	0.38741554833463937	1754	high zero count	0.152349517936246
ENSDARG00000057296	0.38051235864584987	2579	high zero count	0.22400764353339703
ENSDARG00000057299	1.0807031300503063	48	other	0.004169200034743334
ENSDARG00000057303	0.7859400930386222	11	other	9.554416746286806e-4
ENSDARG00000057317	0.23484153174737088	162	other	0.014071050117258751
ENSDARG00000057321	0.12380031199946903	816	other	0.07087640059063667
ENSDARG00000057322	0.8014739549405908	36	other	0.0031269000260575
ENSDARG00000057323	0.4281482129899031	197	other	0.0171110918092591
ENSDARG00000057334	0.5227282616021375	606	other	0.05263615043863459
ENSDARG00000057353	-0.08092246894669343	207	other	0.017979675149830628
ENSDARG00000057378	1.4975285524887028	58	other	0.005037783375314861
ENSDARG00000057394	-0.04157217789291731	262	other	0.02275688352297403
ENSDARG00000057414	1.6917278762790946	12	other	0.0010423000086858334
ENSDARG00000057419	0.013886137108640723	189	other	0.016416225136801875
ENSDARG00000057427	-0.11402104286436422	1482	high zero count	0.12872405107270044
ENSDARG00000057437	0.2813238026923039	978	other	0.08494745070789542
ENSDARG00000057452	0.38939021833071275	47	other	0.004082341700686181
ENSDARG00000057456	0.25069706248501605	280	other	0.02432033353600278
ENSDARG00000057468	0.04565002130856471	1502	high zero count	0.13046121775384348
ENSDARG00000057484	2.1271480726932146	7	other	6.080083384000695e-4
ENSDARG00000057491	0.8403260154241958	20	other	0.0017371666811430556
ENSDARG00000057497	0.3775587028426273	19	other	0.0016503083470859028
ENSDARG00000057498	0.3223225463114382	1536	high zero count	0.13341440111178668
ENSDARG00000057513	0.9176721903225167	26	other	0.0022583166854859725
ENSDARG00000057529	0.3368623235006501	581	other	0.05046469208720577
ENSDARG00000057556	3.126699500452625	2	other	1.7371666811430558e-4
ENSDARG00000057562	0.06464912667585296	1007	other	0.08746634239555286
ENSDARG00000057568	-0.12713519134081633	613	other	0.05324415877703466
ENSDARG00000057571	1.0285210222619383	1535	high zero count	0.1333275427777295
ENSDARG00000057575	1.9438316998822136	1020	other	0.08859550073829583
ENSDARG00000057577	0.16561360000488198	164	other	0.014244766785373057
ENSDARG00000057583	0.18729069478032104	51	other	0.004429775036914792
ENSDARG00000057586	0.7069709867006102	349	other	0.03031355858594632
ENSDARG00000057590	0.0066108917496695355	208	other	0.01806653348388778
ENSDARG00000057598	0.4444685794851601	750	other	0.06514375054286459
ENSDARG00000057610	0.37269453974523237	562	other	0.048814383740119864
ENSDARG00000057624	0.5157048767065319	173	other	0.015026491791887432
ENSDARG00000057626	0.28371706890232334	288	other	0.02501520020846
ENSDARG00000057630	0.33173430877672	2355	high zero count	0.2045513767045948
ENSDARG00000057633	0.20325931475843842	1380	high zero count	0.11986450099887085
ENSDARG00000057635	-0.06174802519971067	1496	high zero count	0.12994006774950057
ENSDARG00000057644	0.4809655625875126	523	other	0.04542690871189091
ENSDARG00000057648	0.7879266147378973	21	other	0.0018240250152002084
ENSDARG00000057652	0.5124013622008039	362	other	0.03144271692868931
ENSDARG00000057660	0.07326363596401712	1081	high zero count	0.09389385911578216
ENSDARG00000057671	0.5351326824838942	141	other	0.012247025102058542
ENSDARG00000057672	0.6686673664252444	1068	high zero count	0.09276470077303918
ENSDARG00000057676	1.5218301363484172	32	other	0.0027794666898288893
ENSDARG00000057679	0.8552049197036141	82	other	0.007122383392686529
ENSDARG00000057681	0.33927686256474915	485	other	0.0421262920177191
ENSDARG00000057683	0.19266712116816764	69	other	0.005993225049943542
ENSDARG00000057688	0.09174768391020961	691	other	0.060019108833492575
ENSDARG00000057698	2.1893697248122557	6	other	5.211500043429167e-4
ENSDARG00000057699	0.6641211998493969	83	other	0.007209241726743681
ENSDARG00000057707	0.3362687397130676	1425	high zero count	0.12377312603144272
ENSDARG00000057708	0.4112121464898874	53	other	0.004603491705029098
ENSDARG00000057714	0.14092591185903872	1757	high zero count	0.15261009293841743
ENSDARG00000057719	0.5030431363524891	240	other	0.02084600017371667
ENSDARG00000057736	0.37400637090762906	693	other	0.06019282550160688
ENSDARG00000057738	0.31275897145729464	70	other	0.006080083384000695
ENSDARG00000057772	0.78661066635254	62	other	0.0053852167115434725
ENSDARG00000057782	0.6953160322419993	38	other	0.0033006166941718057
ENSDARG00000057789	0.6757612795196112	2638	high zero count	0.22913228524276905
ENSDARG00000057805	0.6241359324190048	36	other	0.0031269000260575
ENSDARG00000057830	0.3143339038975865	46	other	0.003995483366629028
ENSDARG00000057833	-0.22094798529169235	667	other	0.05793450881612091
ENSDARG00000057853	2.3278350855604137	8	other	6.948666724572223e-4
ENSDARG00000057854	1.3339300535325216	149	other	0.012941891774515765
ENSDARG00000057855	0.35938546409354044	96	other	0.008338400069486667
ENSDARG00000057857	-0.10900235340719454	772	other	0.06705463389212195
ENSDARG00000057859	0.11257482325176063	999	other	0.08677147572309563
ENSDARG00000057863	0.030135715697820562	362	other	0.03144271692868931
ENSDARG00000057867	1.1505021054039895	3	other	2.6057500217145836e-4
ENSDARG00000057879	0.31412054444447124	312	other	0.02709980022583167
ENSDARG00000057881	-0.005742053908110798	359	other	0.03118214192651785
ENSDARG00000057882	1.737778854824436	50	other	0.004342916702857639
ENSDARG00000057890	0.7991550420414036	12	other	0.0010423000086858334
ENSDARG00000057899	0.054719097657513684	666	other	0.05784765048206376
ENSDARG00000057903	-0.13417860907352383	759	other	0.06592547554937896
ENSDARG00000057907	-0.018720332608609638	253	other	0.021975158516459654
ENSDARG00000057910	0.9901577552460347	456	other	0.039607400330061666
ENSDARG00000057911	0.13002134704358484	917	other	0.07964909233040911
ENSDARG00000057912	1.605222197999523	12	other	0.0010423000086858334
ENSDARG00000057913	0.7500563254831822	680	other	0.059063667158863895
ENSDARG00000057918	0.5804212303068159	30	other	0.0026057500217145837
ENSDARG00000057921	-0.1279532009398246	1977	high zero count	0.17171892643099104
ENSDARG00000057928	0.3922839836115096	635	other	0.05515504212629202
ENSDARG00000057929	0.281443316500066	1202	high zero count	0.10440371753669765
ENSDARG00000057936	0.16455641442632896	1221	high zero count	0.10605402588378354
ENSDARG00000057939	0.31850778934709273	179	other	0.015547641796230348
ENSDARG00000057940	0.463150145348758	2	other	1.7371666811430558e-4
ENSDARG00000057949	1.082328184383783	338	other	0.02935811691131764
ENSDARG00000057973	0.255653959884616	463	other	0.04021540866846174
ENSDARG00000057974	0.4603241284791287	343	other	0.029792408581603404
ENSDARG00000057975	-0.16057781584783573	896	other	0.0778250673152089
ENSDARG00000057983	0.22584406948661692	686	other	0.05958481716320681
ENSDARG00000057984	0.26349843898561587	485	other	0.0421262920177191
ENSDARG00000057986	0.5859979473310749	74	other	0.006427516720229306
ENSDARG00000057987	1.077508078385401	40	other	0.0034743333622861113
ENSDARG00000057997	0.3471660935865926	71	other	0.006166941718057848
ENSDARG00000058000	0.67091337697797	6	other	5.211500043429167e-4
ENSDARG00000058003	1.1233985624426033	1752	high zero count	0.15217580126813168
ENSDARG00000058004	-0.14037355798542117	1279	high zero count	0.11109180925909841
ENSDARG00000058005	0.4186770274581652	376	other	0.032658733605489446
ENSDARG00000058008	0.46275522901985283	1506	high zero count	0.1308086510900721
ENSDARG00000058022	0.9564185296402996	757	other	0.06575175888126465
ENSDARG00000058030	0.960989822513727	75	other	0.006514375054286459
ENSDARG00000058032	0.35715627190766286	778	other	0.06757578389646486
ENSDARG00000058038	-0.007426167347980796	506	other	0.04395031703291931
ENSDARG00000058039	0.4474678634278868	1401	high zero count	0.12168852601407106
ENSDARG00000058041	1.7530723650171902	76	other	0.006601233388343611
ENSDARG00000058042	-0.19270380599992074	1347	high zero count	0.1169981759749848
ENSDARG00000058044	1.7981500443658833	5	other	4.342916702857639e-4
ENSDARG00000058045	-0.09583357325927523	1909	high zero count	0.16581255971510467
ENSDARG00000058047	1.188563614902331	72	other	0.006253800052115
ENSDARG00000058050	-0.23380862675268874	1171	high zero count	0.10171110918092591
ENSDARG00000058053	0.17660237803247333	2420	high zero count	0.21019716841830974
ENSDARG00000058062	1.200117945464984	90	other	0.007817250065143751
ENSDARG00000058076	0.8107115123958787	135	other	0.011725875097715626
ENSDARG00000058079	0.8847706379272325	605	other	0.052549292104577434
ENSDARG00000058088	0.5071873802152863	75	other	0.006514375054286459
ENSDARG00000058089	0.7577660095927881	49	other	0.004256058368800487
ENSDARG00000058094	1.1568104978099782	203	other	0.017632241813602016
ENSDARG00000058102	0.14679422944839415	41	other	0.0035611916963432643
ENSDARG00000058105	3.689703794558726	2	other	1.7371666811430558e-4
ENSDARG00000058108	-0.06885915336128522	866	other	0.0752193172934943
ENSDARG00000058114	0.2753481012519675	1392	high zero count	0.12090680100755667
ENSDARG00000058115	0.6619343496630861	115	other	0.00998870841657257
ENSDARG00000058117	1.045296509569034	1965	high zero count	0.17067662642230522
ENSDARG00000058127	-0.19849933781065332	962	other	0.08355771736298098
ENSDARG00000058128	1.1600770780971323	6	other	5.211500043429167e-4
ENSDARG00000058133	0.04630612614814004	1261	high zero count	0.10952835924606966
ENSDARG00000058148	1.5744599116561313	3	other	2.6057500217145836e-4
ENSDARG00000058154	-0.13419965965942135	621	other	0.053939025449491876
ENSDARG00000058158	0.2645008840937512	1823	high zero count	0.15834274298618953
ENSDARG00000058159	0.48651978792693845	238	other	0.02067228350560236
ENSDARG00000058178	0.4142360168492463	383	other	0.03326674194388952
ENSDARG00000058179	0.641749529453805	309	other	0.02683922522366021
ENSDARG00000058203	0.6439638781223351	4	other	3.4743333622861116e-4
ENSDARG00000058206	0.6625303749227799	365	other	0.031703291930860765
ENSDARG00000058208	0.4036887850869482	830	other	0.07209241726743681
ENSDARG00000058212	0.5604041741665698	34	other	0.0029531833579431945
ENSDARG00000058219	-0.085081267556755	2243	high zero count	0.19482324329019368
ENSDARG00000058220	1.1216992104373529	81	other	0.007035525058629376
ENSDARG00000058221	0.06176670332628127	528	other	0.04586120038217667
ENSDARG00000058225	1.0931444414357172	23	other	0.001997741683314514
ENSDARG00000058226	0.7351443903280923	704	other	0.06114826717623556
ENSDARG00000058230	0.7811672806193356	21	other	0.0018240250152002084
ENSDARG00000058231	0.6855649923967594	509	other	0.044210892035090765
ENSDARG00000058232	0.28966158865709357	182	other	0.015808216798401806
ENSDARG00000058243	0.6897415891124532	597	other	0.05185442543212021
ENSDARG00000058256	0.11526942008468805	165	other	0.01433162511943021
ENSDARG00000058257	0.710721613805458	935	other	0.08121254234343785
ENSDARG00000058259	0.49587411919950647	142	other	0.012333883436115696
ENSDARG00000058260	0.26952246903489385	1622	high zero count	0.14088421784070182
ENSDARG00000058267	0.41246091762696446	633	other	0.054981325458177716
ENSDARG00000058270	0.5405580239779919	410	other	0.03561191696343264
ENSDARG00000058280	-0.1120964262471404	1546	high zero count	0.1342829844523582
ENSDARG00000058284	-0.19176580651204742	1918	high zero count	0.16659428472161905
ENSDARG00000058287	0.29946980136891854	265	other	0.023017458525145487
ENSDARG00000058292	1.061422074951884	429	other	0.037262225310518544
ENSDARG00000058297	1.3872950379524491	43	other	0.00373490836445757
ENSDARG00000058302	1.56782452859344	157	other	0.013636758446972987
ENSDARG00000058306	1.0075875230992355	657	other	0.05706592547554938
ENSDARG00000058318	0.22768426576361264	300	other	0.026057500217145837
ENSDARG00000058319	0.05858552167057081	430	other	0.0373490836445757
ENSDARG00000058322	0.5376262908473406	513	other	0.04455832537131938
ENSDARG00000058325	3.661949297038961e-4	125	other	0.010857291757144097
ENSDARG00000058327	0.5692945291778653	462	other	0.040128550334404586
ENSDARG00000058328	1.6770550337394954	50	other	0.004342916702857639
ENSDARG00000058346	0.1052137184216737	109	other	0.009467558412229654
ENSDARG00000058348	0.5706365417208288	1213	high zero count	0.10535915921132633
ENSDARG00000058349	1.1048557449543257	90	other	0.007817250065143751
ENSDARG00000058352	0.024655429885942572	1230	high zero count	0.10683575089029793
ENSDARG00000058354	1.6390129454832676	74	other	0.006427516720229306
ENSDARG00000058358	2.540740124421721	7	other	6.080083384000695e-4
ENSDARG00000058365	0.42847859905788105	91	other	0.007904108399200903
ENSDARG00000058366	0.7372465568102674	455	other	0.039520541996004514
ENSDARG00000058367	-0.13303233900650835	963	other	0.08364457569703813
ENSDARG00000058369	1.2661407457760323	71	other	0.006166941718057848
ENSDARG00000058371	2.229613293701964	79	other	0.0068618083905150696
ENSDARG00000058372	-0.010208041943811497	1579	high zero count	0.13714930947624424
ENSDARG00000058379	0.26442310744207853	779	other	0.06766264223052201
ENSDARG00000058381	0.8823525007419641	114	other	0.009901850082515417
ENSDARG00000058389	0.1792196350670671	3181	high zero count	0.276296360635803
ENSDARG00000058394	0.2472074329752391	16	other	0.0013897333449144446
ENSDARG00000058409	0.5410812241008703	1217	high zero count	0.10570659254755493
ENSDARG00000058419	1.266848787259117	428	other	0.03717536697646139
ENSDARG00000058425	0.6713902228230204	38	other	0.0033006166941718057
ENSDARG00000058444	1.5630568289974482	52	other	0.004516633370971945
ENSDARG00000058448	-0.08907466556459208	203	other	0.017632241813602016
ENSDARG00000058451	3.5930464490377356	1	other	8.685833405715279e-5
ENSDARG00000058452	0.913974304944233	22	other	0.0019108833492573613
ENSDARG00000058454	2.332302556278403	9	other	7.81725006514375e-4
ENSDARG00000058459	0.1960855314866675	1286	high zero count	0.11169981759749847
ENSDARG00000058461	0.16185229241182356	485	other	0.0421262920177191
ENSDARG00000058463	1.619843255899082	95	other	0.008251541735429515
ENSDARG00000058467	0.7883527402718377	14	other	0.001216016676800139
ENSDARG00000058471	1.0030817215173735	172	other	0.01493963345783028
ENSDARG00000058479	1.395063970574979	472	other	0.040997133674976115
ENSDARG00000058480	0.15633160798180565	131	other	0.011378441761487015
ENSDARG00000058494	0.5582623910562096	571	other	0.04959610874663424
ENSDARG00000058504	0.9422615150893369	166	other	0.014418483453487362
ENSDARG00000058522	-0.029299048680430893	143	other	0.012420741770172848
ENSDARG00000058528	0.22114784126348183	464	other	0.04030226700251889
ENSDARG00000058533	0.08890723911804659	72	other	0.006253800052115
ENSDARG00000058538	0.25948098579927803	228	other	0.019803700165030833
ENSDARG00000058543	0.47536236088633027	50	other	0.004342916702857639
ENSDARG00000058548	0.5380439503926444	863	other	0.07495874229132285
ENSDARG00000058551	0.6260855205632979	462	other	0.040128550334404586
ENSDARG00000058553	0.2891682520294788	1361	high zero count	0.11821419265178494
ENSDARG00000058560	1.0637351139179194	22	other	0.0019108833492573613
ENSDARG00000058563	0.0939887891033303	1414	high zero count	0.12281768435681403
ENSDARG00000058566	0.08370443683390191	3556	high zero count	0.3088682359072353
ENSDARG00000058574	0.41967567858459803	464	other	0.04030226700251889
ENSDARG00000058585	-0.05317049168357033	3026	high zero count	0.26283331885694433
ENSDARG00000058593	1.3804107169100406	105	other	0.009120125076001042
ENSDARG00000058597	0.9818614433373529	16	other	0.0013897333449144446
ENSDARG00000058601	0.17905208081527943	3743	high zero count	0.32511074437592286
ENSDARG00000058605	0.16253147618531638	732	other	0.06358030052983583
ENSDARG00000058606	1.2258088835945546	1166	high zero count	0.10127681751064015
ENSDARG00000058630	-0.1406135049025901	145	other	0.012594458438287154
ENSDARG00000058638	-0.20863290012687172	690	other	0.05993225049943542
ENSDARG00000058644	-0.07193739171210778	1487	high zero count	0.12915834274298618
ENSDARG00000058646	0.5027953202784003	924	other	0.08025710066880917
ENSDARG00000058647	1.4560497230814868	191	other	0.016589941804916183
ENSDARG00000058650	0.6218908230813135	249	other	0.021627725180231042
ENSDARG00000058656	0.9433107349028507	433	other	0.03760965864674715
ENSDARG00000058660	0.7084069745774837	3	other	2.6057500217145836e-4
ENSDARG00000058666	0.37714674816044497	405	other	0.03517762529314688
ENSDARG00000058679	0.21982432685961897	167	other	0.014505341787544515
ENSDARG00000058690	-0.17555951246360582	943	other	0.08190740901589508
ENSDARG00000058693	1.3308654372554882	5	other	4.342916702857639e-4
ENSDARG00000058696	1.4114811431873475	80	other	0.006948666724572223
ENSDARG00000058699	0.9459997505752564	348	other	0.030226700251889168
ENSDARG00000058710	0.11743292222815661	539	other	0.04681664205680535
ENSDARG00000058719	-0.22393076398532594	830	other	0.07209241726743681
ENSDARG00000058724	0.7213819778502927	1086	high zero count	0.09432815078606792
ENSDARG00000058728	0.4327731567251515	2407	high zero count	0.20906801007556675
ENSDARG00000058729	1.4334215200664375	10	other	8.685833405715278e-4
ENSDARG00000058730	0.5702285639586973	324	other	0.028142100234517502
ENSDARG00000058731	0.7695617186948224	483	other	0.041952575349604795
ENSDARG00000058732	0.8540118960276889	1559	high zero count	0.1354121427951012
ENSDARG00000058733	-0.10452976818363188	2173	high zero count	0.188743159906193
ENSDARG00000058734	0.6884984587660485	80	other	0.006948666724572223
ENSDARG00000058736	-0.08422220788353735	1419	high zero count	0.1232519760270998
ENSDARG00000058740	0.1322986027059503	2191	high zero count	0.19030660991922174
ENSDARG00000058746	0.4595656422486184	32	other	0.0027794666898288893
ENSDARG00000058753	-0.10907201827432438	1980	high zero count	0.1719795014331625
ENSDARG00000058771	-0.1642556376221459	1229	high zero count	0.10674889255624077
ENSDARG00000058782	-0.2688383995072854	1057	high zero count	0.09180925909841049
ENSDARG00000058800	-0.020023583123704763	1577	high zero count	0.13697559280812993
ENSDARG00000058801	0.5274635755934385	71	other	0.006166941718057848
ENSDARG00000058803	0.25089122507896544	784	other	0.06809693390080779
ENSDARG00000058806	0.32221988370158083	320	other	0.02779466689828889
ENSDARG00000058815	-0.15836241509765822	2590	high zero count	0.22496308520802571
ENSDARG00000058818	0.830052143444376	69	other	0.005993225049943542
ENSDARG00000058819	0.1535916793673435	1289	high zero count	0.11196039259966994
ENSDARG00000058820	0.18753577112031902	599	other	0.052028142100234515
ENSDARG00000058821	0.3024822717349673	328	other	0.028489533570746114
ENSDARG00000058824	1.047287262004188	181	other	0.015721358464344654
ENSDARG00000058828	-0.009338104309249471	330	other	0.02866325023886042
ENSDARG00000058830	0.641685923553766	207	other	0.017979675149830628
ENSDARG00000058835	-0.04464735510418352	2652	high zero count	0.23034830191956918
ENSDARG00000058839	0.23247184228006623	1419	high zero count	0.1232519760270998
ENSDARG00000058853	0.1537876462230497	353	other	0.030660991922174932
ENSDARG00000058857	0.4666422500352645	230	other	0.01997741683314514
ENSDARG00000058861	0.8309956576173739	40	other	0.0034743333622861113
ENSDARG00000058865	0.016733127359182916	1577	high zero count	0.13697559280812993
ENSDARG00000058868	1.2078515378538461	20	other	0.0017371666811430556
ENSDARG00000058876	-0.07629364026788632	1749	high zero count	0.1519152262659602
ENSDARG00000058893	0.18657783431086103	1297	high zero count	0.11265525927212716
ENSDARG00000058939	0.04460152523233927	82	other	0.007122383392686529
ENSDARG00000058940	0.04055015833035278	2062	high zero count	0.17910188482584904
ENSDARG00000058946	0.2566986104598423	2768	high zero count	0.2404238686701989
ENSDARG00000058958	-0.12282005591997867	2059	high zero count	0.17884130982367757
ENSDARG00000058962	0.6954998949458993	606	other	0.05263615043863459
ENSDARG00000058964	0.010897896743378006	850	other	0.07382958394857987
ENSDARG00000058966	0.42306414543200827	1224	high zero count	0.10631460088595501
ENSDARG00000058968	0.5508865256671797	275	other	0.023886041865717016
ENSDARG00000058969	0.7722102322080792	467	other	0.04056284200469035
ENSDARG00000058978	-0.012703549691103103	2535	high zero count	0.2201858768348823
ENSDARG00000058984	0.039181793431544	703	other	0.06106140884217841
ENSDARG00000058992	1.0233347422152137	74	other	0.006427516720229306
ENSDARG00000058993	0.20202198840947158	40	other	0.0034743333622861113
ENSDARG00000058996	0.42255295797803183	412	other	0.035785633631546944
ENSDARG00000059001	0.6649757943142024	648	other	0.056284200469035005
ENSDARG00000059003	-0.05039843563414966	871	other	0.07565360896378008
ENSDARG00000059006	0.4876663275615048	36	other	0.0031269000260575
ENSDARG00000059028	0.05472719962954461	1451	high zero count	0.12603144271692868
ENSDARG00000059035	1.1997958130413295	63	other	0.0054720750456006256
ENSDARG00000059046	0.4088103871130212	133	other	0.01155215842960132
ENSDARG00000059049	-0.023678132698094292	356	other	0.030921566924346392
ENSDARG00000059053	0.6328951361798113	542	other	0.04707721705897681
ENSDARG00000059054	0.5432483329864042	2977	high zero count	0.25857726048814383
ENSDARG00000059057	0.7827082100651552	1475	high zero count	0.12811604273430036
ENSDARG00000059060	0.10014067610544303	314	other	0.027273516893945974
ENSDARG00000059070	1.729430722238077	16	other	0.0013897333449144446
ENSDARG00000059073	0.15810214422000202	3710	high zero count	0.32224441935203685
ENSDARG00000059075	0.8649816656589067	219	other	0.01902197515851646
ENSDARG00000059079	0.9983146805189942	21	other	0.0018240250152002084
ENSDARG00000059083	0.37114469947792683	538	other	0.0467297837227482
ENSDARG00000059093	0.09233901497339035	1009	other	0.08764005906366716
ENSDARG00000059097	0.8437316960788394	61	other	0.0052983583774863195
ENSDARG00000059109	1.0286717077155274	156	other	0.013549900112915835
ENSDARG00000059123	1.2343668049055858	456	other	0.039607400330061666
ENSDARG00000059125	0.7408768354730774	13	other	0.0011291583427429862
ENSDARG00000059128	2.2155515360687104	13	other	0.0011291583427429862
ENSDARG00000059131	-0.023352590697510847	1910	high zero count	0.1658994180491618
ENSDARG00000059150	0.3128070845362708	916	other	0.07956223399635196
ENSDARG00000059175	0.27927550471215173	842	other	0.07313471727612264
ENSDARG00000059177	0.984128353382295	98	other	0.008512116737600973
ENSDARG00000059212	0.39087391720226977	231	other	0.020064275167202293
ENSDARG00000059227	1.2121185890139254	841	other	0.07304785894206549
ENSDARG00000059231	0.3951504357514803	125	other	0.010857291757144097
ENSDARG00000059234	1.0347319236611765	489	other	0.04247372535394771
ENSDARG00000059235	0.6445388158215197	1365	high zero count	0.11856162598801355
ENSDARG00000059244	0.512344216694912	900	other	0.07817250065143751
ENSDARG00000059246	0.9851896268293127	58	other	0.005037783375314861
ENSDARG00000059247	0.21423052756430835	1266	high zero count	0.10996265091635543
ENSDARG00000059255	-0.07196974713882547	664	other	0.057673933813949446
ENSDARG00000059259	1.1453869141002802	126	other	0.010944150091201251
ENSDARG00000059263	0.04664440550974756	1670	high zero count	0.14505341787544515
ENSDARG00000059267	0.04229639802229229	2904	high zero count	0.2522366021019717
ENSDARG00000059274	0.0666338453926791	857	other	0.07443759228697994
ENSDARG00000059276	-0.10724155232460213	1549	high zero count	0.13454355945452967
ENSDARG00000059279	1.4139927662872942	180	other	0.015634500130287502
ENSDARG00000059280	0.026360063601323848	1191	high zero count	0.10344827586206896
ENSDARG00000059287	0.28235859851260114	3350	high zero count	0.29097541909146185
ENSDARG00000059298	1.5447958253559941	106	other	0.009206983410058196
ENSDARG00000059303	1.9840584825735483	4	other	3.4743333622861116e-4
ENSDARG00000059304	1.5018515175895661	42	other	0.003648050030400417
ENSDARG00000059305	0.4362235444273429	1161	high zero count	0.10084252584035439
ENSDARG00000059308	0.7760424618220073	467	other	0.04056284200469035
ENSDARG00000059311	0.5845572937960826	622	other	0.054025883783549035
ENSDARG00000059322	0.11411511390158141	248	other	0.02154086684617389
ENSDARG00000059323	1.9556198735308015	6	other	5.211500043429167e-4
ENSDARG00000059327	0.3716703639370775	207	other	0.017979675149830628
ENSDARG00000059333	0.14389769055835233	353	other	0.030660991922174932
ENSDARG00000059337	1.1317071454827095	15	other	0.0013028750108572918
ENSDARG00000059340	-0.16803946597282512	1411	high zero count	0.12255710935464258
ENSDARG00000059347	-0.13658620083529255	1077	high zero count	0.09354642577955355
ENSDARG00000059351	0.1408887958595984	1494	high zero count	0.12976635108138626
ENSDARG00000059354	0.6941387270181493	931	other	0.08086510900720924
ENSDARG00000059357	1.427538236784883	28	other	0.002432033353600278
ENSDARG00000059360	1.6043546020328532	1	other	8.685833405715279e-5
ENSDARG00000059362	0.07790422279301304	1072	high zero count	0.09311213410926779
ENSDARG00000059365	0.09275265693195785	2359	high zero count	0.20489881004082341
ENSDARG00000059367	1.5209670689231507	281	other	0.024407191870059932
ENSDARG00000059373	1.1655615723388073	27	other	0.002345175019543125
ENSDARG00000059391	1.188065046377292	1915	high zero count	0.16633370971944758
ENSDARG00000059398	1.2800741775243354	12	other	0.0010423000086858334
ENSDARG00000059400	0.44716099212194227	429	other	0.037262225310518544
ENSDARG00000059404	0.033226963553399255	272	other	0.023625466863545556
ENSDARG00000059406	0.15338201381085476	78	other	0.006774950056457917
ENSDARG00000059409	1.0892670496948895	323	other	0.02805524190046035
ENSDARG00000059423	0.41977421086187505	517	other	0.04490575870754799
ENSDARG00000059437	0.2720407097310937	150	other	0.013028750108572918
ENSDARG00000059442	0.7080987089858726	274	other	0.023799183531659863
ENSDARG00000059460	0.30139917066485156	366	other	0.03179015026491792
ENSDARG00000059461	0.4925223991271029	7	other	6.080083384000695e-4
ENSDARG00000059473	-0.11815745894494682	889	other	0.07721705897680882
ENSDARG00000059474	-0.1246255708420595	917	other	0.07964909233040911
ENSDARG00000059475	0.35805703704813135	599	other	0.052028142100234515
ENSDARG00000059483	0.4675912431458574	145	other	0.012594458438287154
ENSDARG00000059485	-0.03529426239146163	3561	high zero count	0.3093025275775211
ENSDARG00000059498	0.9692334947707386	971	other	0.08433944236949535
ENSDARG00000059510	0.2899284563693359	1492	high zero count	0.12959263441327196
ENSDARG00000059529	-0.177939546422587	645	other	0.05602362546686355
ENSDARG00000059534	0.2632769880993328	2803	high zero count	0.24346391036219925
ENSDARG00000059553	0.1227361988853388	16	other	0.0013897333449144446
ENSDARG00000059556	0.23305159058850675	872	other	0.07574046729783723
ENSDARG00000059558	-0.10541047776996597	2267	high zero count	0.19690784330756536
ENSDARG00000059583	0.3810907912134578	1146	high zero count	0.09953965082949709
ENSDARG00000059587	-0.1309152825708229	1484	high zero count	0.12889776774081474
ENSDARG00000059596	0.4708262895048941	140	other	0.01216016676800139
ENSDARG00000059600	0.6452187250173319	89	other	0.007730391731086598
ENSDARG00000059601	0.5058427795001127	213	other	0.018500825154173544
ENSDARG00000059604	0.2669732998949699	50	other	0.004342916702857639
ENSDARG00000059606	0.3069952664696934	348	other	0.030226700251889168
ENSDARG00000059610	0.7009815903732327	784	other	0.06809693390080779
ENSDARG00000059613	0.01434052288207356	213	other	0.018500825154173544
ENSDARG00000059629	0.13739925222735358	1500	high zero count	0.13028750108572917
ENSDARG00000059630	-0.18413966922145447	245	other	0.021280291844002434
ENSDARG00000059634	0.4531186563862044	34	other	0.0029531833579431945
ENSDARG00000059636	-0.16235912160146654	1474	high zero count	0.1280291844002432
ENSDARG00000059642	0.10216211259942509	101	other	0.008772691739772432
ENSDARG00000059646	1.5677858196374401	75	other	0.006514375054286459
ENSDARG00000059653	0.5139558829597146	26	other	0.0022583166854859725
ENSDARG00000059654	2.5855320991442396	1	other	8.685833405715279e-5
ENSDARG00000059657	0.03601185523345131	2246	high zero count	0.19508381829236515
ENSDARG00000059658	1.3396890626129581e-4	3760	high zero count	0.3265873360548945
ENSDARG00000059672	-0.20974088009234354	1097	high zero count	0.0952835924606966
ENSDARG00000059680	1.2972225060948226	20	other	0.0017371666811430556
ENSDARG00000059693	0.25564141494102366	267	other	0.023191175193259795
ENSDARG00000059701	0.6055137343163158	5	other	4.342916702857639e-4
ENSDARG00000059707	0.38694924321003504	65	other	0.005645791713714931
ENSDARG00000059711	0.6052682007544421	44	other	0.0038217666985147225
ENSDARG00000059719	0.4991824721823194	1487	high zero count	0.12915834274298618
ENSDARG00000059722	0.6560777785355519	330	other	0.02866325023886042
ENSDARG00000059725	1.4237309113921532	19	other	0.0016503083470859028
ENSDARG00000059729	0.19810413978291397	1362	high zero count	0.1183010509858421
ENSDARG00000059738	0.3631524913150877	262	other	0.02275688352297403
ENSDARG00000059746	0.7070996656948257	136	other	0.011812733431772778
ENSDARG00000059751	0.751750202784653	304	other	0.026404933553374445
ENSDARG00000059760	0.4154693209998282	834	other	0.07243985060366542
ENSDARG00000059768	1.0612494668854446	40	other	0.0034743333622861113
ENSDARG00000059770	0.5621844847454393	643	other	0.05584990879874924
ENSDARG00000059773	0.09690480147875777	1632	high zero count	0.14175280118127334
ENSDARG00000059774	0.11244867282647109	344	other	0.02987926691566056
ENSDARG00000059775	0.6001372699821741	1843	high zero count	0.16007990966733257
ENSDARG00000059781	0.6354630855187225	199	other	0.017284808477373403
ENSDARG00000059789	0.2686605480027764	1511	high zero count	0.13124294276035786
ENSDARG00000059794	0.12863533779026803	31	other	0.0026926083557717363
ENSDARG00000059804	0.7091905040969426	25	other	0.0021714583514288194
ENSDARG00000059809	0.6957298190996676	60	other	0.005211500043429167
ENSDARG00000059811	-0.027134168458332626	1415	high zero count	0.12290454269087119
ENSDARG00000059812	0.7412683058924541	18	other	0.00156345001302875
ENSDARG00000059815	0.38492094835876456	734	other	0.06375401719795014
ENSDARG00000059816	0.7784153182179818	78	other	0.006774950056457917
ENSDARG00000059826	0.10019074121591756	3508	high zero count	0.304699035872492
ENSDARG00000059832	0.37749184510750783	2513	high zero count	0.21827499348562496
ENSDARG00000059835	0.720211629449294	371	other	0.032224441935203685
ENSDARG00000059836	0.549488166408146	513	other	0.04455832537131938
ENSDARG00000059843	0.8134797883982515	206	other	0.017892816815773472
ENSDARG00000059853	0.6537255447093664	558	other	0.048466950403891255
ENSDARG00000059866	0.2827484333640409	57	other	0.004950925041257708
ENSDARG00000059870	0.26237617534706664	367	other	0.03187700859897507
ENSDARG00000059871	0.5625118413267655	36	other	0.0031269000260575
ENSDARG00000059886	-0.09129799385661154	768	other	0.06670720055589334
ENSDARG00000059902	0.3000645110174449	527	other	0.04577434204811952
ENSDARG00000059906	1.8350916523479521	3	other	2.6057500217145836e-4
ENSDARG00000059908	1.1789051455941795	21	other	0.0018240250152002084
ENSDARG00000059911	0.17749551586292206	185	other	0.016068791800573266
ENSDARG00000059916	-0.11973976608743296	618	other	0.05367845044732042
ENSDARG00000059917	-0.17230511977880433	922	other	0.08008338400069487
ENSDARG00000059919	0.07520871150334611	1154	high zero count	0.1002345175019543
ENSDARG00000059923	0.8134492094269931	320	other	0.02779466689828889
ENSDARG00000059925	0.5268507271092401	224	other	0.019456266828802225
ENSDARG00000059933	1.0006477260759505	71	other	0.006166941718057848
ENSDARG00000059944	0.5022011147726162	563	other	0.048901242074177016
ENSDARG00000059945	0.6803271040882217	201	other	0.01745852514548771
ENSDARG00000059950	0.5712154383282612	221	other	0.019195691826630765
ENSDARG00000059960	0.39885698233329614	2450	high zero count	0.21280291844002433
ENSDARG00000059961	0.6867302780042479	626	other	0.054373317119777644
ENSDARG00000059965	0.2682392874541551	232	other	0.020151133501259445
ENSDARG00000059972	0.1350083791683841	1993	high zero count	0.1731086597759055
ENSDARG00000059978	-0.06505451857526248	361	other	0.031355858594632156
ENSDARG00000059982	-0.03638975011714044	2436	high zero count	0.21158690176322417
ENSDARG00000059983	0.12957647475006545	3636	high zero count	0.3158169026318075
ENSDARG00000059987	-0.20761178059687813	1704	high zero count	0.14800660123338835
ENSDARG00000059993	0.17929916108956764	647	other	0.05619734213497785
ENSDARG00000060001	0.3181693174449509	850	other	0.07382958394857987
ENSDARG00000060002	-0.1781993188228845	681	other	0.05915052549292105
ENSDARG00000060004	1.0843250889621483	76	other	0.006601233388343611
ENSDARG00000060005	0.13775753250920642	1357	high zero count	0.11786675931555633
ENSDARG00000060006	0.38310625474485277	55	other	0.004777208373143403
ENSDARG00000060008	0.08419402298889893	443	other	0.03847824198731868
ENSDARG00000060010	0.40401528536868375	83	other	0.007209241726743681
ENSDARG00000060016	0.5099789971474373	27	other	0.002345175019543125
ENSDARG00000060021	0.05183248465724796	1961	high zero count	0.1703291930860766
ENSDARG00000060023	0.11873329201142915	703	other	0.06106140884217841
ENSDARG00000060027	0.2980629246395622	103	other	0.008946408407886736
ENSDARG00000060029	-0.12702571999645157	678	other	0.05888995049074959
ENSDARG00000060030	0.43744555955404485	27	other	0.002345175019543125
ENSDARG00000060034	0.3885271411025114	647	other	0.05619734213497785
ENSDARG00000060036	0.9544920996287782	20	other	0.0017371666811430556
ENSDARG00000060041	0.5717882473152089	31	other	0.0026926083557717363
ENSDARG00000060054	0.15161704871158585	11	other	9.554416746286806e-4
ENSDARG00000060058	0.1269645184976748	105	other	0.009120125076001042
ENSDARG00000060065	1.8348432322929895	1	other	8.685833405715279e-5
ENSDARG00000060068	-0.1686950951704923	848	other	0.07365586728046557
ENSDARG00000060069	0.29891751252829724	180	other	0.015634500130287502
ENSDARG00000060070	0.6904894765233662	111	other	0.009641275080343958
ENSDARG00000060071	0.3875143975545111	20	other	0.0017371666811430556
ENSDARG00000060089	0.2767781151813415	49	other	0.004256058368800487
ENSDARG00000060093	0.42394150135604014	81	other	0.007035525058629376
ENSDARG00000060101	0.6927555192041622	233	other	0.020237991835316597
ENSDARG00000060102	0.46624428868999407	5	other	4.342916702857639e-4
ENSDARG00000060109	0.1879030466719972	96	other	0.008338400069486667
ENSDARG00000060112	0.45270146874639366	699	other	0.0607139755059498
ENSDARG00000060113	1.1450860807439385	300	other	0.026057500217145837
ENSDARG00000060115	0.3206303003939806	222	other	0.019282550160687917
ENSDARG00000060120	0.20706414244428253	793	other	0.06887865890732216
ENSDARG00000060123	-0.12520850082729995	325	other	0.028228958568574655
ENSDARG00000060126	0.06829457114938478	1042	other	0.0905063840875532
ENSDARG00000060148	0.17929296177174084	312	other	0.02709980022583167
ENSDARG00000060149	0.11139893778719409	786	other	0.06827065056892209
ENSDARG00000060150	0.9766365546436591	10	other	8.685833405715278e-4
ENSDARG00000060153	0.23682295458573085	375	other	0.03257187527143229
ENSDARG00000060169	-0.1338621091798493	1198	high zero count	0.10405628420046903
ENSDARG00000060176	-0.2623053414388309	364	other	0.03161643359680361
ENSDARG00000060184	0.547467700110381	122	other	0.010596716754972639
ENSDARG00000060197	0.023348772807365522	1036	other	0.08998523408321028
ENSDARG00000060199	0.700304501458982	38	other	0.0033006166941718057
ENSDARG00000060200	0.675854366557308	1506	high zero count	0.1308086510900721
ENSDARG00000060207	0.3940271853928321	789	other	0.06853122557109355
ENSDARG00000060215	0.18383567199937922	65	other	0.005645791713714931
ENSDARG00000060238	0.4671765741397106	24	other	0.002084600017371667
ENSDARG00000060243	-0.10250300686581076	634	other	0.05506818379223487
ENSDARG00000060246	0.36919920425500463	296	other	0.025710066880917225
ENSDARG00000060253	-0.06110469885369175	388	other	0.03370103361417528
ENSDARG00000060256	-0.07765762887297945	939	other	0.08155997567966647
ENSDARG00000060257	0.6944040629300022	2232	high zero count	0.19386780161556502
ENSDARG00000060263	0.1485808998298055	230	other	0.01997741683314514
ENSDARG00000060264	0.7119490674999583	203	other	0.017632241813602016
ENSDARG00000060280	0.0053831821773310026	918	other	0.07973595066446626
ENSDARG00000060282	0.7314931779240196	126	other	0.010944150091201251
ENSDARG00000060288	0.6876406640537528	1871	high zero count	0.16251194302093286
ENSDARG00000060297	0.09388368692410963	43	other	0.00373490836445757
ENSDARG00000060298	0.009332025201818996	21	other	0.0018240250152002084
ENSDARG00000060306	1.020689419864686	16	other	0.0013897333449144446
ENSDARG00000060308	0.5857034961775887	16	other	0.0013897333449144446
ENSDARG00000060309	0.24495922557751124	203	other	0.017632241813602016
ENSDARG00000060312	0.16193955303066898	659	other	0.057239642143663685
ENSDARG00000060316	0.49328882776550487	848	other	0.07365586728046557
ENSDARG00000060319	0.053153637974479445	1132	high zero count	0.09832363415269695
ENSDARG00000060320	0.7228939810163322	36	other	0.0031269000260575
ENSDARG00000060326	0.49114503794860187	1350	high zero count	0.11725875097715625
ENSDARG00000060338	-0.1768696100668474	816	other	0.07087640059063667
ENSDARG00000060348	-0.26779757966755313	491	other	0.04264744202206202
ENSDARG00000060361	-0.24315156530006798	1049	high zero count	0.09111439242595328
ENSDARG00000060362	0.5028729677854424	1061	high zero count	0.0921566924346391
ENSDARG00000060366	0.012313918499598137	1193	high zero count	0.10362199253018327
ENSDARG00000060368	0.4575515878676613	557	other	0.0483800920698341
ENSDARG00000060374	-0.1087354744753997	1123	high zero count	0.09754190914618258
ENSDARG00000060380	0.7718601960295068	72	other	0.006253800052115
ENSDARG00000060383	0.04622730140282775	1234	high zero count	0.10718318422652653
ENSDARG00000060390	0.7257935458857449	55	other	0.004777208373143403
ENSDARG00000060392	0.5301454146846449	3472	high zero count	0.30157213584643444
ENSDARG00000060394	0.1727813311177342	928	other	0.08060453400503778
ENSDARG00000060395	0.21030134952581434	350	other	0.030400416920003476
ENSDARG00000060397	0.5878545522528492	317	other	0.027534091896117434
ENSDARG00000060410	-0.2007290593133085	886	other	0.07695648397463736
ENSDARG00000060411	0.0413598957870476	750	other	0.06514375054286459
ENSDARG00000060415	-0.05303309259857332	46	other	0.003995483366629028
ENSDARG00000060430	0.29495632547125694	207	other	0.017979675149830628
ENSDARG00000060434	0.751449877110159	275	other	0.023886041865717016
ENSDARG00000060438	0.5477557675973854	158	other	0.013723616781030139
ENSDARG00000060442	0.45909520991405994	8	other	6.948666724572223e-4
ENSDARG00000060445	0.07809633138487648	160	other	0.013897333449144445
ENSDARG00000060457	0.9567428276656417	240	other	0.02084600017371667
ENSDARG00000060469	0.4279546991942442	665	other	0.0577607921480066
ENSDARG00000060477	0.21157242013109967	279	other	0.024233475201945628
ENSDARG00000060489	1.2515778295193385	114	other	0.009901850082515417
ENSDARG00000060494	1.4698438754060619	5	other	4.342916702857639e-4
ENSDARG00000060500	0.07164684331632044	1793	high zero count	0.15573699296447494
ENSDARG00000060501	0.05061035037277504	824	other	0.07157126726309389
ENSDARG00000060506	0.5866011813729567	253	other	0.021975158516459654
ENSDARG00000060510	0.49798154628410696	2	other	1.7371666811430558e-4
ENSDARG00000060512	0.9688039648642659	791	other	0.06870494223920785
ENSDARG00000060515	0.8125123378596566	690	other	0.05993225049943542
ENSDARG00000060518	-0.1499754438353996	1884	high zero count	0.16364110136367585
ENSDARG00000060521	0.0604422749542089	840	other	0.07296100060800834
ENSDARG00000060522	-0.030943946138554515	1372	high zero count	0.11916963432641361
ENSDARG00000060532	0.11058383492878075	267	other	0.023191175193259795
ENSDARG00000060534	0.13004781988266145	666	other	0.05784765048206376
ENSDARG00000060537	0.7847448499418694	184	other	0.01598193346651611
ENSDARG00000060542	0.5380786968395492	228	other	0.019803700165030833
ENSDARG00000060549	-0.22864882541807757	1156	high zero count	0.10040823417006862
ENSDARG00000060554	0.3342814971690623	490	other	0.04256058368800487
ENSDARG00000060559	0.10060659443459077	727	other	0.06314600885955007
ENSDARG00000060564	-0.14994800252339355	1136	high zero count	0.09867106748892557
ENSDARG00000060569	0.5464853087977636	1630	high zero count	0.14157908451315904
ENSDARG00000060580	0.35554116133114605	94	other	0.008164683401372361
ENSDARG00000060586	0.804070071603302	28	other	0.002432033353600278
ENSDARG00000060594	1.2387204768592848	33	other	0.002866325023886042
ENSDARG00000060596	0.28016563753598506	60	other	0.005211500043429167
ENSDARG00000060610	-0.10937509713663372	460	other	0.03995483366629028
ENSDARG00000060626	-0.05338858184208898	222	other	0.019282550160687917
ENSDARG00000060631	0.2895789941229974	2642	high zero count	0.22947971857899765
ENSDARG00000060633	0.25502631156710087	310	other	0.026926083557717362
ENSDARG00000060637	0.5995428113936554	178	other	0.015460783462173196
ENSDARG00000060638	-0.15817573988672273	1452	high zero count	0.12611830105098584
ENSDARG00000060639	0.6567844027155212	485	other	0.0421262920177191
ENSDARG00000060646	0.5125697450505975	1044	other	0.0906801007556675
ENSDARG00000060655	0.182161199924013	411	other	0.03569877529748979
ENSDARG00000060656	0.10324264198805914	3148	high zero count	0.273430035611917
ENSDARG00000060662	0.6007142873619641	1581	high zero count	0.13732302614435854
ENSDARG00000060678	-0.03736290734741571	3551	high zero count	0.30843394423694953
ENSDARG00000060679	1.4841186556379287	2	other	1.7371666811430558e-4
ENSDARG00000060682	1.433016674816942	320	other	0.02779466689828889
ENSDARG00000060683	-0.16519995800897555	1049	high zero count	0.09111439242595328
ENSDARG00000060687	0.8109755848056431	14	other	0.001216016676800139
ENSDARG00000060695	1.424819991557962	6	other	5.211500043429167e-4
ENSDARG00000060697	0.787754958266387	3	other	2.6057500217145836e-4
ENSDARG00000060705	-0.15158408881802332	974	other	0.08460001737166681
ENSDARG00000060711	0.5265256894963292	291	other	0.02527577521063146
ENSDARG00000060716	0.39719480394165413	220	other	0.019108833492573613
ENSDARG00000060723	0.03699089711282507	22	other	0.0019108833492573613
ENSDARG00000060725	0.23571866048336154	405	other	0.03517762529314688
ENSDARG00000060729	0.4922915516653113	61	other	0.0052983583774863195
ENSDARG00000060734	0.6838331514119752	271	other	0.023538608529488404
ENSDARG00000060748	0.32479455568640836	705	other	0.06123512551029271
ENSDARG00000060751	0.5185561869295081	148	other	0.012855033440458612
ENSDARG00000060753	0.0034936394005056974	572	other	0.04968296708069139
ENSDARG00000060756	0.4484545164444915	246	other	0.021367150178059586
ENSDARG00000060758	0.16532490020580773	333	other	0.02892382524103188
ENSDARG00000060767	0.21737983233847477	6	other	5.211500043429167e-4
ENSDARG00000060768	-0.0019104431205212683	122	other	0.010596716754972639
ENSDARG00000060771	0.6462937373071093	17	other	0.0014765916789715972
ENSDARG00000060783	-0.04928361585960356	357	other	0.031008425258403544
ENSDARG00000060785	0.28107723505648735	366	other	0.03179015026491792
ENSDARG00000060796	0.7665985788546188	40	other	0.0034743333622861113
ENSDARG00000060797	0.35666714987755177	326	other	0.028315816902631807
ENSDARG00000060805	0.24180195531563695	73	other	0.006340658386172153
ENSDARG00000060813	-0.114328656098521	519	other	0.045079475375662294
ENSDARG00000060830	-0.08434944297700109	547	other	0.047511508729262575
ENSDARG00000060835	0.17160942065672247	365	other	0.031703291930860765
ENSDARG00000060837	-0.1920662907368522	1624	high zero count	0.14105793450881612
ENSDARG00000060838	0.5971367875681108	802	other	0.06966038391383653
ENSDARG00000060841	0.38799966726759044	76	other	0.006601233388343611
ENSDARG00000060847	0.21191615381899245	309	other	0.02683922522366021
ENSDARG00000060849	0.17001884683101556	35	other	0.0030400416920003475
ENSDARG00000060853	1.6119124295969525	5	other	4.342916702857639e-4
ENSDARG00000060854	0.059169201540316865	829	other	0.07200555893337966
ENSDARG00000060861	-0.23017134266956854	1594	high zero count	0.13845218448710153
ENSDARG00000060862	1.267997767465429	683	other	0.05932424216103535
ENSDARG00000060868	0.4078152314112426	479	other	0.04160514201337619
ENSDARG00000060871	0.494839681071703	590	other	0.051246417093720145
ENSDARG00000060885	0.4580366247821263	2874	high zero count	0.2496308520802571
ENSDARG00000060900	0.4484586464748538	273	other	0.02371232519760271
ENSDARG00000060911	-0.028606212631222344	1439	high zero count	0.12498914270824285
ENSDARG00000060915	0.009191820763800885	456	other	0.039607400330061666
ENSDARG00000060917	0.3340124416703087	103	other	0.008946408407886736
ENSDARG00000060921	0.5585013754567515	63	other	0.0054720750456006256
ENSDARG00000060922	0.4982184947835556	416	other	0.03613306696777556
ENSDARG00000060927	0.20258252465084195	686	other	0.05958481716320681
ENSDARG00000060929	0.6643356735124438	23	other	0.001997741683314514
ENSDARG00000060937	0.2967168384216323	24	other	0.002084600017371667
ENSDARG00000060941	-0.14055143010283655	954	other	0.08286285069052375
ENSDARG00000060948	0.09758613861435612	792	other	0.068791800573265
ENSDARG00000060951	-2.4265054103164062e-4	155	other	0.013463041778858681
ENSDARG00000060953	0.4204863357524164	1459	high zero count	0.12672630938938592
ENSDARG00000060954	0.3653174538619283	317	other	0.027534091896117434
ENSDARG00000060962	0.3203307623710524	1262	high zero count	0.10961521758012681
ENSDARG00000060977	0.6030759059643725	125	other	0.010857291757144097
ENSDARG00000060978	0.39168658432377823	102	other	0.008859550073829584
ENSDARG00000060980	-0.12188824822496266	1043	other	0.09059324242161035
ENSDARG00000060983	-0.06388913205793999	404	other	0.03509076695908973
ENSDARG00000060987	0.13733525552049367	1208	high zero count	0.10492486754104056
ENSDARG00000060991	0.3315025095476163	169	other	0.01467905845565882
ENSDARG00000060992	-0.10681435143842839	1699	high zero count	0.14757230956310258
ENSDARG00000060994	-0.21806547306863805	186	other	0.01615565013463042
ENSDARG00000061004	0.37295565781838014	2005	high zero count	0.17415095978459133
ENSDARG00000061013	0.4709043511053482	63	other	0.0054720750456006256
ENSDARG00000061014	0.43912681397132936	1650	high zero count	0.14331625119430208
ENSDARG00000061017	0.10020893355732383	151	other	0.01311560844263007
ENSDARG00000061020	0.31305945657611073	52	other	0.004516633370971945
ENSDARG00000061021	0.04981087731738478	162	other	0.014071050117258751
ENSDARG00000061023	0.7750885589141302	385	other	0.03344045861200382
ENSDARG00000061024	0.3221656481339207	71	other	0.006166941718057848
ENSDARG00000061030	-0.08690814707539167	208	other	0.01806653348388778
ENSDARG00000061039	-0.17425647896717641	122	other	0.010596716754972639
ENSDARG00000061040	-0.05148130976144083	113	other	0.009814991748458264
ENSDARG00000061048	0.728045970794236	4	other	3.4743333622861116e-4
ENSDARG00000061051	0.17329874751621882	366	other	0.03179015026491792
ENSDARG00000061052	0.6044959613477032	11	other	9.554416746286806e-4
ENSDARG00000061057	0.1771369607096659	75	other	0.006514375054286459
ENSDARG00000061062	0.7825571053200684	315	other	0.027360375228003126
ENSDARG00000061081	0.0910209516444842	1256	high zero count	0.1090940675757839
ENSDARG00000061093	-0.20149494447399827	809	other	0.0702683922522366
ENSDARG00000061095	-0.024030668110559476	3088	high zero count	0.2682185355684878
ENSDARG00000061096	-0.09818308518686583	716	other	0.06219056718492139
ENSDARG00000061099	0.5123500269122923	214	other	0.018587683488230696
ENSDARG00000061100	1.4673097209131907	12	other	0.0010423000086858334
ENSDARG00000061108	0.7487447531445134	8	other	6.948666724572223e-4
ENSDARG00000061114	0.4755813156662096	170	other	0.014765916789715974
ENSDARG00000061120	0.8510947401474985	27	other	0.002345175019543125
ENSDARG00000061121	0.27651602241101597	78	other	0.006774950056457917
ENSDARG00000061124	1.0144770974112165	13	other	0.0011291583427429862
ENSDARG00000061131	0.1708625359910046	284	other	0.024667766872231392
ENSDARG00000061138	0.16330551070943236	902	other	0.07834621731955181
ENSDARG00000061140	0.3279744123390814	96	other	0.008338400069486667
ENSDARG00000061143	0.5884335083066277	302	other	0.02623121688526014
ENSDARG00000061145	0.3526202012714853	1136	high zero count	0.09867106748892557
ENSDARG00000061147	0.13693032625396076	92	other	0.007990966733258055
ENSDARG00000061159	0.7852738840620387	13	other	0.0011291583427429862
ENSDARG00000061168	0.0025435665289493393	235	other	0.020411708503430905
ENSDARG00000061169	1.158912468308628	4	other	3.4743333622861116e-4
ENSDARG00000061173	0.5064713832816081	67	other	0.005819508381829237
ENSDARG00000061174	0.18901116923616615	343	other	0.029792408581603404
ENSDARG00000061177	0.10941389229377536	3484	high zero count	0.3026144358551203
ENSDARG00000061180	0.2302994409313274	2722	high zero count	0.23642838530356988
ENSDARG00000061187	1.300289290594809	7	other	6.080083384000695e-4
ENSDARG00000061197	0.09896227158529004	409	other	0.03552505862937549
ENSDARG00000061201	0.49975958897909467	952	other	0.08268913402240945
ENSDARG00000061204	0.1754611688370948	27	other	0.002345175019543125
ENSDARG00000061205	0.5171593393915598	170	other	0.014765916789715974
ENSDARG00000061207	0.5100310191706421	27	other	0.002345175019543125
ENSDARG00000061208	0.44815158910925446	163	other	0.014157908451315903
ENSDARG00000061213	-0.02284123251116275	591	other	0.0513332754277773
ENSDARG00000061214	0.9341180753472901	75	other	0.006514375054286459
ENSDARG00000061226	0.9739848772539575	303	other	0.026318075219317293
ENSDARG00000061228	1.411941906570284	64	other	0.005558933379657779
ENSDARG00000061233	1.0060289357490662	1025	other	0.08902979240858161
ENSDARG00000061235	0.89421784352384	202	other	0.017545383479544863
ENSDARG00000061242	2.1518172113778165	1610	high zero count	0.139841917832016
ENSDARG00000061249	0.023705712268784068	887	other	0.07704334230869452
ENSDARG00000061256	0.32202163555336966	97	other	0.00842525840354382
ENSDARG00000061257	0.2254456101301682	2378	high zero count	0.20654911838790932
ENSDARG00000061259	0.07120504630130575	854	other	0.07417701728480848
ENSDARG00000061260	-0.1321323430327119	376	other	0.032658733605489446
ENSDARG00000061272	-0.10563353390461226	614	other	0.05333101711109181
ENSDARG00000061282	0.26322587216737575	477	other	0.041431425345261876
ENSDARG00000061292	-0.04159818246102177	1593	high zero count	0.1383653261530444
ENSDARG00000061294	0.7232668471235317	38	other	0.0033006166941718057
ENSDARG00000061301	0.9665004653696098	439	other	0.03813080865109007
ENSDARG00000061311	0.14379043664021268	320	other	0.02779466689828889
ENSDARG00000061314	-0.07456331739764963	1086	high zero count	0.09432815078606792
ENSDARG00000061328	0.5017447925949017	93	other	0.00807782506731521
ENSDARG00000061335	0.8688611843043681	112	other	0.009728133414401112
ENSDARG00000061338	0.7400090800522354	3	other	2.6057500217145836e-4
ENSDARG00000061345	0.6953744387497754	4	other	3.4743333622861116e-4
ENSDARG00000061348	-0.06568065442048249	2842	high zero count	0.24685138539042822
ENSDARG00000061351	0.9328737121671409	1154	high zero count	0.1002345175019543
ENSDARG00000061352	-0.011563310513500666	226	other	0.01962998349691653
ENSDARG00000061354	-0.1840141948524545	543	other	0.04716407539303396
ENSDARG00000061368	0.10943475213368158	385	other	0.03344045861200382
ENSDARG00000061370	0.005929130050454516	485	other	0.0421262920177191
ENSDARG00000061371	0.12181129905891462	1449	high zero count	0.12585772604881437
ENSDARG00000061373	-0.011939449805008443	148	other	0.012855033440458612
ENSDARG00000061375	0.8655093622593917	35	other	0.0030400416920003475
ENSDARG00000061377	-0.06887538351668657	2908	high zero count	0.2525840354382003
ENSDARG00000061378	0.45957250278718614	1408	high zero count	0.12229653435247112
ENSDARG00000061379	0.13581882212852223	339	other	0.029444975245374795
ENSDARG00000061383	0.0725738005547053	612	other	0.053157300442977506
ENSDARG00000061385	-0.13276574956837064	2097	high zero count	0.18214192651784938
ENSDARG00000061391	0.17757592065993988	1079	high zero count	0.09372014244766785
ENSDARG00000061397	0.274792578522511	1	other	8.685833405715279e-5
ENSDARG00000061400	0.393169262588723	1754	high zero count	0.152349517936246
ENSDARG00000061405	-0.1891452268486469	503	other	0.04368974203074785
ENSDARG00000061411	0.5753417969163935	10	other	8.685833405715278e-4
ENSDARG00000061413	0.4508019727831845	479	other	0.04160514201337619
ENSDARG00000061414	-0.19564285741298465	268	other	0.023278033527316947
ENSDARG00000061417	0.12361319412613893	721	other	0.06262485885520716
ENSDARG00000061421	0.024727044451217237	215	other	0.01867454182228785
ENSDARG00000061424	0.8354354142093571	207	other	0.017979675149830628
ENSDARG00000061432	-0.09084240933064738	1643	high zero count	0.14270824285590203
ENSDARG00000061436	0.7465025482125323	195	other	0.01693737514114479
ENSDARG00000061445	-0.00320127252336439	764	other	0.06635976721966473
ENSDARG00000061450	0.347534239458015	780	other	0.06774950056457917
ENSDARG00000061451	0.23879577071379215	80	other	0.006948666724572223
ENSDARG00000061454	0.0058281591398542535	1701	high zero count	0.14774602623121688
ENSDARG00000061458	0.1637844823617703	72	other	0.006253800052115
ENSDARG00000061459	0.6483175089776799	3	other	2.6057500217145836e-4
ENSDARG00000061468	0.2993275908407817	598	other	0.05194128376617736
ENSDARG00000061472	-0.012954426678459672	69	other	0.005993225049943542
ENSDARG00000061473	0.159844818041664	1937	high zero count	0.16824459306870493
ENSDARG00000061478	0.9661757539420084	23	other	0.001997741683314514
ENSDARG00000061479	-0.24774136377394046	892	other	0.07747763397898029
ENSDARG00000061481	0.03720693978101445	1117	high zero count	0.09702075914183966
ENSDARG00000061486	-0.2605991988034609	1059	high zero count	0.0919829757665248
ENSDARG00000061490	1.0711432824414915	9	other	7.81725006514375e-4
ENSDARG00000061504	0.09647459068999485	1694	high zero count	0.1471380178928168
ENSDARG00000061505	0.6485615929754766	37	other	0.003213758360114653
ENSDARG00000061508	0.10246121084644852	870	other	0.07556675062972293
ENSDARG00000061515	-0.1259425368511266	1800	high zero count	0.15634500130287501
ENSDARG00000061520	-0.19271696870000943	783	other	0.06801007556675064
ENSDARG00000061525	0.9611732832081289	14	other	0.001216016676800139
ENSDARG00000061527	0.7200650103717995	156	other	0.013549900112915835
ENSDARG00000061543	0.4814718563769796	343	other	0.029792408581603404
ENSDARG00000061544	0.7611693740692286	1218	high zero count	0.10579345088161209
ENSDARG00000061547	3.4692172549187936	2261	high zero count	0.19638669330322245
ENSDARG00000061553	0.11932208318627743	478	other	0.04151828367931903
ENSDARG00000061566	0.6569176937292639	343	other	0.029792408581603404
ENSDARG00000061579	0.23128828892547806	79	other	0.0068618083905150696
ENSDARG00000061585	0.02541836203950527	961	other	0.08347085902892383
ENSDARG00000061587	0.6143343562124244	1051	high zero count	0.09128810909406758
ENSDARG00000061590	0.8846716310338316	64	other	0.005558933379657779
ENSDARG00000061591	0.0030206395287846423	224	other	0.019456266828802225
ENSDARG00000061600	0.4820117346806863	165	other	0.01433162511943021
ENSDARG00000061603	0.5462457579778808	420	other	0.03648050030400417
ENSDARG00000061629	0.43767536979825006	1147	high zero count	0.09962650916355424
ENSDARG00000061631	0.21529153836999088	79	other	0.0068618083905150696
ENSDARG00000061635	-0.037108998815844	481	other	0.04177885868149049
ENSDARG00000061640	0.36006841014193974	5	other	4.342916702857639e-4
ENSDARG00000061647	0.4336573486033825	168	other	0.014592200121601668
ENSDARG00000061651	-0.11736583918959302	896	other	0.0778250673152089
ENSDARG00000061654	-0.1331445043629883	1878	high zero count	0.16311995135933294
ENSDARG00000061656	-0.06282836815376774	2789	high zero count	0.24224789368539912
ENSDARG00000061664	0.058976140053268566	311	other	0.027012941891774517
ENSDARG00000061665	0.1595304023433591	2212	high zero count	0.19213063493442195
ENSDARG00000061682	0.09836265073931998	1458	high zero count	0.12663945105532876
ENSDARG00000061684	0.06885359390057373	1728	high zero count	0.15009120125076
ENSDARG00000061687	-0.25602404131685785	716	other	0.06219056718492139
ENSDARG00000061688	0.3649500288417759	99	other	0.008598975071658126
ENSDARG00000061691	0.13588071222616302	525	other	0.045600625380005214
ENSDARG00000061699	-0.07115180930550649	334	other	0.02901068357508903
ENSDARG00000061713	0.21099844955665165	2396	high zero count	0.20811256840093806
ENSDARG00000061714	0.1373997671909956	1459	high zero count	0.12672630938938592
ENSDARG00000061717	-0.04323914953139032	750	other	0.06514375054286459
ENSDARG00000061719	0.3746467514105276	299	other	0.02597064188308868
ENSDARG00000061723	-0.0919996597747971	1176	high zero count	0.10214540085121167
ENSDARG00000061725	-0.10276175540864474	1252	high zero count	0.10874663423955529
ENSDARG00000061728	1.299211163483711	980	other	0.08512116737600973
ENSDARG00000061732	0.3860320792442369	193	other	0.016763658473030487
ENSDARG00000061736	0.019759707005089482	568	other	0.049335533744462784
ENSDARG00000061737	0.3225160774770133	720	other	0.06253800052115001
ENSDARG00000061741	0.42860844367608214	298	other	0.02588378354903153
ENSDARG00000061742	0.6839642790438791	54	other	0.00469035003908625
ENSDARG00000061752	-0.11650835625094351	991	other	0.08607660905063841
ENSDARG00000061757	1.2169990584863855	461	other	0.040041692000347434
ENSDARG00000061759	0.17586567737940678	72	other	0.006253800052115
ENSDARG00000061761	0.06792073332922652	2730	high zero count	0.2371232519760271
ENSDARG00000061763	0.02232655758227358	510	other	0.04429775036914792
ENSDARG00000061764	1.8855521553191181	14	other	0.001216016676800139
ENSDARG00000061770	-0.10944845226023257	2304	high zero count	0.20012160166768
ENSDARG00000061774	1.3664009152210281	235	other	0.020411708503430905
ENSDARG00000061778	0.2266792667095532	1103	high zero count	0.09580474246503952
ENSDARG00000061786	-0.20349833353279753	1238	high zero count	0.10753061756275514
ENSDARG00000061789	-0.06972639394937728	811	other	0.07044210892035091
ENSDARG00000061794	0.99321799791418	21	other	0.0018240250152002084
ENSDARG00000061796	0.2797702018842946	3136	high zero count	0.27238773560323115
ENSDARG00000061798	-0.025413533963991465	276	other	0.023972900199774168
ENSDARG00000061800	0.2177966868008416	407	other	0.03535134196126118
ENSDARG00000061802	0.7422315291003805	24	other	0.002084600017371667
ENSDARG00000061810	1.046848684533814	40	other	0.0034743333622861113
ENSDARG00000061817	0.6198297577818829	722	other	0.06271171718926431
ENSDARG00000061830	0.31198710264405743	1059	high zero count	0.0919829757665248
ENSDARG00000061836	0.14459101432373922	3113	high zero count	0.27038999391991664
ENSDARG00000061841	0.7946055061963087	234	other	0.020324850169373753
ENSDARG00000061844	0.2721064510533209	222	other	0.019282550160687917
ENSDARG00000061845	0.21202061683345919	212	other	0.018413966820116392
ENSDARG00000061848	0.17793342193564085	1240	high zero count	0.10770433423086945
ENSDARG00000061854	1.3337876467454493	61	other	0.0052983583774863195
ENSDARG00000061862	0.6760372569575768	9	other	7.81725006514375e-4
ENSDARG00000061864	0.3310865741986569	57	other	0.004950925041257708
ENSDARG00000061865	0.41183266424513504	64	other	0.005558933379657779
ENSDARG00000061889	0.16709332997245704	2759	high zero count	0.23964214366368453
ENSDARG00000061890	-0.04070631384690807	133	other	0.01155215842960132
ENSDARG00000061895	0.6262996156738168	348	other	0.030226700251889168
ENSDARG00000061899	-0.10152202784059301	2604	high zero count	0.22617910188482584
ENSDARG00000061901	-0.24586931548698862	239	other	0.020759141839659514
ENSDARG00000061904	-0.19000607654759108	847	other	0.0735690089464084
ENSDARG00000061908	0.06064355481165258	339	other	0.029444975245374795
ENSDARG00000061909	0.42505374971310567	241	other	0.02093285850777382
ENSDARG00000061915	0.2169270274232312	3432	high zero count	0.29809780248414836
ENSDARG00000061918	0.6443411880608003	257	other	0.022322591852688266
ENSDARG00000061923	0.9996936155977426	74	other	0.006427516720229306
ENSDARG00000061946	0.16861908767757247	914	other	0.07938851732823765
ENSDARG00000061948	-0.08558940132671214	926	other	0.08043081733692348
ENSDARG00000061951	0.7465663523361582	14	other	0.001216016676800139
ENSDARG00000061952	0.6099819258223105	329	other	0.028576391904803267
ENSDARG00000061960	-0.10462587386914549	438	other	0.03804395031703292
ENSDARG00000061963	0.13744283030046817	829	other	0.07200555893337966
ENSDARG00000061974	0.11545185605510991	977	other	0.08486059237383826
ENSDARG00000061977	0.9860250991084307	65	other	0.005645791713714931
ENSDARG00000061981	0.2024715938037657	476	other	0.04134456701120472
ENSDARG00000061985	0.7058853338928445	649	other	0.05637105880309216
ENSDARG00000061989	0.2617745464885817	1037	other	0.09007209241726744
ENSDARG00000061990	-0.04650813964226735	1942	high zero count	0.1686788847389907
ENSDARG00000061993	0.34771522323154813	176	other	0.01528706679405889
ENSDARG00000061994	-0.05089494037702269	409	other	0.03552505862937549
ENSDARG00000062000	0.3467517958548859	225	other	0.019543125162859377
ENSDARG00000062002	1.0260592000888804	303	other	0.026318075219317293
ENSDARG00000062003	0.5849063435171481	154	other	0.013376183444801529
ENSDARG00000062016	0.20009375377818034	1414	high zero count	0.12281768435681403
ENSDARG00000062019	0.17142875362076238	704	other	0.06114826717623556
ENSDARG00000062020	0.6688981270745135	20	other	0.0017371666811430556
ENSDARG00000062023	-0.10410056170421135	1570	high zero count	0.13636758446972988
ENSDARG00000062025	0.3295775658909867	710	other	0.06166941718057848
ENSDARG00000062042	0.004921708517232395	334	other	0.02901068357508903
ENSDARG00000062045	-0.12133188728318377	258	other	0.02240945018674542
ENSDARG00000062049	0.11062943180480143	2188	high zero count	0.1900460349170503
ENSDARG00000062052	0.21839981173323222	46	other	0.003995483366629028
ENSDARG00000062053	0.4766482451574298	89	other	0.007730391731086598
ENSDARG00000062054	0.7453711336575541	633	other	0.054981325458177716
ENSDARG00000062055	0.388012972535798	53	other	0.004603491705029098
ENSDARG00000062056	0.16695525068350828	415	other	0.03604620863371841
ENSDARG00000062058	1.1155501287048264	1004	other	0.0872057673933814
ENSDARG00000062060	0.31004835888048754	164	other	0.014244766785373057
ENSDARG00000062063	0.6266369666257262	117	other	0.010162425084686877
ENSDARG00000062080	-0.11841406505769234	956	other	0.08303656735863806
ENSDARG00000062081	0.3882312375260332	35	other	0.0030400416920003475
ENSDARG00000062082	0.4155612793350659	320	other	0.02779466689828889
ENSDARG00000062083	0.15558891536498648	1121	high zero count	0.09736819247806827
ENSDARG00000062084	-0.1785327705258963	1532	high zero count	0.13306696777555807
ENSDARG00000062085	0.19877628471804704	883	other	0.0766959089724659
ENSDARG00000062089	0.3963061168422399	101	other	0.008772691739772432
ENSDARG00000062096	0.003119092281603711	1833	high zero count	0.15921132632676105
ENSDARG00000062103	-0.07584509563938684	2684	high zero count	0.23312776860939807
ENSDARG00000062108	0.5801363784159506	1053	high zero count	0.09146182576218188
ENSDARG00000062109	0.23770448112430625	1142	high zero count	0.09919221749326848
ENSDARG00000062116	0.43522181370905094	3256	high zero count	0.28281073569008947
ENSDARG00000062123	0.489042872146679	8	other	6.948666724572223e-4
ENSDARG00000062137	0.7843481385877652	49	other	0.004256058368800487
ENSDARG00000062138	-0.04671262421234348	2074	high zero count	0.18014418483453487
ENSDARG00000062139	0.11656509710956384	927	other	0.08051767567098063
ENSDARG00000062142	0.010501322947261714	938	other	0.08147311734560932
ENSDARG00000062146	0.6067193004225937	74	other	0.006427516720229306
ENSDARG00000062147	-0.0832732227182175	618	other	0.05367845044732042
ENSDARG00000062148	0.5090182329020778	85	other	0.007382958394857987
ENSDARG00000062152	0.622441171512608	15	other	0.0013028750108572918
ENSDARG00000062154	0.4222556375103241	421	other	0.03656735863806132
ENSDARG00000062164	0.06411296416101646	1518	high zero count	0.1318509510987579
ENSDARG00000062165	0.2134497769439546	264	other	0.022930600191088335
ENSDARG00000062173	0.4899815869427083	280	other	0.02432033353600278
ENSDARG00000062174	0.16965872925772008	1549	high zero count	0.13454355945452967
ENSDARG00000062177	-0.1500321422875821	453	other	0.03934682532789021
ENSDARG00000062178	-0.10470521667246808	1621	high zero count	0.14079735950664465
ENSDARG00000062187	0.14075048136983345	83	other	0.007209241726743681
ENSDARG00000062190	0.002407351882098279	65	other	0.005645791713714931
ENSDARG00000062192	0.1470788297469438	352	other	0.03057413358811778
ENSDARG00000062198	0.4953713107285623	7	other	6.080083384000695e-4
ENSDARG00000062199	-0.26112719717372607	1051	high zero count	0.09128810909406758
ENSDARG00000062206	0.22088761064132606	20	other	0.0017371666811430556
ENSDARG00000062209	0.4542224700796775	96	other	0.008338400069486667
ENSDARG00000062216	0.060304253049200986	1328	high zero count	0.11534786762789889
ENSDARG00000062217	-0.11311292381864227	516	other	0.04481890037349084
ENSDARG00000062220	-0.1166575399805498	339	other	0.029444975245374795
ENSDARG00000062221	0.052892641527977756	2417	high zero count	0.20993659341613827
ENSDARG00000062222	0.292482485725705	1950	high zero count	0.16937375141144792
ENSDARG00000062226	0.29131258228693024	35	other	0.0030400416920003475
ENSDARG00000062231	0.2103549364558498	478	other	0.04151828367931903
ENSDARG00000062235	-0.12644198221947187	833	other	0.07235299226960827
ENSDARG00000062237	0.8032118143144662	570	other	0.04950925041257709
ENSDARG00000062244	1.0055764864090255	6	other	5.211500043429167e-4
ENSDARG00000062248	0.43963041069961767	28	other	0.002432033353600278
ENSDARG00000062258	-0.04099335421621318	362	other	0.03144271692868931
ENSDARG00000062266	0.983862513784405	10	other	8.685833405715278e-4
ENSDARG00000062267	0.9759431748074019	12	other	0.0010423000086858334
ENSDARG00000062268	-0.14611155398712866	261	other	0.022670025188916875
ENSDARG00000062269	0.08529214810946747	310	other	0.026926083557717362
ENSDARG00000062272	0.5431890512009652	113	other	0.009814991748458264
ENSDARG00000062280	0.08546424360220757	167	other	0.014505341787544515
ENSDARG00000062302	-0.25952364458910404	1044	other	0.0906801007556675
ENSDARG00000062304	0.08068678347624572	278	other	0.024146616867888476
ENSDARG00000062307	0.044872991561646564	1773	high zero count	0.1539998262833319
ENSDARG00000062315	0.8995162558123373	212	other	0.018413966820116392
ENSDARG00000062323	0.6373187520173056	1518	high zero count	0.1318509510987579
ENSDARG00000062326	1.9736641320664536	5	other	4.342916702857639e-4
ENSDARG00000062330	0.816563314630325	19	other	0.0016503083470859028
ENSDARG00000062338	0.4256642603305871	34	other	0.0029531833579431945
ENSDARG00000062352	0.33378979861681884	405	other	0.03517762529314688
ENSDARG00000062361	0.6254948829388675	55	other	0.004777208373143403
ENSDARG00000062362	0.1916342847301023	1272	high zero count	0.11048380092069834
ENSDARG00000062363	0.06067922219954971	1138	high zero count	0.09884478415703987
ENSDARG00000062370	0.48441249466369396	21	other	0.0018240250152002084
ENSDARG00000062374	0.039216696521202465	915	other	0.0794753756622948
ENSDARG00000062379	0.28893293089331007	111	other	0.009641275080343958
ENSDARG00000062381	0.0917282892282434	575	other	0.04994354208286285
ENSDARG00000062382	0.30564944833480706	345	other	0.02996612524971771
ENSDARG00000062385	0.4955332066325481	156	other	0.013549900112915835
ENSDARG00000062390	0.4002333122037419	112	other	0.009728133414401112
ENSDARG00000062397	0.2114522294690177	132	other	0.011465300095544168
ENSDARG00000062402	-0.19293671632473297	1594	high zero count	0.13845218448710153
ENSDARG00000062415	0.2526226782270551	158	other	0.013723616781030139
ENSDARG00000062420	0.6085602124252801	361	other	0.031355858594632156
ENSDARG00000062423	0.17810895735316057	562	other	0.048814383740119864
ENSDARG00000062429	-0.01425371545249224	1230	high zero count	0.10683575089029793
ENSDARG00000062430	-0.02283817569076503	562	other	0.048814383740119864
ENSDARG00000062442	-0.12008730982412147	3334	high zero count	0.28958568574654736
ENSDARG00000062445	-0.06613057584441896	929	other	0.08069139233909493
ENSDARG00000062446	-0.05317899613130752	816	other	0.07087640059063667
ENSDARG00000062447	-0.07353890922955	992	other	0.08616346738469556
ENSDARG00000062448	-0.14737902370583789	355	other	0.03083470859028924
ENSDARG00000062450	0.5567178216449892	119	other	0.01033614175280118
ENSDARG00000062457	0.6037788110965497	1136	high zero count	0.09867106748892557
ENSDARG00000062460	0.3515143224031527	1410	high zero count	0.12247025102058542
ENSDARG00000062467	-0.04999777694337739	325	other	0.028228958568574655
ENSDARG00000062469	1.0591642004439936	6	other	5.211500043429167e-4
ENSDARG00000062472	0.26709605715131296	63	other	0.0054720750456006256
ENSDARG00000062476	-0.03235475692642764	656	other	0.05697906714149223
ENSDARG00000062477	0.4555202013664811	1547	high zero count	0.13436984278641537
ENSDARG00000062478	-0.12235320149888354	771	other	0.0669677755580648
ENSDARG00000062479	0.6770862844930831	584	other	0.050725267089377225
ENSDARG00000062485	0.005780535642761097	271	other	0.023538608529488404
ENSDARG00000062489	1.0735734311833849	33	other	0.002866325023886042
ENSDARG00000062501	0.8143641467832637	1336	high zero count	0.11604273430035612
ENSDARG00000062506	0.3336353319512385	20	other	0.0017371666811430556
ENSDARG00000062510	0.36397638318929815	294	other	0.025536350212802917
ENSDARG00000062511	-0.1391803081574301	743	other	0.06453574220446452
ENSDARG00000062517	-0.23685527648314011	1592	high zero count	0.13827846781898723
ENSDARG00000062518	-0.01911013693186794	2269	high zero count	0.19708155997567967
ENSDARG00000062519	0.07179406045335451	536	other	0.046556067054633894
ENSDARG00000062530	-0.15105541320462923	369	other	0.03205072526708938
ENSDARG00000062531	0.834903655361739	286	other	0.024841483540345696
ENSDARG00000062532	0.7087984102007532	62	other	0.0053852167115434725
ENSDARG00000062553	-0.08966139897582626	599	other	0.052028142100234515
ENSDARG00000062558	0.6073916842864755	636	other	0.05524190046034917
ENSDARG00000062561	0.5020565863803872	144	other	0.01250760010423
ENSDARG00000062562	-0.061744337559977144	680	other	0.059063667158863895
ENSDARG00000062565	0.405913143229283	294	other	0.025536350212802917
ENSDARG00000062568	0.7638287642426016	22	other	0.0019108833492573613
ENSDARG00000062577	0.755068791840134	17	other	0.0014765916789715972
ENSDARG00000062585	-0.11254932771462749	1132	high zero count	0.09832363415269695
ENSDARG00000062590	0.792433814814778	22	other	0.0019108833492573613
ENSDARG00000062592	1.1349405144949396	599	other	0.052028142100234515
ENSDARG00000062593	0.06002975797139356	341	other	0.0296186919134891
ENSDARG00000062594	0.1920225725408026	1129	high zero count	0.09806305915052549
ENSDARG00000062601	-0.10495091644272339	1509	high zero count	0.13106922609224356
ENSDARG00000062612	0.21671533416515232	53	other	0.004603491705029098
ENSDARG00000062630	0.30226289508308646	419	other	0.036393641969947016
ENSDARG00000062634	0.09045660233961861	1248	high zero count	0.10839920090332668
ENSDARG00000062636	0.36869535630465344	841	other	0.07304785894206549
ENSDARG00000062646	0.44629526163731226	119	other	0.01033614175280118
ENSDARG00000062650	0.8161219705893511	15	other	0.0013028750108572918
ENSDARG00000062651	0.6811267353481516	312	other	0.02709980022583167
ENSDARG00000062664	-0.12714439850363962	366	other	0.03179015026491792
ENSDARG00000062674	0.8375845892629422	71	other	0.006166941718057848
ENSDARG00000062687	0.15864019308050456	392	other	0.034048466950403894
ENSDARG00000062688	0.6652760983973773	509	other	0.044210892035090765
ENSDARG00000062693	0.1313048642499827	504	other	0.043776600364805004
ENSDARG00000062695	0.2941211032115535	964	other	0.08373143403109529
ENSDARG00000062696	0.015091933246779824	285	other	0.024754625206288544
ENSDARG00000062702	-0.06414040905258128	2036	high zero count	0.17684356814036306
ENSDARG00000062711	0.753606923153034	359	other	0.03118214192651785
ENSDARG00000062720	0.18779774868592464	1242	high zero count	0.10787805089898375
ENSDARG00000062727	0.2266981556859784	157	other	0.013636758446972987
ENSDARG00000062745	0.13823198511040782	105	other	0.009120125076001042
ENSDARG00000062749	0.09797574149298259	502	other	0.0436028836966907
ENSDARG00000062750	0.6161878908974447	135	other	0.011725875097715626
ENSDARG00000062752	0.4794224635587695	104	other	0.00903326674194389
ENSDARG00000062757	-0.2141585984327519	1492	high zero count	0.12959263441327196
ENSDARG00000062765	-0.04291555010866093	100	other	0.008685833405715278
ENSDARG00000062785	0.11824255261883014	1036	other	0.08998523408321028
ENSDARG00000062790	0.9795132256137566	341	other	0.0296186919134891
ENSDARG00000062794	0.13301017713488697	77	other	0.006688091722400764
ENSDARG00000062795	0.6811687079552518	378	other	0.03283245027360375
ENSDARG00000062797	0.6024593430146672	114	other	0.009901850082515417
ENSDARG00000062799	0.13877036900482856	72	other	0.006253800052115
ENSDARG00000062801	0.5447715487380688	74	other	0.006427516720229306
ENSDARG00000062806	-0.13699799303611854	2059	high zero count	0.17884130982367757
ENSDARG00000062817	-0.08071123553631648	827	other	0.07183184226526536
ENSDARG00000062823	0.0013299443770532977	1207	high zero count	0.10483800920698341
ENSDARG00000062828	0.05890939573463499	843	other	0.07322157561017979
ENSDARG00000062831	0.8913267277857753	101	other	0.008772691739772432
ENSDARG00000062834	0.16003005009874757	844	other	0.07330843394423694
ENSDARG00000062837	0.43302267084207385	311	other	0.027012941891774517
ENSDARG00000062846	0.43029680662497394	49	other	0.004256058368800487
ENSDARG00000062855	0.33763202105708623	1432	high zero count	0.12438113436984279
ENSDARG00000062864	0.3449449341138057	1280	high zero count	0.11117866759315556
ENSDARG00000062865	0.8500515217168144	375	other	0.03257187527143229
ENSDARG00000062868	-0.20342805673663003	171	other	0.014852775123773126
ENSDARG00000062872	0.24740345118143348	1176	high zero count	0.10214540085121167
ENSDARG00000062887	-0.17342058329477703	503	other	0.04368974203074785
ENSDARG00000062897	0.9699205675244711	118	other	0.010249283418744029
ENSDARG00000062902	-0.21666260212249785	921	other	0.07999652566663772
ENSDARG00000062904	0.42393421088087213	231	other	0.020064275167202293
ENSDARG00000062909	0.24788089871112057	13	other	0.0011291583427429862
ENSDARG00000062916	0.6225818199400588	60	other	0.005211500043429167
ENSDARG00000062919	-0.21310949794560166	372	other	0.03231130026926084
ENSDARG00000062929	0.2245599863372514	109	other	0.009467558412229654
ENSDARG00000062933	0.9260620280195115	21	other	0.0018240250152002084
ENSDARG00000062936	0.787153675998544	118	other	0.010249283418744029
ENSDARG00000062942	0.23741667311536005	3646	high zero count	0.31668548597237905
ENSDARG00000062948	0.7378327724784084	65	other	0.005645791713714931
ENSDARG00000062949	-0.079619119664013	909	other	0.07895422565795188
ENSDARG00000062954	0.6073477126095637	96	other	0.008338400069486667
ENSDARG00000062955	-0.16315163652628317	216	other	0.018761400156345
ENSDARG00000062956	0.25922629872731423	921	other	0.07999652566663772
ENSDARG00000062959	0.3978771956917457	737	other	0.0640145922001216
ENSDARG00000062960	0.11009289584158669	250	other	0.021714583514288194
ENSDARG00000062962	0.46636320588735863	5	other	4.342916702857639e-4
ENSDARG00000062965	-0.0634268128606647	713	other	0.061929992182749936
ENSDARG00000062968	1.0667039599199115	8	other	6.948666724572223e-4
ENSDARG00000062970	0.25488884257573957	343	other	0.029792408581603404
ENSDARG00000062971	0.5450036305892864	113	other	0.009814991748458264
ENSDARG00000062972	0.49619575208231437	37	other	0.003213758360114653
ENSDARG00000062973	0.24148654482423898	120	other	0.010423000086858335
ENSDARG00000062976	-0.1848472439809328	2007	high zero count	0.17432467645270563
ENSDARG00000062977	0.828265019817231	1185	high zero count	0.10292712585772605
ENSDARG00000062983	0.5253902802534148	123	other	0.010683575089029793
ENSDARG00000062987	0.3656824917311345	185	other	0.016068791800573266
ENSDARG00000062991	-0.007459235731235576	680	other	0.059063667158863895
ENSDARG00000062997	0.5249630789269695	59	other	0.005124641709372014
ENSDARG00000063001	0.08280529255118042	266	other	0.02310431685920264
ENSDARG00000063003	0.17708938676374422	1712	high zero count	0.14870146790584557
ENSDARG00000063008	0.3407770872698571	506	other	0.04395031703291931
ENSDARG00000063014	0.007598602543950876	1508	high zero count	0.1309823677581864
ENSDARG00000063018	0.14336116871166255	2554	high zero count	0.2218361851819682
ENSDARG00000063021	0.3958763370281958	997	other	0.08659775905498132
ENSDARG00000063030	1.1501527006329406	61	other	0.0052983583774863195
ENSDARG00000063031	0.43345857797433784	28	other	0.002432033353600278
ENSDARG00000063036	0.5048266307930743	222	other	0.019282550160687917
ENSDARG00000063037	-0.06418942155782083	2154	high zero count	0.1870928515591071
ENSDARG00000063049	-0.15211221212733572	283	other	0.024580908538174236
ENSDARG00000063050	-0.11921540341835475	646	other	0.0561104838009207
ENSDARG00000063051	0.6539350174356711	68	other	0.005906366715886389
ENSDARG00000063054	0.16522818023680175	3753	high zero count	0.3259793277164944
ENSDARG00000063056	0.23245965914822325	2571	high zero count	0.2233127768609398
ENSDARG00000063059	-0.11830061858503094	1613	high zero count	0.14010249283418744
ENSDARG00000063062	0.17790490924250177	20	other	0.0017371666811430556
ENSDARG00000063068	0.4748633645939686	732	other	0.06358030052983583
ENSDARG00000063069	-0.056254394131683594	893	other	0.07756449231303744
ENSDARG00000063075	0.3653790759407931	374	other	0.03248501693737514
ENSDARG00000063076	0.41275989110674866	662	other	0.05750021714583514
ENSDARG00000063079	-0.24842436448775806	694	other	0.06027968383566403
ENSDARG00000063089	0.27464444630355894	316	other	0.027447233562060278
ENSDARG00000063095	2.0242625970305483	112	other	0.009728133414401112
ENSDARG00000063097	-0.04906070223367022	481	other	0.04177885868149049
ENSDARG00000063100	1.6969568693751198	21	other	0.0018240250152002084
ENSDARG00000063101	-0.022771635098418105	76	other	0.006601233388343611
ENSDARG00000063108	0.43337750109443013	273	other	0.02371232519760271
ENSDARG00000063126	0.6591021237529706	97	other	0.00842525840354382
ENSDARG00000063133	0.19125889614841085	265	other	0.023017458525145487
ENSDARG00000063144	0.5120098392279167	996	other	0.08651090072092417
ENSDARG00000063145	0.5051432901656212	94	other	0.008164683401372361
ENSDARG00000063149	0.30272768934903493	204	other	0.017719100147659168
ENSDARG00000063150	1.1393547842092726	1186	high zero count	0.1030139841917832
ENSDARG00000063153	-0.11676746402958363	1094	high zero count	0.09502301745852515
ENSDARG00000063157	0.45159447892716226	1129	high zero count	0.09806305915052549
ENSDARG00000063161	0.659834267893586	156	other	0.013549900112915835
ENSDARG00000063162	0.6469638402865373	824	other	0.07157126726309389
ENSDARG00000063167	0.5291394327204059	144	other	0.01250760010423
ENSDARG00000063169	-0.07066158595891399	2368	high zero count	0.2056805350473378
ENSDARG00000063177	0.6338794303223486	326	other	0.028315816902631807
ENSDARG00000063182	0.38850969712867756	2	other	1.7371666811430558e-4
ENSDARG00000063186	-0.07704731156276061	863	other	0.07495874229132285
ENSDARG00000063190	0.5028036556739205	434	other	0.037696516980804305
ENSDARG00000063191	0.0934208775917271	145	other	0.012594458438287154
ENSDARG00000063194	0.5625423768823604	33	other	0.002866325023886042
ENSDARG00000063195	0.8671124593171408	277	other	0.02405975853383132
ENSDARG00000063197	0.4984631094208867	1930	high zero count	0.16763658473030488
ENSDARG00000063211	-0.13283860697637	1291	high zero count	0.11213410926778425
ENSDARG00000063212	0.11729532309376377	3134	high zero count	0.2722140189351168
ENSDARG00000063213	-0.11588931047066474	822	other	0.07139755059497958
ENSDARG00000063218	1.0707080862532299	183	other	0.01589507513245896
ENSDARG00000063219	0.8368481146171691	2	other	1.7371666811430558e-4
ENSDARG00000063229	1.9124931718134386	6	other	5.211500043429167e-4
ENSDARG00000063230	-0.10618551296362375	1379	high zero count	0.1197776426648137
ENSDARG00000063233	0.5122976495998514	279	other	0.024233475201945628
ENSDARG00000063242	0.13558805177103903	2399	high zero count	0.20837314340310953
ENSDARG00000063244	0.398086674917623	1032	other	0.08963780074698167
ENSDARG00000063249	0.5295075844477661	904	other	0.07851993398766612
ENSDARG00000063250	-0.14060953425798162	264	other	0.022930600191088335
ENSDARG00000063252	1.0941845954385483	77	other	0.006688091722400764
ENSDARG00000063258	0.09927160530788653	270	other	0.02345175019543125
ENSDARG00000063270	-0.07649904318838387	1633	high zero count	0.1418396595153305
ENSDARG00000063276	-0.1678878717095992	1100	high zero count	0.09554416746286806
ENSDARG00000063283	-0.19893062285607338	2004	high zero count	0.1740641014505342
ENSDARG00000063285	0.29162927027301533	1308	high zero count	0.11361070094675584
ENSDARG00000063288	0.19012147718917025	658	other	0.05715278380960653
ENSDARG00000063292	0.7605664789648122	63	other	0.0054720750456006256
ENSDARG00000063295	0.6488330302631279	18	other	0.00156345001302875
ENSDARG00000063299	0.4319000601270004	274	other	0.023799183531659863
ENSDARG00000063309	0.8280081020560479	514	other	0.04464518370537653
ENSDARG00000063310	0.3842769711868691	1170	high zero count	0.10162425084686875
ENSDARG00000063321	0.40660118226065217	1068	high zero count	0.09276470077303918
ENSDARG00000063330	0.31579437594988263	42	other	0.003648050030400417
ENSDARG00000063332	-0.1596027767196722	1249	high zero count	0.10848605923738383
ENSDARG00000063333	0.06784014824866108	446	other	0.038738816989490145
ENSDARG00000063341	1.0730477889548473	137	other	0.011899591765829932
ENSDARG00000063344	1.33874320144422	98	other	0.008512116737600973
ENSDARG00000063352	0.5302132880222941	267	other	0.023191175193259795
ENSDARG00000063354	0.34409275224657043	357	other	0.031008425258403544
ENSDARG00000063358	0.27663266234779565	219	other	0.01902197515851646
ENSDARG00000063370	-0.1283854077818162	341	other	0.0296186919134891
ENSDARG00000063375	0.15860718377772423	322	other	0.027968383566403198
ENSDARG00000063385	0.7282664869310017	153	other	0.013289325110744377
ENSDARG00000063407	-0.20464111665099338	1288	high zero count	0.11187353426561279
ENSDARG00000063412	0.2467461017826075	934	other	0.0811256840093807
ENSDARG00000063416	0.2974997458103578	18	other	0.00156345001302875
ENSDARG00000063417	0.764448115633701	109	other	0.009467558412229654
ENSDARG00000063419	0.4818307179713314	1063	high zero count	0.0923304091027534
ENSDARG00000063433	0.49222685204563543	1303	high zero count	0.11317640927647007
ENSDARG00000063438	1.1310584204147371	33	other	0.002866325023886042
ENSDARG00000063445	-0.15817025564189852	385	other	0.03344045861200382
ENSDARG00000063446	0.21684538473241102	854	other	0.07417701728480848
ENSDARG00000063457	-0.07334802504411932	1648	high zero count	0.14314253452618778
ENSDARG00000063466	0.4594065998936178	162	other	0.014071050117258751
ENSDARG00000063474	0.2825136750037126	34	other	0.0029531833579431945
ENSDARG00000063509	7.459447365298186e-4	1776	high zero count	0.15426040128550333
ENSDARG00000063511	0.2682298122254058	1650	high zero count	0.14331625119430208
ENSDARG00000063518	-0.033969717685193204	1466	high zero count	0.12733431772778597
ENSDARG00000063519	-0.0577647656288189	742	other	0.06444888387040737
ENSDARG00000063525	-0.1777457129988162	342	other	0.02970555024754625
ENSDARG00000063527	0.8391861098266322	1402	high zero count	0.12177538434812821
ENSDARG00000063535	0.9963150516387034	6	other	5.211500043429167e-4
ENSDARG00000063538	0.20080631096655727	176	other	0.01528706679405889
ENSDARG00000063544	-0.02910505976289865	3010	high zero count	0.2614435855120299
ENSDARG00000063553	0.3669035736180544	35	other	0.0030400416920003475
ENSDARG00000063555	-0.07915668138053561	131	other	0.011378441761487015
ENSDARG00000063559	0.28454189390489326	1327	high zero count	0.11526100929384174
ENSDARG00000063563	0.8198812701678782	169	other	0.01467905845565882
ENSDARG00000063570	-0.06951123822052672	2765	high zero count	0.24016329366802744
ENSDARG00000063572	1.5633431523517025	154	other	0.013376183444801529
ENSDARG00000063573	0.3613709519543496	223	other	0.019369408494745072
ENSDARG00000063574	0.21314586692188908	2157	high zero count	0.18735342656127854
ENSDARG00000063580	-0.19353614894346063	312	other	0.02709980022583167
ENSDARG00000063583	0.08479612687818537	2810	high zero count	0.24407191870059933
ENSDARG00000063588	0.5098082625334603	100	other	0.008685833405715278
ENSDARG00000063596	0.812961070222487	480	other	0.04169200034743334
ENSDARG00000063612	0.09682289165529652	143	other	0.012420741770172848
ENSDARG00000063624	0.43389079479806114	579	other	0.050290975419091465
ENSDARG00000063626	1.4024510199536913	4	other	3.4743333622861116e-4
ENSDARG00000063627	0.2832245870383141	47	other	0.004082341700686181
ENSDARG00000063634	0.04168217906982054	247	other	0.021454008512116738
ENSDARG00000063635	0.6710266176979818	257	other	0.022322591852688266
ENSDARG00000063636	0.1846370379201725	110	other	0.009554416746286806
ENSDARG00000063646	0.5028550688054162	210	other	0.018240250152002084
ENSDARG00000063649	-0.14064543060561221	1628	high zero count	0.14140536784504473
ENSDARG00000063661	0.37187811866636855	666	other	0.05784765048206376
ENSDARG00000063663	0.1084126192946595	289	other	0.025102058542517156
ENSDARG00000063665	0.31393568642529973	1805	high zero count	0.15677929297316076
ENSDARG00000063672	-0.06899566242007944	306	other	0.026578650221488753
ENSDARG00000063682	-0.014436831876221783	405	other	0.03517762529314688
ENSDARG00000063684	0.0987243128435471	261	other	0.022670025188916875
ENSDARG00000063686	0.45282148985056536	305	other	0.026491791887431598
ENSDARG00000063690	0.4679003742339884	846	other	0.07348215061235125
ENSDARG00000063701	0.7787641020431741	30	other	0.0026057500217145837
ENSDARG00000063711	0.3133722838148604	180	other	0.015634500130287502
ENSDARG00000063718	0.7689575774298798	90	other	0.007817250065143751
ENSDARG00000063719	1.0241180777908814	9	other	7.81725006514375e-4
ENSDARG00000063726	0.1655040655364329	11	other	9.554416746286806e-4
ENSDARG00000063882	0.16443494100929215	498	other	0.043255450360462085
ENSDARG00000063899	2.8740078529941564	1	other	8.685833405715279e-5
ENSDARG00000063905	4.749438909798016	1	other	8.685833405715279e-5
ENSDARG00000063908	3.4744232851995043	1	other	8.685833405715279e-5
ENSDARG00000063910	2.2274419406473114	99	other	0.008598975071658126
ENSDARG00000063911	3.2307401670988565	5	other	4.342916702857639e-4
ENSDARG00000063912	3.192129082688896	2	other	1.7371666811430558e-4
ENSDARG00000063914	2.6516721365864218	5	other	4.342916702857639e-4
ENSDARG00000063916	1.5699626664188926	58	other	0.005037783375314861
ENSDARG00000063917	3.005297653285821	2	other	1.7371666811430558e-4
ENSDARG00000063921	2.423787736361994	2	other	1.7371666811430558e-4
ENSDARG00000063922	2.174737706239878	6	other	5.211500043429167e-4
ENSDARG00000067507	0.4924033338774932	210	other	0.018240250152002084
ENSDARG00000067517	-0.012749768433728104	764	other	0.06635976721966473
ENSDARG00000067520	-0.20816324006235057	1188	high zero count	0.10318770085989751
ENSDARG00000067524	0.15783058197653316	2830	high zero count	0.24580908538174237
ENSDARG00000067544	0.034535686502093106	1417	high zero count	0.12307825935898549
ENSDARG00000067545	-0.003967325482244877	502	other	0.0436028836966907
ENSDARG00000067549	-0.023694621788046155	170	other	0.014765916789715974
ENSDARG00000067560	0.03971392844478981	461	other	0.040041692000347434
ENSDARG00000067566	-0.13186036205153573	749	other	0.06505689220880743
ENSDARG00000067591	-0.10172683149925657	301	other	0.02614435855120299
ENSDARG00000067593	0.4649450509235664	321	other	0.027881525232346042
ENSDARG00000067601	0.31208785468140293	145	other	0.012594458438287154
ENSDARG00000067605	0.4298400775826914	692	other	0.06010596716754973
ENSDARG00000067606	-0.10319832500190713	1558	high zero count	0.13532528446104403
ENSDARG00000067626	0.5390255526697011	253	other	0.021975158516459654
ENSDARG00000067630	0.13312534923523334	3433	high zero count	0.2981846608182055
ENSDARG00000067639	0.6382260684843283	202	other	0.017545383479544863
ENSDARG00000067656	0.6233372172461223	17	other	0.0014765916789715972
ENSDARG00000067658	0.2278475646496455	1267	high zero count	0.11004950925041258
ENSDARG00000067665	-0.06489321430305496	466	other	0.040475983670633195
ENSDARG00000067670	-0.10292533038779886	1765	high zero count	0.15330495961087467
ENSDARG00000067673	-0.005940182645748475	181	other	0.015721358464344654
ENSDARG00000067701	1.2801542701986082	287	other	0.02492834187440285
ENSDARG00000067713	-0.00775691597297755	1640	high zero count	0.14244766785373056
ENSDARG00000067717	1.140855628496206	45	other	0.0039086250325718755
ENSDARG00000067729	-0.11399106147520505	1366	high zero count	0.1186484843220707
ENSDARG00000067741	0.8365579789002613	381	other	0.03309302527577521
ENSDARG00000067751	0.49785101397415615	1346	high zero count	0.11691131764092765
ENSDARG00000067752	-0.16716154399732042	795	other	0.06905237557543646
ENSDARG00000067777	0.3738653062077623	1400	high zero count	0.1216016676800139
ENSDARG00000067784	-0.0458569452818478	714	other	0.06201685051680709
ENSDARG00000067794	0.39273540052076766	568	other	0.049335533744462784
ENSDARG00000067795	0.3779850174961422	810	other	0.07035525058629376
ENSDARG00000067796	-0.18488659654756037	307	other	0.026665508555545905
ENSDARG00000067797	0.6853242128480702	877	other	0.076174758968123
ENSDARG00000067805	0.751662582643753	22	other	0.0019108833492573613
ENSDARG00000067813	-0.10868351946154216	1869	high zero count	0.16233822635281855
ENSDARG00000067817	-0.18194517888706685	1716	high zero count	0.14904890124207418
ENSDARG00000067838	0.40028280529148774	61	other	0.0052983583774863195
ENSDARG00000067848	0.2563284223534448	2009	high zero count	0.17449839312081994
ENSDARG00000067850	0.7142510213332279	181	other	0.015721358464344654
ENSDARG00000067913	0.23458509343286288	916	other	0.07956223399635196
ENSDARG00000067916	0.11424768839133437	2090	high zero count	0.1815339181794493
ENSDARG00000067918	0.3329263732748539	440	other	0.038217666985147225
ENSDARG00000067920	0.14080492517359958	1179	high zero count	0.10240597585338314
ENSDARG00000067925	0.32455447877032295	1107	high zero count	0.09615217580126813
ENSDARG00000067950	-0.10063416142020792	181	other	0.015721358464344654
ENSDARG00000067958	0.2381527120116334	866	other	0.0752193172934943
ENSDARG00000067964	0.16958862198748192	282	other	0.024494050204117084
ENSDARG00000067975	1.376714745745959	20	other	0.0017371666811430556
ENSDARG00000067976	-0.036053755404536376	1120	high zero count	0.09728133414401112
ENSDARG00000067979	0.30244283468234234	527	other	0.04577434204811952
ENSDARG00000067981	0.5236306643653252	23	other	0.001997741683314514
ENSDARG00000067984	0.2294667111792634	137	other	0.011899591765829932
ENSDARG00000067985	0.6701753462301684	1957	high zero count	0.169981759749848
ENSDARG00000067990	1.2155396040804816	1145	high zero count	0.09945279249543994
ENSDARG00000067992	0.2501867583739198	1020	other	0.08859550073829583
ENSDARG00000067995	1.3158851679012522	1614	high zero count	0.1401893511682446
ENSDARG00000067996	0.7454949907628563	83	other	0.007209241726743681
ENSDARG00000067997	1.051879579188922	1300	high zero count	0.11291583427429862
ENSDARG00000068006	7.45133310061187e-4	1395	high zero count	0.12116737600972813
ENSDARG00000068021	0.4988308956414478	128	other	0.011117866759315557
ENSDARG00000068030	0.4160387700224787	403	other	0.035003908625032575
ENSDARG00000068036	0.6732906352518859	1904	high zero count	0.1653782680448189
ENSDARG00000068050	-0.06301516353967132	3722	high zero count	0.3232867193607227
ENSDARG00000068064	0.6740844087294376	43	other	0.00373490836445757
ENSDARG00000068103	-0.047286764816622896	256	other	0.022235733518631114
ENSDARG00000068123	0.1553496957435149	14	other	0.001216016676800139
ENSDARG00000068125	0.6112476726999088	153	other	0.013289325110744377
ENSDARG00000068126	0.04846658467646054	3058	high zero count	0.2656127855467732
ENSDARG00000068127	0.42801421922561056	764	other	0.06635976721966473
ENSDARG00000068140	0.1615588518898532	253	other	0.021975158516459654
ENSDARG00000068143	0.8568357704555876	116	other	0.010075566750629723
ENSDARG00000068148	0.28189770253148727	1804	high zero count	0.15669243463910362
ENSDARG00000068152	-0.2429877481396931	887	other	0.07704334230869452
ENSDARG00000068156	1.3019411252805835	995	other	0.08642404238686702
ENSDARG00000068157	0.18653863260667075	67	other	0.005819508381829237
ENSDARG00000068166	-0.09406477061945899	563	other	0.048901242074177016
ENSDARG00000068175	0.6108989730253586	302	other	0.02623121688526014
ENSDARG00000068176	0.7657024000891498	120	other	0.010423000086858335
ENSDARG00000068177	0.8794404169684351	19	other	0.0016503083470859028
ENSDARG00000068179	0.3853210932533458	56	other	0.004864066707200556
ENSDARG00000068182	-0.23886925051499808	403	other	0.035003908625032575
ENSDARG00000068187	0.2980200073537762	151	other	0.01311560844263007
ENSDARG00000068191	0.04851253517346758	2951	high zero count	0.25631894380265785
ENSDARG00000068192	-0.0869701769983196	117	other	0.010162425084686877
ENSDARG00000068213	0.6480824298947375	1011	other	0.08781377573178147
ENSDARG00000068214	2.7452873630901946	27	other	0.002345175019543125
ENSDARG00000068231	-0.2201049072533584	824	other	0.07157126726309389
ENSDARG00000068246	0.8650044538066044	5	other	4.342916702857639e-4
ENSDARG00000068247	1.2462257987710552	1844	high zero count	0.16016676800138974
ENSDARG00000068256	1.0480401683355827	158	other	0.013723616781030139
ENSDARG00000068258	-0.1403144295130881	740	other	0.06427516720229307
ENSDARG00000068261	0.1556177225442975	837	other	0.07270042560583688
ENSDARG00000068262	0.6229864498445219	1050	high zero count	0.09120125076001043
ENSDARG00000068265	1.8179741595592043	167	other	0.014505341787544515
ENSDARG00000068280	-0.16852504156485254	1990	high zero count	0.17284808477373403
ENSDARG00000068289	1.8932690651314033	19	other	0.0016503083470859028
ENSDARG00000068291	0.7147114259863983	486	other	0.04221315035177625
ENSDARG00000068296	0.14361738295815063	569	other	0.049422392078519936
ENSDARG00000068305	0.9221853683842671	356	other	0.030921566924346392
ENSDARG00000068323	0.2064140945260546	94	other	0.008164683401372361
ENSDARG00000068344	0.03567453042926359	1834	high zero count	0.15929818466081822
ENSDARG00000068365	0.39823907236140826	269	other	0.0233648918613741
ENSDARG00000068366	0.15387917423614778	998	other	0.08668461738903847
ENSDARG00000068367	0.08121920818109206	893	other	0.07756449231303744
ENSDARG00000068369	0.4276655246666627	421	other	0.03656735863806132
ENSDARG00000068397	0.12261336422065522	178	other	0.015460783462173196
ENSDARG00000068400	0.10642958522409192	301	other	0.02614435855120299
ENSDARG00000068401	0.9659142208045862	19	other	0.0016503083470859028
ENSDARG00000068404	1.187750526186921	75	other	0.006514375054286459
ENSDARG00000068409	0.5820741076211527	1369	high zero count	0.11890905932424216
ENSDARG00000068415	0.6345924299147175	106	other	0.009206983410058196
ENSDARG00000068432	1.634160099701226	24	other	0.002084600017371667
ENSDARG00000068434	2.3236030385049555	9	other	7.81725006514375e-4
ENSDARG00000068436	2.87140076093639	3	other	2.6057500217145836e-4
ENSDARG00000068438	0.3643356397490728	1235	high zero count	0.10727004256058369
ENSDARG00000068457	1.255863070940924	593	other	0.0515069920958916
ENSDARG00000068461	-0.05798506009797924	711	other	0.06175627551463563
ENSDARG00000068478	1.5289486767683242	23	other	0.001997741683314514
ENSDARG00000068480	0.09828456901254129	673	other	0.05845565882046382
ENSDARG00000068483	0.037070415991519286	314	other	0.027273516893945974
ENSDARG00000068484	-0.010738188187469001	301	other	0.02614435855120299
ENSDARG00000068503	0.457917961518193	1072	high zero count	0.09311213410926779
ENSDARG00000068507	0.7926048496398219	2529	high zero count	0.2196647268305394
ENSDARG00000068516	0.6437580962944585	401	other	0.03483019195691826
ENSDARG00000068549	0.29349762241604216	221	other	0.019195691826630765
ENSDARG00000068557	-0.07751143294761316	1910	high zero count	0.1658994180491618
ENSDARG00000068562	0.464873092057164	14	other	0.001216016676800139
ENSDARG00000068567	0.4129821411462344	361	other	0.031355858594632156
ENSDARG00000068572	0.2209019296897553	86	other	0.00746981672891514
ENSDARG00000068575	0.13446893270409635	2696	high zero count	0.2341700686180839
ENSDARG00000068582	0.6108172189354084	56	other	0.004864066707200556
ENSDARG00000068587	0.4675011405469623	380	other	0.03300616694171806
ENSDARG00000068596	1.1752757126920292	273	other	0.02371232519760271
ENSDARG00000068602	0.7231703115817205	77	other	0.006688091722400764
ENSDARG00000068621	1.1335518149306818	200	other	0.017371666811430556
ENSDARG00000068628	0.2462444310332904	299	other	0.02597064188308868
ENSDARG00000068629	0.4347888647041272	197	other	0.0171110918092591
ENSDARG00000068637	0.3274334722799826	342	other	0.02970555024754625
ENSDARG00000068640	0.6760748109380785	64	other	0.005558933379657779
ENSDARG00000068641	1.3394150550311483	53	other	0.004603491705029098
ENSDARG00000068650	0.00865404572722443	64	other	0.005558933379657779
ENSDARG00000068655	0.3717169913279729	2083	high zero count	0.18092590984104925
ENSDARG00000068680	0.48906395620713217	826	other	0.0717449839312082
ENSDARG00000068681	0.05565339422046872	3076	high zero count	0.26717623555980197
ENSDARG00000068691	0.11378004815968522	3688	high zero count	0.3203335360027795
ENSDARG00000068698	1.069432929224815	377	other	0.0327455919395466
ENSDARG00000068701	0.15799315307781756	1028	other	0.08929036741075307
ENSDARG00000068702	0.6831535530260948	1771	high zero count	0.1538261096152176
ENSDARG00000068708	1.2991020515564289	132	other	0.011465300095544168
ENSDARG00000068710	0.24407457271615368	101	other	0.008772691739772432
ENSDARG00000068711	0.1740533054546495	515	other	0.044732042039433685
ENSDARG00000068716	0.10163661306558916	2464	high zero count	0.21401893511682446
ENSDARG00000068726	0.7920037149737229	269	other	0.0233648918613741
ENSDARG00000068732	0.7785593405922963	180	other	0.015634500130287502
ENSDARG00000068745	0.7604918163186447	263	other	0.022843741857031183
ENSDARG00000068755	0.36015758655041075	76	other	0.006601233388343611
ENSDARG00000068759	0.4784995674196742	159	other	0.013810475115087293
ENSDARG00000068760	-0.004197833043070684	164	other	0.014244766785373057
ENSDARG00000068763	0.045533919512756364	187	other	0.01624250846868757
ENSDARG00000068784	0.3729379708299848	2212	high zero count	0.19213063493442195
ENSDARG00000068787	0.1990220078061187	160	other	0.013897333449144445
ENSDARG00000068814	0.016930041159284873	2969	high zero count	0.2578823938156866
ENSDARG00000068820	1.9731999709214	19	other	0.0016503083470859028
ENSDARG00000068822	1.4390859453622875	75	other	0.006514375054286459
ENSDARG00000068828	0.10550574559077781	548	other	0.04759836706331973
ENSDARG00000068833	0.3717282945820792	538	other	0.0467297837227482
ENSDARG00000068851	0.3353795945001143	1170	high zero count	0.10162425084686875
ENSDARG00000068855	-0.26599828359592576	1880	high zero count	0.16329366802744724
ENSDARG00000068868	1.0251145077201198	44	other	0.0038217666985147225
ENSDARG00000068870	-0.08682097241414796	1956	high zero count	0.16989490141579083
ENSDARG00000068876	0.6448687885686059	1622	high zero count	0.14088421784070182
ENSDARG00000068883	0.08025299480400372	462	other	0.040128550334404586
ENSDARG00000068886	0.8414002264526937	191	other	0.016589941804916183
ENSDARG00000068893	0.20397234950189735	2	other	1.7371666811430558e-4
ENSDARG00000068894	0.3971607801470772	53	other	0.004603491705029098
ENSDARG00000068910	-0.027863410714722613	1726	high zero count	0.1499174845826457
ENSDARG00000068918	0.11730171252451957	1145	high zero count	0.09945279249543994
ENSDARG00000068919	-0.055081225914536895	550	other	0.04777208373143403
ENSDARG00000068926	0.007816669807128383	2591	high zero count	0.22504994354208285
ENSDARG00000068934	-0.036745369605282185	489	other	0.04247372535394771
ENSDARG00000068937	0.14766154159996933	655	other	0.05689220880743508
ENSDARG00000068940	2.381777452847795	15	other	0.0013028750108572918
ENSDARG00000068941	0.44938620403616003	2235	high zero count	0.19412837661773646
ENSDARG00000068965	-0.1231091771849567	540	other	0.0469035003908625
ENSDARG00000068967	0.41938097675428254	630	other	0.05472075045600625
ENSDARG00000068978	0.8128923428299903	148	other	0.012855033440458612
ENSDARG00000068981	0.777304857397553	22	other	0.0019108833492573613
ENSDARG00000068982	0.04510692092763446	3783	high zero count	0.328585077738209
ENSDARG00000068983	0.27989677666776563	3870	high zero count	0.33614175280118125
ENSDARG00000068993	0.04248314779941424	1160	high zero count	0.10075566750629723
ENSDARG00000068995	2.2777436187686826	9	other	7.81725006514375e-4
ENSDARG00000068996	1.1880562584654544	483	other	0.041952575349604795
ENSDARG00000069003	0.4548627091161606	101	other	0.008772691739772432
ENSDARG00000069006	0.4291310436686098	24	other	0.002084600017371667
ENSDARG00000069009	0.6144399953770319	1621	high zero count	0.14079735950664465
ENSDARG00000069013	0.8625138586935555	88	other	0.007643533397029445
ENSDARG00000069014	-0.10088258776585148	1480	high zero count	0.12855033440458613
ENSDARG00000069037	0.13829313902812612	3620	high zero count	0.31442716928689307
ENSDARG00000069038	0.6354383194111556	478	other	0.04151828367931903
ENSDARG00000069044	0.2783375102238784	154	other	0.013376183444801529
ENSDARG00000069045	0.20445218672250862	261	other	0.022670025188916875
ENSDARG00000069056	0.38196994088977904	4	other	3.4743333622861116e-4
ENSDARG00000069065	0.9801775695604196	403	other	0.035003908625032575
ENSDARG00000069066	0.8293702009724051	13	other	0.0011291583427429862
ENSDARG00000069074	1.264154647456164	26	other	0.0022583166854859725
ENSDARG00000069082	-0.01046909322866644	273	other	0.02371232519760271
ENSDARG00000069085	0.6139513253526708	387	other	0.033614175280118126
ENSDARG00000069090	1.6946397892744383	116	other	0.010075566750629723
ENSDARG00000069093	1.0167316555979378	351	other	0.030487275254060628
ENSDARG00000069099	0.7784098385782815	45	other	0.0039086250325718755
ENSDARG00000069100	1.502574695060901	78	other	0.006774950056457917
ENSDARG00000069102	0.33203708302264734	340	other	0.029531833579431947
ENSDARG00000069105	0.912729784475729	82	other	0.007122383392686529
ENSDARG00000069109	0.2271604096191482	401	other	0.03483019195691826
ENSDARG00000069111	-0.228799201019994	937	other	0.08138625901155216
ENSDARG00000069113	0.019177243297960046	493	other	0.042821158690176324
ENSDARG00000069116	1.0014338699260068	506	other	0.04395031703291931
ENSDARG00000069118	0.6423992261627901	23	other	0.001997741683314514
ENSDARG00000069122	0.804598549240964	175	other	0.015200208460001738
ENSDARG00000069129	0.03312142945216378	59	other	0.005124641709372014
ENSDARG00000069135	0.3902720809739619	1086	high zero count	0.09432815078606792
ENSDARG00000069139	0.13626279531688537	1506	high zero count	0.1308086510900721
ENSDARG00000069142	1.9842708087271699	11	other	9.554416746286806e-4
ENSDARG00000069150	-0.007768560058062967	1214	high zero count	0.10544601754538348
ENSDARG00000069157	0.6502639621887618	692	other	0.06010596716754973
ENSDARG00000069168	0.10457992405272518	242	other	0.021019716841830974
ENSDARG00000069175	0.9956607858726446	24	other	0.002084600017371667
ENSDARG00000069184	0.6352977922008408	545	other	0.04733779206114827
ENSDARG00000069185	0.549161770501133	99	other	0.008598975071658126
ENSDARG00000069192	0.7932775191737936	1095	high zero count	0.0951098757925823
ENSDARG00000069230	-0.006241805458238775	1014	other	0.08807435073395292
ENSDARG00000069242	0.5351021522867969	33	other	0.002866325023886042
ENSDARG00000069245	0.8255002250290262	650	other	0.05645791713714931
ENSDARG00000069250	-0.23037449659330453	1968	high zero count	0.1709372014244767
ENSDARG00000069252	-0.08192873491654037	362	other	0.03144271692868931
ENSDARG00000069261	-0.15733394464407346	369	other	0.03205072526708938
ENSDARG00000069262	-0.0472311447516312	2956	high zero count	0.25675323547294365
ENSDARG00000069269	0.3447594161968363	987	other	0.0857291757144098
ENSDARG00000069271	-0.021188309203304424	126	other	0.010944150091201251
ENSDARG00000069274	0.017254619199951575	1286	high zero count	0.11169981759749847
ENSDARG00000069278	0.24352396591977993	1121	high zero count	0.09736819247806827
ENSDARG00000069279	0.6715971523248416	133	other	0.01155215842960132
ENSDARG00000069280	0.22085864071352956	136	other	0.011812733431772778
ENSDARG00000069282	0.15534872382163048	1014	other	0.08807435073395292
ENSDARG00000069283	0.22167990660139444	494	other	0.042908017024233476
ENSDARG00000069286	0.37846926279811166	381	other	0.03309302527577521
ENSDARG00000069289	0.580977799341235	21	other	0.0018240250152002084
ENSDARG00000069290	0.2869150799077851	455	other	0.039520541996004514
ENSDARG00000069295	0.12654604325464067	683	other	0.05932424216103535
ENSDARG00000069297	0.3069669075398062	486	other	0.04221315035177625
ENSDARG00000069298	0.23952596757153413	43	other	0.00373490836445757
ENSDARG00000069301	0.21090939539667106	923	other	0.08017024233475202
ENSDARG00000069302	0.7555317931196555	28	other	0.002432033353600278
ENSDARG00000069313	0.7812609427229716	122	other	0.010596716754972639
ENSDARG00000069314	0.4308345929905873	351	other	0.030487275254060628
ENSDARG00000069324	0.658349614795635	881	other	0.0765221923043516
ENSDARG00000069326	0.10705596991970084	20	other	0.0017371666811430556
ENSDARG00000069329	0.09771861203355886	561	other	0.04872752540606271
ENSDARG00000069331	-0.07310041076657212	46	other	0.003995483366629028
ENSDARG00000069334	0.21902784714425605	550	other	0.04777208373143403
ENSDARG00000069335	0.1728015383272784	1362	high zero count	0.1183010509858421
ENSDARG00000069339	0.3215238083215409	441	other	0.03830452531920438
ENSDARG00000069342	0.08957513627298712	30	other	0.0026057500217145837
ENSDARG00000069356	0.45943618022694976	49	other	0.004256058368800487
ENSDARG00000069360	0.800122003174241	4	other	3.4743333622861116e-4
ENSDARG00000069373	0.3160192263064745	237	other	0.02058542517154521
ENSDARG00000069378	0.44685794809364004	655	other	0.05689220880743508
ENSDARG00000069388	-0.12462144435562562	945	other	0.08208112568400938
ENSDARG00000069397	1.0775334261604483	8	other	6.948666724572223e-4
ENSDARG00000069402	0.5359264575422009	949	other	0.08242855902023799
ENSDARG00000069404	0.3765673986133164	533	other	0.04629549205246243
ENSDARG00000069409	0.15601967451362142	2364	high zero count	0.2053331017111092
ENSDARG00000069422	1.5556262269315144	57	other	0.004950925041257708
ENSDARG00000069425	0.6777877267781051	881	other	0.0765221923043516
ENSDARG00000069432	1.499338637675963	50	other	0.004342916702857639
ENSDARG00000069433	0.1319686257095111	585	other	0.05081212542343438
ENSDARG00000069438	0.5811168204526149	426	other	0.03700165030834709
ENSDARG00000069440	0.0760318060061564	1710	high zero count	0.14852775123773126
ENSDARG00000069450	0.11923283571959141	323	other	0.02805524190046035
ENSDARG00000069459	-0.12032439923131856	1169	high zero count	0.1015373925128116
ENSDARG00000069461	1.0678028730511462	443	other	0.03847824198731868
ENSDARG00000069463	1.2504433773217998	130	other	0.011291583427429861
ENSDARG00000069469	0.2755513482541718	1694	high zero count	0.1471380178928168
ENSDARG00000069472	1.528770207620387	117	other	0.010162425084686877
ENSDARG00000069476	1.0101075595649456	410	other	0.03561191696343264
ENSDARG00000069478	0.09299940691701686	602	other	0.05228871710240598
ENSDARG00000069484	-0.19975712134814164	452	other	0.03925996699383306
ENSDARG00000069485	0.6046276086675472	1029	other	0.08937722574481022
ENSDARG00000069494	0.5975031084907722	1895	high zero count	0.16459654303830454
ENSDARG00000069496	0.5326824633257865	839	other	0.07287414227395118
ENSDARG00000069497	0.2654457122181152	2101	high zero count	0.182489359854078
ENSDARG00000069503	0.3636597699486712	470	other	0.04082341700686181
ENSDARG00000069521	1.27622747014634	89	other	0.007730391731086598
ENSDARG00000069525	0.6617382324989496	1889	high zero count	0.1640753930339616
ENSDARG00000069527	1.3466264160815158	110	other	0.009554416746286806
ENSDARG00000069538	0.1380442277705806	794	other	0.06896551724137931
ENSDARG00000069540	0.2956574698263022	1165	high zero count	0.101189959176583
ENSDARG00000069543	0.09386979489085166	1335	high zero count	0.11595587596629897
ENSDARG00000069545	0.23836783177471735	2082	high zero count	0.1808390515069921
ENSDARG00000069549	0.34393037784189684	2477	high zero count	0.21514809345956745
ENSDARG00000069583	0.6947013933760391	102	other	0.008859550073829584
ENSDARG00000069589	0.3877982819852971	496	other	0.04308173369234778
ENSDARG00000069594	0.017549005413881928	110	other	0.009554416746286806
ENSDARG00000069595	0.5682237312775464	122	other	0.010596716754972639
ENSDARG00000069600	0.5398954943999152	127	other	0.011031008425258403
ENSDARG00000069601	0.19228015760770173	1035	other	0.08989837574915313
ENSDARG00000069603	0.8468028179364419	69	other	0.005993225049943542
ENSDARG00000069607	-0.04764977973485012	1478	high zero count	0.12837661773647183
ENSDARG00000069608	0.7706877020761076	1123	high zero count	0.09754190914618258
ENSDARG00000069615	0.589726264057283	1822	high zero count	0.15825588465213236
ENSDARG00000069619	0.78312872113941	3	other	2.6057500217145836e-4
ENSDARG00000069624	1.036102408924714	176	other	0.01528706679405889
ENSDARG00000069640	0.031402212903213475	522	other	0.04534005037783375
ENSDARG00000069649	0.037273706633881847	3223	high zero count	0.2799444106662034
ENSDARG00000069660	-0.008367913564475424	314	other	0.027273516893945974
ENSDARG00000069661	-0.19884547663146868	291	other	0.02527577521063146
ENSDARG00000069671	0.354110781294865	324	other	0.028142100234517502
ENSDARG00000069672	0.1768769695195559	1441	high zero count	0.12516285937635716
ENSDARG00000069673	0.2889926595387002	1155	high zero count	0.10032137583601146
ENSDARG00000069674	0.4350611037325512	1870	high zero count	0.1624250846868757
ENSDARG00000069681	-0.22718192061604997	845	other	0.0733952922782941
ENSDARG00000069692	-0.2641402021970867	281	other	0.024407191870059932
ENSDARG00000069696	0.2569674828877357	604	other	0.05246243377052028
ENSDARG00000069706	0.3170015509237456	1071	high zero count	0.09302527577521064
ENSDARG00000069708	0.6076720129359169	345	other	0.02996612524971771
ENSDARG00000069733	0.3310673076743014	363	other	0.03152957526274646
ENSDARG00000069737	0.01642513136355481	729	other	0.06331972552766438
ENSDARG00000069742	0.2952444704058231	269	other	0.0233648918613741
ENSDARG00000069744	0.0063146354500058215	3054	high zero count	0.2652653522105446
ENSDARG00000069745	0.15143181065024572	2396	high zero count	0.20811256840093806
ENSDARG00000069752	0.7084642839703231	211	other	0.018327108486059236
ENSDARG00000069755	0.5819263755973225	208	other	0.01806653348388778
ENSDARG00000069763	0.6006298015663716	18	other	0.00156345001302875
ENSDARG00000069765	0.028441187651688297	643	other	0.05584990879874924
ENSDARG00000069774	0.7678917680260815	75	other	0.006514375054286459
ENSDARG00000069780	-0.15861017524687496	1634	high zero count	0.14192651784938765
ENSDARG00000069790	0.4178929159762338	155	other	0.013463041778858681
ENSDARG00000069795	0.801696869316072	1027	other	0.08920350907669591
ENSDARG00000069796	1.296714512992602	490	other	0.04256058368800487
ENSDARG00000069807	0.15889265062845298	311	other	0.027012941891774517
ENSDARG00000069808	0.22612851609608153	366	other	0.03179015026491792
ENSDARG00000069815	-0.01039842323018975	801	other	0.06957352557977937
ENSDARG00000069823	-0.02557698067291762	745	other	0.06470945887257883
ENSDARG00000069829	0.6713391243334352	504	other	0.043776600364805004
ENSDARG00000069832	-0.07073228154023248	1049	high zero count	0.09111439242595328
ENSDARG00000069833	0.22645528650386684	293	other	0.025449491878745765
ENSDARG00000069843	0.17181228155535772	2882	high zero count	0.2503257187527143
ENSDARG00000069846	1.347686250719491	186	other	0.01615565013463042
ENSDARG00000069850	1.1864477354544036	78	other	0.006774950056457917
ENSDARG00000069853	1.0994530816416144	25	other	0.0021714583514288194
ENSDARG00000069855	0.980240629467084	10	other	8.685833405715278e-4
ENSDARG00000069857	0.4477890084738782	651	other	0.05654477547120646
ENSDARG00000069866	0.02995579762145308	2611	high zero count	0.22678711022322592
ENSDARG00000069878	0.10102491546779781	1172	high zero count	0.10179796751498306
ENSDARG00000069888	0.045669187300015276	431	other	0.03743594197863285
ENSDARG00000069893	0.3162348686077081	67	other	0.005819508381829237
ENSDARG00000069910	0.7029738141256893	82	other	0.007122383392686529
ENSDARG00000069912	0.10611971706711242	1018	other	0.08842178407018153
ENSDARG00000069917	0.29227895517791813	173	other	0.015026491791887432
ENSDARG00000069920	1.1237167380141648	55	other	0.004777208373143403
ENSDARG00000069922	0.8925554924281676	289	other	0.025102058542517156
ENSDARG00000069928	0.25456167681638997	1556	high zero count	0.13515156779292972
ENSDARG00000069934	0.25354560782119834	106	other	0.009206983410058196
ENSDARG00000069937	-0.04658621417447102	590	other	0.051246417093720145
ENSDARG00000069940	0.8463751928153502	1449	high zero count	0.12585772604881437
ENSDARG00000069946	0.34739231925799796	591	other	0.0513332754277773
ENSDARG00000069954	-0.16616924867437102	1411	high zero count	0.12255710935464258
ENSDARG00000069956	0.8444911453328963	516	other	0.04481890037349084
ENSDARG00000069966	0.1107340303854992	1900	high zero count	0.16503083470859028
ENSDARG00000069968	0.69553996844021	233	other	0.020237991835316597
ENSDARG00000069977	0.4883241181490505	30	other	0.0026057500217145837
ENSDARG00000069980	0.9026108097628885	156	other	0.013549900112915835
ENSDARG00000069981	1.5191441034130366	168	other	0.014592200121601668
ENSDARG00000069989	0.4828814271327791	275	other	0.023886041865717016
ENSDARG00000069996	1.3861285289369334	313	other	0.027186658559888822
ENSDARG00000070000	0.13791270627690042	2130	high zero count	0.18500825154173542
ENSDARG00000070006	0.2241373919459036	535	other	0.04646920872057674
ENSDARG00000070012	0.32531441949695045	816	other	0.07087640059063667
ENSDARG00000070019	1.806438706894143	8	other	6.948666724572223e-4
ENSDARG00000070021	0.3524224443292781	1123	high zero count	0.09754190914618258
ENSDARG00000070025	-0.16978940896718545	286	other	0.024841483540345696
ENSDARG00000070028	0.46858889975392387	1424	high zero count	0.12368626769738557
ENSDARG00000070029	0.3271439784742621	2192	high zero count	0.1903934682532789
ENSDARG00000070037	1.0984781894956732	864	other	0.07504560062538
ENSDARG00000070038	0.7408473954982903	999	other	0.08677147572309563
ENSDARG00000070040	0.12722549383212653	475	other	0.04125770867714757
ENSDARG00000070043	1.4716484448327436	1292	high zero count	0.1122209676018414
ENSDARG00000070045	0.2100006009484633	778	other	0.06757578389646486
ENSDARG00000070046	1.2215874494905674	135	other	0.011725875097715626
ENSDARG00000070047	0.48643771481610304	167	other	0.014505341787544515
ENSDARG00000070048	-0.04116635323532957	3172	high zero count	0.27551463562928863
ENSDARG00000070055	0.5521638538925143	66	other	0.005732650047772084
ENSDARG00000070057	0.928564602344685	454	other	0.03943368366194736
ENSDARG00000070059	0.21886687258348836	327	other	0.02840267523668896
ENSDARG00000070061	0.7432187264673099	751	other	0.06523060887692174
ENSDARG00000070069	-0.19443974116069268	1156	high zero count	0.10040823417006862
ENSDARG00000070074	0.4650763415060716	230	other	0.01997741683314514
ENSDARG00000070076	-0.013459049311604847	1301	high zero count	0.11300269260835577
ENSDARG00000070078	0.07323800748091434	533	other	0.04629549205246243
ENSDARG00000070080	-0.0010376553930393632	152	other	0.013202466776687223
ENSDARG00000070081	0.024325829711569887	788	other	0.0684443672370364
ENSDARG00000070084	0.6413159737596826	109	other	0.009467558412229654
ENSDARG00000070085	0.28898351369810993	176	other	0.01528706679405889
ENSDARG00000070094	-0.19385357061764916	772	other	0.06705463389212195
ENSDARG00000070097	1.1546808552184724	34	other	0.0029531833579431945
ENSDARG00000070098	0.5758598953245359	53	other	0.004603491705029098
ENSDARG00000070100	0.1427410840462452	150	other	0.013028750108572918
ENSDARG00000070107	0.06768651111169668	563	other	0.048901242074177016
ENSDARG00000070108	1.0524154515981106	24	other	0.002084600017371667
ENSDARG00000070109	0.7454952398981751	87	other	0.007556675062972292
ENSDARG00000070119	0.11290903842809064	1710	high zero count	0.14852775123773126
ENSDARG00000070122	0.20174388668467746	246	other	0.021367150178059586
ENSDARG00000070124	0.6779246095553354	200	other	0.017371666811430556
ENSDARG00000070131	0.19014997413889487	962	other	0.08355771736298098
ENSDARG00000070145	0.18618409582023948	3580	high zero count	0.310952835924607
ENSDARG00000070150	0.4853957407912274	205	other	0.01780595848171632
ENSDARG00000070151	1.3732655527647701	19	other	0.0016503083470859028
ENSDARG00000070155	1.4138347628142158	859	other	0.07461130895509424
ENSDARG00000070157	0.21855205566339064	1613	high zero count	0.14010249283418744
ENSDARG00000070161	1.6911681352947323	8	other	6.948666724572223e-4
ENSDARG00000070162	0.5282655987340231	213	other	0.018500825154173544
ENSDARG00000070164	0.5649436724189328	1683	high zero count	0.14618257621818814
ENSDARG00000070166	0.005346510625648672	59	other	0.005124641709372014
ENSDARG00000070170	0.04618111181898629	722	other	0.06271171718926431
ENSDARG00000070174	0.13802616733955747	92	other	0.007990966733258055
ENSDARG00000070187	0.17016005287662186	68	other	0.005906366715886389
ENSDARG00000070220	0.24063489698427037	930	other	0.08077825067315209
ENSDARG00000070228	0.012908473551957449	508	other	0.04412403370103361
ENSDARG00000070229	0.06614233655592736	342	other	0.02970555024754625
ENSDARG00000070231	0.07972103014300615	1017	other	0.08833492573612438
ENSDARG00000070239	0.24742678018037406	745	other	0.06470945887257883
ENSDARG00000070256	0.1996679666659008	86	other	0.00746981672891514
ENSDARG00000070261	0.7818254370632233	135	other	0.011725875097715626
ENSDARG00000070266	0.7907384859198856	1012	other	0.08790063406583862
ENSDARG00000070278	0.30128919820025685	795	other	0.06905237557543646
ENSDARG00000070284	0.2508449218529958	521	other	0.0452531920437766
ENSDARG00000070314	0.022508575887887416	212	other	0.018413966820116392
ENSDARG00000070331	0.21598725511264072	2721	high zero count	0.23634152696951272
ENSDARG00000070337	-0.09194109854859857	458	other	0.03978111699817598
ENSDARG00000070339	0.17348123350606198	654	other	0.05680535047337792
ENSDARG00000070341	1.0858186934970924	665	other	0.0577607921480066
ENSDARG00000070346	-0.14390435983800295	816	other	0.07087640059063667
ENSDARG00000070348	0.07093117994626562	643	other	0.05584990879874924
ENSDARG00000070351	0.048675638636655576	1448	high zero count	0.12577086771475723
ENSDARG00000070353	0.1203728917948279	3501	high zero count	0.3040910275340919
ENSDARG00000070358	0.7372228125010272	522	other	0.04534005037783375
ENSDARG00000070360	0.1723815224664266	568	other	0.049335533744462784
ENSDARG00000070386	1.2560602525434201	13	other	0.0011291583427429862
ENSDARG00000070390	0.21906384735109233	207	other	0.017979675149830628
ENSDARG00000070391	0.3224488850626985	663	other	0.057587075479892294
ENSDARG00000070394	0.11725961232960151	1755	high zero count	0.15243637627030313
ENSDARG00000070399	0.7398526442503853	599	other	0.052028142100234515
ENSDARG00000070404	0.367096099181243	1131	high zero count	0.0982367758186398
ENSDARG00000070407	-0.018962448871167284	1806	high zero count	0.15686615130721793
ENSDARG00000070416	0.13465664852455625	764	other	0.06635976721966473
ENSDARG00000070425	0.4874903947394885	217	other	0.018848258490402153
ENSDARG00000070426	2.2669751869076054	62	other	0.0053852167115434725
ENSDARG00000070427	0.3297541210215907	516	other	0.04481890037349084
ENSDARG00000070431	0.7083237827751234	18	other	0.00156345001302875
ENSDARG00000070432	0.26407895234081236	29	other	0.0025188916876574307
ENSDARG00000070433	0.40212858023691433	543	other	0.04716407539303396
ENSDARG00000070434	0.27436294461261324	2661	high zero count	0.23113002692608356
ENSDARG00000070435	1.3418019572219857	15	other	0.0013028750108572918
ENSDARG00000070437	3.2559249913467547	2	other	1.7371666811430558e-4
ENSDARG00000070441	-0.11243452103862155	980	other	0.08512116737600973
ENSDARG00000070442	0.5007292268072069	450	other	0.039086250325718754
ENSDARG00000070447	0.5341720595835676	1262	high zero count	0.10961521758012681
ENSDARG00000070448	0.7958586310843825	169	other	0.01467905845565882
ENSDARG00000070452	0.20874643303580623	3448	high zero count	0.2994875358290628
ENSDARG00000070453	0.726591346345475	328	other	0.028489533570746114
ENSDARG00000070454	0.07265205773705284	344	other	0.02987926691566056
ENSDARG00000070455	0.35712835122233927	1852	high zero count	0.16086163467384695
ENSDARG00000070461	0.041690668058155175	346	other	0.030052983583774864
ENSDARG00000070463	0.6966997876411214	34	other	0.0029531833579431945
ENSDARG00000070465	0.445530703718326	1363	high zero count	0.11838790931989925
ENSDARG00000070470	0.4457900932073412	306	other	0.026578650221488753
ENSDARG00000070471	0.2783880394922658	409	other	0.03552505862937549
ENSDARG00000070472	2.0713449999950524	1	other	8.685833405715279e-5
ENSDARG00000070473	1.035436429305532	219	other	0.01902197515851646
ENSDARG00000070475	2.2470048315940465	2	other	1.7371666811430558e-4
ENSDARG00000070477	1.1246093080693753	23	other	0.001997741683314514
ENSDARG00000070478	0.35650611248351843	225	other	0.019543125162859377
ENSDARG00000070479	0.31491600728918057	551	other	0.047858942065491183
ENSDARG00000070480	0.5015162570488544	585	other	0.05081212542343438
ENSDARG00000070484	0.3831109773183583	2069	high zero count	0.1797098931642491
ENSDARG00000070485	0.11257541919807056	263	other	0.022843741857031183
ENSDARG00000070486	-0.24137631018953432	1769	high zero count	0.15365239294710328
ENSDARG00000070487	0.3852098448552138	194	other	0.01685051680708764
ENSDARG00000070491	0.062150100371104716	388	other	0.03370103361417528
ENSDARG00000070494	0.3617567037917823	137	other	0.011899591765829932
ENSDARG00000070498	0.6084790996006547	913	other	0.07930165899418049
ENSDARG00000070507	0.12615514872474018	1662	high zero count	0.14435855120298793
ENSDARG00000070511	0.1568311803790037	3416	high zero count	0.2967080691392339
ENSDARG00000070512	0.32701444132540736	153	other	0.013289325110744377
ENSDARG00000070513	-0.06007352728508981	897	other	0.07791192564926605
ENSDARG00000070537	0.9059843181261179	887	other	0.07704334230869452
ENSDARG00000070538	0.2983492901495263	191	other	0.016589941804916183
ENSDARG00000070542	-0.21324593646717668	1532	high zero count	0.13306696777555807
ENSDARG00000070546	-0.09857850066250505	1154	high zero count	0.1002345175019543
ENSDARG00000070553	0.6658026892131019	123	other	0.010683575089029793
ENSDARG00000070555	-0.1713879731633995	436	other	0.037870233648918616
ENSDARG00000070560	1.282011704822357	3	other	2.6057500217145836e-4
ENSDARG00000070567	0.3332765184827625	1711	high zero count	0.1486146095717884
ENSDARG00000070568	0.28881474075386443	78	other	0.006774950056457917
ENSDARG00000070570	0.8056171168080775	330	other	0.02866325023886042
ENSDARG00000070571	0.13547496758729458	1900	high zero count	0.16503083470859028
ENSDARG00000070573	0.7489341712081188	25	other	0.0021714583514288194
ENSDARG00000070575	0.04426154397509933	2073	high zero count	0.18005732650047773
ENSDARG00000070581	0.06599111494087713	1454	high zero count	0.12629201771910015
ENSDARG00000070583	0.22307104487858134	1646	high zero count	0.14296881785807347
ENSDARG00000070589	0.7479198143167773	237	other	0.02058542517154521
ENSDARG00000070600	0.47777354965463975	10	other	8.685833405715278e-4
ENSDARG00000070601	0.2108511009077923	186	other	0.01615565013463042
ENSDARG00000070603	0.18811504848251184	533	other	0.04629549205246243
ENSDARG00000070605	-0.1268894219817457	3691	high zero count	0.32059411100495094
ENSDARG00000070606	-0.2022723404633803	1143	high zero count	0.09927907582732563
ENSDARG00000070607	0.7413785849003265	42	other	0.003648050030400417
ENSDARG00000070620	-0.21236094422545307	387	other	0.033614175280118126
ENSDARG00000070621	0.5460054787752588	126	other	0.010944150091201251
ENSDARG00000070623	0.6699571723884786	216	other	0.018761400156345
ENSDARG00000070625	0.054558988532060634	285	other	0.024754625206288544
ENSDARG00000070626	0.19454661973051207	434	other	0.037696516980804305
ENSDARG00000070644	0.24226722479218218	216	other	0.018761400156345
ENSDARG00000070651	0.6331005617704988	110	other	0.009554416746286806
ENSDARG00000070654	0.39000095171167887	707	other	0.061408842178407017
ENSDARG00000070656	0.5863640484007231	258	other	0.02240945018674542
ENSDARG00000070657	1.9590193757401972	3	other	2.6057500217145836e-4
ENSDARG00000070669	0.058972857092740416	1592	high zero count	0.13827846781898723
ENSDARG00000070670	0.8508250999041286	136	other	0.011812733431772778
ENSDARG00000070674	1.7890413712097921	15	other	0.0013028750108572918
ENSDARG00000070675	0.8853593931095939	286	other	0.024841483540345696
ENSDARG00000070677	0.10622028362035842	734	other	0.06375401719795014
ENSDARG00000070681	-0.06679467652146312	245	other	0.021280291844002434
ENSDARG00000070682	1.077450884319433	45	other	0.0039086250325718755
ENSDARG00000070683	0.46087218152606174	3344	high zero count	0.2904542690871189
ENSDARG00000070686	1.1303430614478462	378	other	0.03283245027360375
ENSDARG00000070688	1.7520389390171367	11	other	9.554416746286806e-4
ENSDARG00000070698	0.11208062032865962	25	other	0.0021714583514288194
ENSDARG00000070702	1.1012677092980634	225	other	0.019543125162859377
ENSDARG00000070704	0.027332733772165427	110	other	0.009554416746286806
ENSDARG00000070709	0.17704199847729446	3246	high zero count	0.2819421523495179
ENSDARG00000070714	-0.08483631887212859	71	other	0.006166941718057848
ENSDARG00000070717	-0.0011677190688820607	230	other	0.01997741683314514
ENSDARG00000070721	0.07212075426172342	156	other	0.013549900112915835
ENSDARG00000070723	1.4672994925507434	26	other	0.0022583166854859725
ENSDARG00000070734	0.9918783019282815	801	other	0.06957352557977937
ENSDARG00000070743	0.14310200349180327	866	other	0.0752193172934943
ENSDARG00000070746	0.0826638263591263	2943	high zero count	0.25562407713020063
ENSDARG00000070769	0.46156655799936924	717	other	0.062277425518978545
ENSDARG00000070774	2.318794993715643	414	other	0.035959350299661255
ENSDARG00000070781	-0.06191080365986092	2158	high zero count	0.1874402848953357
ENSDARG00000070786	0.417545230931115	163	other	0.014157908451315903
ENSDARG00000070787	1.8880411962639743	2	other	1.7371666811430558e-4
ENSDARG00000070792	0.2133726266026449	1435	high zero count	0.12464170937201424
ENSDARG00000070794	-0.09727166594764264	336	other	0.029184400243203335
ENSDARG00000070795	0.886917527120129	792	other	0.068791800573265
ENSDARG00000070798	-0.11138524244447756	381	other	0.03309302527577521
ENSDARG00000070800	-0.11131566815909885	471	other	0.04091027534091896
ENSDARG00000070801	0.6297449170617853	88	other	0.007643533397029445
ENSDARG00000070809	-0.10569454033547855	755	other	0.06557804221315035
ENSDARG00000070818	0.09518879713991814	1046	other	0.09085381742378182
ENSDARG00000070822	1.3350678289390432	3	other	2.6057500217145836e-4
ENSDARG00000070824	1.7419883536331564	33	other	0.002866325023886042
ENSDARG00000070826	0.3211380626003762	1712	high zero count	0.14870146790584557
ENSDARG00000070828	1.0722291562405781	112	other	0.009728133414401112
ENSDARG00000070830	0.07666616825800812	3576	high zero count	0.3106054025883784
ENSDARG00000070832	0.747391758699061	15	other	0.0013028750108572918
ENSDARG00000070833	0.3488144716141166	633	other	0.054981325458177716
ENSDARG00000070834	2.1825396187847965	79	other	0.0068618083905150696
ENSDARG00000070835	1.398667863038378	433	other	0.03760965864674715
ENSDARG00000070839	-0.15307663774010058	179	other	0.015547641796230348
ENSDARG00000070843	-0.15964160588076134	779	other	0.06766264223052201
ENSDARG00000070844	1.7655818679830193	93	other	0.00807782506731521
ENSDARG00000070846	0.03181135830178008	132	other	0.011465300095544168
ENSDARG00000070858	0.9047508494345411	1557	high zero count	0.1352384261269869
ENSDARG00000070864	-0.09339180181463527	658	other	0.05715278380960653
ENSDARG00000070866	0.5250812763700422	32	other	0.0027794666898288893
ENSDARG00000070867	1.1234565980044362	1110	high zero count	0.09641275080343958
ENSDARG00000070868	0.12080759815156639	1983	high zero count	0.17224007643533398
ENSDARG00000070873	0.639454573137365	550	other	0.04777208373143403
ENSDARG00000070898	0.38105855914169573	533	other	0.04629549205246243
ENSDARG00000070903	0.1297095111468683	261	other	0.022670025188916875
ENSDARG00000070913	1.7395760622428689	220	other	0.019108833492573613
ENSDARG00000070914	1.7264397719037372	112	other	0.009728133414401112
ENSDARG00000070916	0.30097682497641326	217	other	0.018848258490402153
ENSDARG00000070917	-0.02122507929229775	690	other	0.05993225049943542
ENSDARG00000070922	2.4072495022389613	39	other	0.0033874750282289587
ENSDARG00000070939	0.6127556736325389	618	other	0.05367845044732042
ENSDARG00000070950	0.2196442939218354	1092	high zero count	0.09484930079041085
ENSDARG00000070951	1.2351335149292089	337	other	0.029271258577260487
ENSDARG00000070955	0.010934447563883678	771	other	0.0669677755580648
ENSDARG00000070959	2.1901329332488397	1	other	8.685833405715279e-5
ENSDARG00000070961	0.25654476660143416	258	other	0.02240945018674542
ENSDARG00000070971	-0.019559916890558367	263	other	0.022843741857031183
ENSDARG00000070981	0.7547764508411436	30	other	0.0026057500217145837
ENSDARG00000070985	1.3704358650259645	172	other	0.01493963345783028
ENSDARG00000070986	-0.09612655677634933	2006	high zero count	0.1742378181186485
ENSDARG00000071004	1.1590119993642483	39	other	0.0033874750282289587
ENSDARG00000071005	0.5870934935416808	1308	high zero count	0.11361070094675584
ENSDARG00000071009	-0.14615468449470892	102	other	0.008859550073829584
ENSDARG00000071010	-0.10804287285818812	639	other	0.05550247546252063
ENSDARG00000071014	0.9707145070525717	44	other	0.0038217666985147225
ENSDARG00000071015	0.6493766095471221	49	other	0.004256058368800487
ENSDARG00000071018	1.100691710056195	10	other	8.685833405715278e-4
ENSDARG00000071026	0.9596123453937536	1218	high zero count	0.10579345088161209
ENSDARG00000071031	1.3833171760941145	416	other	0.03613306696777556
ENSDARG00000071037	0.47801502631943743	874	other	0.07591418396595154
ENSDARG00000071040	0.3271130092634446	891	other	0.07739077564492312
ENSDARG00000071046	0.6684495803946153	1791	high zero count	0.15556327629636063
ENSDARG00000071051	0.8058721456225861	194	other	0.01685051680708764
ENSDARG00000071052	0.20246292511484923	1892	high zero count	0.16433596803613307
ENSDARG00000071055	0.16301596104617572	486	other	0.04221315035177625
ENSDARG00000071060	1.3695298308733477	19	other	0.0016503083470859028
ENSDARG00000071062	-0.019080049705881237	991	other	0.08607660905063841
ENSDARG00000071065	0.8660632547600701	113	other	0.009814991748458264
ENSDARG00000071082	0.5132375157678503	26	other	0.0022583166854859725
ENSDARG00000071083	-0.02253840101180275	81	other	0.007035525058629376
ENSDARG00000071084	0.5113465072802637	395	other	0.03430904195257535
ENSDARG00000071087	0.5273851644715606	640	other	0.05558933379657778
ENSDARG00000071090	0.2961487078391064	2306	high zero count	0.2002953183357943
ENSDARG00000071095	0.3794849335232543	1845	high zero count	0.16025362633544687
ENSDARG00000071107	-0.0893243348401194	719	other	0.06245114218709285
ENSDARG00000071113	0.43692930580666023	355	other	0.03083470859028924
ENSDARG00000071116	0.05859161847580775	1415	high zero count	0.12290454269087119
ENSDARG00000071150	0.4388326807504515	75	other	0.006514375054286459
ENSDARG00000071168	-0.09550012064378709	317	other	0.027534091896117434
ENSDARG00000071173	0.200810284887296	280	other	0.02432033353600278
ENSDARG00000071196	0.8752116343735653	182	other	0.015808216798401806
ENSDARG00000071197	-0.15593898055941885	738	other	0.06410145053417876
ENSDARG00000071198	0.03304576233819945	1216	high zero count	0.10561973421349778
ENSDARG00000071203	0.6091833259359625	382	other	0.033179883609832365
ENSDARG00000071208	-0.11790805711849846	1904	high zero count	0.1653782680448189
ENSDARG00000071209	0.02505827492809034	384	other	0.03335360027794667
ENSDARG00000071211	0.3800219287900046	600	other	0.052115000434291674
ENSDARG00000071212	0.4753758857678608	123	other	0.010683575089029793
ENSDARG00000071213	0.2328133943991685	2813	high zero count	0.24433249370277077
ENSDARG00000071215	-0.07347936729546499	571	other	0.04959610874663424
ENSDARG00000071224	2.24576084723356	269	other	0.0233648918613741
ENSDARG00000071233	0.12049640660410979	3657	high zero count	0.31764092764700774
ENSDARG00000071235	0.5747397356781065	1810	high zero count	0.15721358464344654
ENSDARG00000071241	0.8571785324133074	618	other	0.05367845044732042
ENSDARG00000071259	0.9187186341121002	101	other	0.008772691739772432
ENSDARG00000071271	-0.08993551188497069	2142	high zero count	0.18605055155042127
ENSDARG00000071272	1.1495829621598914	36	other	0.0031269000260575
ENSDARG00000071288	0.14499540688532947	587	other	0.05098584209154868
ENSDARG00000071294	0.09487265759948571	120	other	0.010423000086858335
ENSDARG00000071304	0.12953804480928985	1770	high zero count	0.15373925128116042
ENSDARG00000071331	0.8008032849211211	130	other	0.011291583427429861
ENSDARG00000071336	1.2522358673963208	192	other	0.016676800138973335
ENSDARG00000071339	0.6780087757962613	1479	high zero count	0.12846347607052896
ENSDARG00000071345	0.917851436095285	450	other	0.039086250325718754
ENSDARG00000071353	1.1174134191036662	4	other	3.4743333622861116e-4
ENSDARG00000071355	0.7275014309477595	1707	high zero count	0.1482671762355598
ENSDARG00000071374	0.0484438132038676	399	other	0.03465647528880396
ENSDARG00000071377	0.26648312478585456	1344	high zero count	0.11673760097281334
ENSDARG00000071378	1.211219555229431	523	other	0.04542690871189091
ENSDARG00000071384	1.1902683466197035	18	other	0.00156345001302875
ENSDARG00000071395	1.7255178634773094	2	other	1.7371666811430558e-4
ENSDARG00000071396	1.1531702317190156	397	other	0.034482758620689655
ENSDARG00000071403	3.188292218204631	6	other	5.211500043429167e-4
ENSDARG00000071409	1.191678861953206	174	other	0.015113350125944584
ENSDARG00000071413	0.0365079655146656	292	other	0.025362633544688613
ENSDARG00000071414	0.03822861714768568	257	other	0.022322591852688266
ENSDARG00000071418	0.030416513931174585	1600	high zero count	0.13897333449144444
ENSDARG00000071424	0.06294912708152835	53	other	0.004603491705029098
ENSDARG00000071425	0.6482775970411899	252	other	0.021888300182402502
ENSDARG00000071426	0.6535248516895976	15	other	0.0013028750108572918
ENSDARG00000071445	0.5558375284449084	1271	high zero count	0.11039694258664119
ENSDARG00000071450	-0.09524547623137417	3268	high zero count	0.2838530356987753
ENSDARG00000071458	0.21048819823046838	1461	high zero count	0.12690002605750023
ENSDARG00000071460	-0.015094276082875974	251	other	0.02180144184834535
ENSDARG00000071462	-0.04905590311691994	2027	high zero count	0.1760618431338487
ENSDARG00000071465	-0.11842500422679043	728	other	0.06323286719360723
ENSDARG00000071467	0.8263389755547528	72	other	0.006253800052115
ENSDARG00000071468	0.9090477446715598	413	other	0.0358724919656041
ENSDARG00000071475	0.03565718295587804	1765	high zero count	0.15330495961087467
ENSDARG00000071478	0.40877442646150697	1120	high zero count	0.09728133414401112
ENSDARG00000071487	0.09145784420254886	1703	high zero count	0.14791974289933119
ENSDARG00000071492	0.10867431004173068	67	other	0.005819508381829237
ENSDARG00000071494	-0.1276436653840423	3737	high zero count	0.32458959437157997
ENSDARG00000071497	0.8187211457214583	375	other	0.03257187527143229
ENSDARG00000071498	-0.23759138067547528	1628	high zero count	0.14140536784504473
ENSDARG00000071500	0.178126103076299	325	other	0.028228958568574655
ENSDARG00000071506	0.15091505781871248	604	other	0.05246243377052028
ENSDARG00000071518	0.10619754265623392	377	other	0.0327455919395466
ENSDARG00000071524	0.14018925138664842	1255	high zero count	0.10900720924172674
ENSDARG00000071548	0.8048507752765539	227	other	0.01971684183097368
ENSDARG00000071549	0.1154079841594669	1732	high zero count	0.1504386345869886
ENSDARG00000071551	0.5960472569353241	563	other	0.048901242074177016
ENSDARG00000071555	0.6901533712073356	205	other	0.01780595848171632
ENSDARG00000071558	0.07093880930572528	436	other	0.037870233648918616
ENSDARG00000071560	0.015052735892839087	3271	high zero count	0.28411361070094676
ENSDARG00000071562	0.21079047735561024	1346	high zero count	0.11691131764092765
ENSDARG00000071565	0.009570364969138026	1021	other	0.08868235907235299
ENSDARG00000071566	1.188838594927742	12	other	0.0010423000086858334
ENSDARG00000071567	0.5080302769480936	657	other	0.05706592547554938
ENSDARG00000071570	0.7583994639151004	411	other	0.03569877529748979
ENSDARG00000071573	1.2509610469298464	164	other	0.014244766785373057
ENSDARG00000071578	0.35562239535170614	1859	high zero count	0.16146964301224703
ENSDARG00000071585	0.5845964880293133	772	other	0.06705463389212195
ENSDARG00000071586	1.3285243169166236	419	other	0.036393641969947016
ENSDARG00000071589	0.11110483289484065	123	other	0.010683575089029793
ENSDARG00000071594	0.17990343273597337	1102	high zero count	0.09571788413098237
ENSDARG00000071596	0.5048280152789948	455	other	0.039520541996004514
ENSDARG00000071601	0.6789902229556255	118	other	0.010249283418744029
ENSDARG00000071626	1.2655880321240283	3439	high zero count	0.29870581082254843
ENSDARG00000071644	0.7836640377562202	320	other	0.02779466689828889
ENSDARG00000071652	0.44335123819693967	103	other	0.008946408407886736
ENSDARG00000071657	0.0439357266599372	533	other	0.04629549205246243
ENSDARG00000071658	0.8351897089383493	287	other	0.02492834187440285
ENSDARG00000071667	-0.17598035439611004	1684	high zero count	0.14626943455224528
ENSDARG00000071669	-0.08587110119741624	1186	high zero count	0.1030139841917832
ENSDARG00000071670	2.011199165802448	20	other	0.0017371666811430556
ENSDARG00000071671	0.010151298499065972	273	other	0.02371232519760271
ENSDARG00000071673	0.7139749632461425	355	other	0.03083470859028924
ENSDARG00000071678	0.41826553490289664	1197	high zero count	0.10396942586641188
ENSDARG00000071679	0.6413530645257131	286	other	0.024841483540345696
ENSDARG00000071683	0.4586228895931086	103	other	0.008946408407886736
ENSDARG00000071684	-0.008850890346540331	355	other	0.03083470859028924
ENSDARG00000071685	0.36747626420122265	344	other	0.02987926691566056
ENSDARG00000071691	1.9477360372985795	11	other	9.554416746286806e-4
ENSDARG00000071692	-0.013790176549147631	1006	other	0.0873794840614957
ENSDARG00000071694	0.38150753931647546	686	other	0.05958481716320681
ENSDARG00000071697	0.5568398000051216	91	other	0.007904108399200903
ENSDARG00000071699	-0.06527918727791535	183	other	0.01589507513245896
ENSDARG00000071709	-0.07859939738705549	3249	high zero count	0.2822027273516894
ENSDARG00000071719	0.21266717656105974	838	other	0.07278728393989403
ENSDARG00000071724	0.08737336294805044	1725	high zero count	0.14983062624858856
ENSDARG00000071733	1.1191501764259648	1279	high zero count	0.11109180925909841
ENSDARG00000071772	-0.033740494656832515	950	other	0.08251541735429514
ENSDARG00000071860	0.4102535384987114	935	other	0.08121254234343785
ENSDARG00000071863	0.3477837762436116	195	other	0.01693737514114479
ENSDARG00000071868	0.32199571900076207	398	other	0.03456961695474681
ENSDARG00000071871	0.6670076419080121	1980	high zero count	0.1719795014331625
ENSDARG00000071872	0.4774569827819664	1550	high zero count	0.1346304177885868
ENSDARG00000071877	1.2137334673160365	1771	high zero count	0.1538261096152176
ENSDARG00000071878	0.8854053496731112	482	other	0.04186571701554764
ENSDARG00000071879	0.05718292392826748	255	other	0.02214887518457396
ENSDARG00000071881	0.14913423478528218	598	other	0.05194128376617736
ENSDARG00000071906	0.8803111540594064	15	other	0.0013028750108572918
ENSDARG00000073665	0.07012084363004449	1078	high zero count	0.0936332841136107
ENSDARG00000073673	0.3693625087516626	979	other	0.08503430904195257
ENSDARG00000073684	0.2754497955434539	365	other	0.031703291930860765
ENSDARG00000073688	0.053335894431480076	206	other	0.017892816815773472
ENSDARG00000073696	0.5690513593243404	77	other	0.006688091722400764
ENSDARG00000073699	0.8872960613774574	1910	high zero count	0.1658994180491618
ENSDARG00000073705	0.1493269096349631	451	other	0.039173108659775906
ENSDARG00000073707	0.02072946125384226	180	other	0.015634500130287502
ENSDARG00000073708	0.7718624856347682	1617	high zero count	0.14044992617041605
ENSDARG00000073709	0.04826517926595137	2040	high zero count	0.17719100147659167
ENSDARG00000073710	0.9828860512664492	1	other	8.685833405715279e-5
ENSDARG00000073711	-0.20764433177917982	822	other	0.07139755059497958
ENSDARG00000073713	0.17701779097906192	428	other	0.03717536697646139
ENSDARG00000073716	0.02145362273383056	2958	high zero count	0.25692695214105793
ENSDARG00000073718	-0.03236171298270727	3088	high zero count	0.2682185355684878
ENSDARG00000073721	0.7616591145496117	812	other	0.07052896725440806
ENSDARG00000073723	-0.06212884068963564	231	other	0.020064275167202293
ENSDARG00000073724	0.192240985914296	1870	high zero count	0.1624250846868757
ENSDARG00000073728	0.1414213940569174	114	other	0.009901850082515417
ENSDARG00000073731	0.7648388728527528	232	other	0.020151133501259445
ENSDARG00000073732	0.05364638282822051	67	other	0.005819508381829237
ENSDARG00000073737	0.8343160778127452	42	other	0.003648050030400417
ENSDARG00000073743	-0.023885741601878688	1583	high zero count	0.13749674281247284
ENSDARG00000073744	0.7710828494072521	616	other	0.053504733779206115
ENSDARG00000073750	2.776942800226253	1487	high zero count	0.12915834274298618
ENSDARG00000073753	1.007940693268224	2065	high zero count	0.1793624598280205
ENSDARG00000073756	0.05809124484314987	70	other	0.006080083384000695
ENSDARG00000073765	0.23268144034745336	33	other	0.002866325023886042
ENSDARG00000073769	0.1054285447058153	212	other	0.018413966820116392
ENSDARG00000073771	-0.16653852832762608	937	other	0.08138625901155216
ENSDARG00000073773	0.11550239676718337	2343	high zero count	0.20350907669590898
ENSDARG00000073786	-0.009333801923371724	336	other	0.029184400243203335
ENSDARG00000073787	0.07563721025996324	3706	high zero count	0.32189698601580824
ENSDARG00000073792	0.06813904541076607	1857	high zero count	0.16129592634413273
ENSDARG00000073801	-0.011193317174666364	846	other	0.07348215061235125
ENSDARG00000073802	0.015743824476225163	431	other	0.03743594197863285
ENSDARG00000073814	0.15979765351242878	281	other	0.024407191870059932
ENSDARG00000073837	0.5127243172165944	26	other	0.0022583166854859725
ENSDARG00000073841	0.6907563446302653	99	other	0.008598975071658126
ENSDARG00000073843	0.24329099213280084	305	other	0.026491791887431598
ENSDARG00000073845	0.12453806961957388	514	other	0.04464518370537653
ENSDARG00000073848	0.5122195812245093	110	other	0.009554416746286806
ENSDARG00000073857	0.24871514299177538	381	other	0.03309302527577521
ENSDARG00000073858	0.36321681010114076	1829	high zero count	0.15886389299053244
ENSDARG00000073859	0.01450281807287864	3367	high zero count	0.2924520107704334
ENSDARG00000073866	0.07490268887134349	394	other	0.0342221836185182
ENSDARG00000073867	0.21458968772982903	1202	high zero count	0.10440371753669765
ENSDARG00000073869	0.26568556578769764	155	other	0.013463041778858681
ENSDARG00000073870	0.4544781182104466	970	other	0.0842525840354382
ENSDARG00000073872	0.9055322262603006	31	other	0.0026926083557717363
ENSDARG00000073876	0.051515931309712604	345	other	0.02996612524971771
ENSDARG00000073883	0.6507154055300037	291	other	0.02527577521063146
ENSDARG00000073892	-0.1949311821028913	447	other	0.0388256753235473
ENSDARG00000073893	0.014634087561294935	308	other	0.026752366889603058
ENSDARG00000073899	0.1071379566492941	1470	high zero count	0.12768175106401458
ENSDARG00000073900	0.02749049149235621	1097	high zero count	0.0952835924606966
ENSDARG00000073902	-0.13035314426962796	1790	high zero count	0.1554764179623035
ENSDARG00000073905	0.6803113941616186	317	other	0.027534091896117434
ENSDARG00000073909	-0.121904200640188	1210	high zero count	0.10509858420915487
ENSDARG00000073910	0.1507164082374761	777	other	0.06748892556240771
ENSDARG00000073917	0.0723186134417082	2852	high zero count	0.24771996873099975
ENSDARG00000073923	-0.003920259150210148	704	other	0.06114826717623556
ENSDARG00000073926	0.34691455799335186	121	other	0.010509858420915487
ENSDARG00000073931	0.08437447535577262	943	other	0.08190740901589508
ENSDARG00000073935	-0.23779992469701305	2066	high zero count	0.17944931816207765
ENSDARG00000073944	0.978487475360592	131	other	0.011378441761487015
ENSDARG00000073952	-0.15523672427142546	157	other	0.013636758446972987
ENSDARG00000073957	0.4508552133381275	146	other	0.012681316772344306
ENSDARG00000073962	0.9675470014767936	322	other	0.027968383566403198
ENSDARG00000073970	-0.10496583273500364	457	other	0.039694258664118826
ENSDARG00000073978	0.8858085605451508	273	other	0.02371232519760271
ENSDARG00000073988	0.3124263075706386	149	other	0.012941891774515765
ENSDARG00000073997	0.6102403241291505	69	other	0.005993225049943542
ENSDARG00000073999	0.8807372204747939	460	other	0.03995483366629028
ENSDARG00000074001	0.4292559679154963	1376	high zero count	0.11951706766264224
ENSDARG00000074002	0.030430536769705065	3490	high zero count	0.3031355858594632
ENSDARG00000074009	0.18573275049428117	724	other	0.06288543385737862
ENSDARG00000074023	1.3092950569636912	106	other	0.009206983410058196
ENSDARG00000074030	0.6060623944324588	237	other	0.02058542517154521
ENSDARG00000074031	0.3813878967108255	1007	other	0.08746634239555286
ENSDARG00000074033	0.2387014746628504	292	other	0.025362633544688613
ENSDARG00000074041	0.3500579634663493	292	other	0.025362633544688613
ENSDARG00000074050	0.3100068225504099	1031	other	0.08955094241292452
ENSDARG00000074056	0.09089288507623816	518	other	0.04499261704160514
ENSDARG00000074057	3.136194492022735	4	other	3.4743333622861116e-4
ENSDARG00000074059	0.7044777595413785	85	other	0.007382958394857987
ENSDARG00000074060	0.14197600759937984	1999	high zero count	0.17362980978024842
ENSDARG00000074070	-0.1243895010619656	378	other	0.03283245027360375
ENSDARG00000074071	0.01679656298111755	435	other	0.037783375314861464
ENSDARG00000074073	0.028621415447173507	1625	high zero count	0.14114479284287326
ENSDARG00000074084	0.34746535050541655	12	other	0.0010423000086858334
ENSDARG00000074094	0.41493025604605743	1129	high zero count	0.09806305915052549
ENSDARG00000074098	0.18149703192369857	274	other	0.023799183531659863
ENSDARG00000074121	0.5882672993912081	51	other	0.004429775036914792
ENSDARG00000074126	-0.1762566420281014	1924	high zero count	0.16711543472596196
ENSDARG00000074131	0.015352289702558785	66	other	0.005732650047772084
ENSDARG00000074137	-0.014388617869493848	1308	high zero count	0.11361070094675584
ENSDARG00000074143	-0.1608095738982933	273	other	0.02371232519760271
ENSDARG00000074146	0.0666662671243184	2280	high zero count	0.19803700165030835
ENSDARG00000074149	-0.13058381231146224	581	other	0.05046469208720577
ENSDARG00000074156	-0.10371510176252673	1230	high zero count	0.10683575089029793
ENSDARG00000074161	0.959388010256554	27	other	0.002345175019543125
ENSDARG00000074163	0.0020537085501327952	1973	high zero count	0.17137149309476243
ENSDARG00000074166	0.7724788799440646	7	other	6.080083384000695e-4
ENSDARG00000074168	0.5925083690417505	32	other	0.0027794666898288893
ENSDARG00000074169	0.17199955776405831	186	other	0.01615565013463042
ENSDARG00000074182	0.3328865571831903	1871	high zero count	0.16251194302093286
ENSDARG00000074183	0.4411509787856854	335	other	0.029097541909146183
ENSDARG00000074201	1.8041404145138724	1	other	8.685833405715279e-5
ENSDARG00000074205	-0.09738886661456365	1777	high zero count	0.1543472596195605
ENSDARG00000074223	0.2014021162166898	233	other	0.020237991835316597
ENSDARG00000074226	0.5258569842306825	1141	high zero count	0.09910535915921133
ENSDARG00000074229	1.0284178910217787	31	other	0.0026926083557717363
ENSDARG00000074238	-0.1857000938808217	309	other	0.02683922522366021
ENSDARG00000074242	3.186404344767537	1	other	8.685833405715279e-5
ENSDARG00000074245	0.582346827358366	46	other	0.003995483366629028
ENSDARG00000074246	1.4809561057099554	9	other	7.81725006514375e-4
ENSDARG00000074248	0.21700864780512966	236	other	0.020498566837488057
ENSDARG00000074253	0.02726431997340363	551	other	0.047858942065491183
ENSDARG00000074255	-0.03459422716129195	487	other	0.042300008685833404
ENSDARG00000074262	0.41599424878768076	2536	high zero count	0.22027273516893947
ENSDARG00000074266	1.1999161948535506	121	other	0.010509858420915487
ENSDARG00000074270	0.0949703485934329	488	other	0.042386867019890556
ENSDARG00000074271	0.5260995825558019	379	other	0.0329193086076609
ENSDARG00000074275	-0.246672442213057	491	other	0.04264744202206202
ENSDARG00000074282	0.5678345042616197	95	other	0.008251541735429515
ENSDARG00000074287	0.20793129463267765	150	other	0.013028750108572918
ENSDARG00000074289	0.1847615039843545	14	other	0.001216016676800139
ENSDARG00000074293	0.2557600047230472	49	other	0.004256058368800487
ENSDARG00000074298	0.6914913801399976	35	other	0.0030400416920003475
ENSDARG00000074301	0.955090650143014	145	other	0.012594458438287154
ENSDARG00000074303	0.47516852572615714	234	other	0.020324850169373753
ENSDARG00000074307	-0.02285700291207924	1515	high zero count	0.13159037609658647
ENSDARG00000074311	-0.11614833456559871	125	other	0.010857291757144097
ENSDARG00000074319	0.49596377925382995	113	other	0.009814991748458264
ENSDARG00000074328	0.6560899938120794	1656	high zero count	0.14383740119864502
ENSDARG00000074331	0.600370070004581	26	other	0.0022583166854859725
ENSDARG00000074332	0.23782946902142374	38	other	0.0033006166941718057
ENSDARG00000074335	0.5109894756860737	65	other	0.005645791713714931
ENSDARG00000074337	0.03868226261249586	1516	high zero count	0.1316772344306436
ENSDARG00000074340	2.0792035635753066	10	other	8.685833405715278e-4
ENSDARG00000074341	0.44897088334736607	343	other	0.029792408581603404
ENSDARG00000074346	-0.18128467352924077	1312	high zero count	0.11395813428298446
ENSDARG00000074356	-0.02888912337969575	272	other	0.023625466863545556
ENSDARG00000074363	0.3223608565658499	558	other	0.048466950403891255
ENSDARG00000074365	0.12517235945650113	854	other	0.07417701728480848
ENSDARG00000074367	0.3594570402147061	27	other	0.002345175019543125
ENSDARG00000074372	-0.20313779681399163	1291	high zero count	0.11213410926778425
ENSDARG00000074376	0.650613659154416	2012	high zero count	0.1747589681229914
ENSDARG00000074378	0.8080499588797659	2086	high zero count	0.1811864848432207
ENSDARG00000074379	0.2825403570605884	599	other	0.052028142100234515
ENSDARG00000074381	0.4759554464527627	1965	high zero count	0.17067662642230522
ENSDARG00000074387	0.04416428527114505	1633	high zero count	0.1418396595153305
ENSDARG00000074390	0.2942196483715513	445	other	0.038651958655432986
ENSDARG00000074393	0.14246089382754698	2191	high zero count	0.19030660991922174
ENSDARG00000074396	-0.06844640182804648	1332	high zero count	0.11569530096412751
ENSDARG00000074410	0.11238788672929198	78	other	0.006774950056457917
ENSDARG00000074414	-0.20736765634627288	1063	high zero count	0.0923304091027534
ENSDARG00000074415	0.34646442709798264	653	other	0.056718492139320766
ENSDARG00000074424	0.05210965092794099	437	other	0.03795709198297577
ENSDARG00000074425	0.9393342734198393	2194	high zero count	0.1905671849213932
ENSDARG00000074431	0.42514874928048507	355	other	0.03083470859028924
ENSDARG00000074435	0.3150385450458097	1822	high zero count	0.15825588465213236
ENSDARG00000074441	0.01835712445736581	782	other	0.06792321723269348
ENSDARG00000074443	0.7584470726731998	1364	high zero count	0.1184747676539564
ENSDARG00000074451	-0.09822199866744055	753	other	0.06540432554503604
ENSDARG00000074453	0.5837752441667481	192	other	0.016676800138973335
ENSDARG00000074465	-0.06849791546959809	269	other	0.0233648918613741
ENSDARG00000074466	0.12047676883752531	767	other	0.06662034222183619
ENSDARG00000074468	0.8401124936497	174	other	0.015113350125944584
ENSDARG00000074471	0.3342438692387616	58	other	0.005037783375314861
ENSDARG00000074481	-0.06452008960846309	690	other	0.05993225049943542
ENSDARG00000074490	0.49044227020779574	17	other	0.0014765916789715972
ENSDARG00000074498	0.8727464971606581	132	other	0.011465300095544168
ENSDARG00000074502	0.5238594395868127	66	other	0.005732650047772084
ENSDARG00000074506	0.40518470032191106	49	other	0.004256058368800487
ENSDARG00000074507	0.22879671921504402	212	other	0.018413966820116392
ENSDARG00000074508	-0.005909176111535155	1187	high zero count	0.10310084252584036
ENSDARG00000074510	0.12262832209820826	491	other	0.04264744202206202
ENSDARG00000074519	-0.19793371487926667	2051	high zero count	0.17814644315122036
ENSDARG00000074521	0.8735289478017123	1379	high zero count	0.1197776426648137
ENSDARG00000074526	0.49989722891831323	156	other	0.013549900112915835
ENSDARG00000074527	0.2272821895775727	368	other	0.03196386693303222
ENSDARG00000074531	-0.1843702913338994	244	other	0.021193433509945278
ENSDARG00000074533	0.5859975176081135	72	other	0.006253800052115
ENSDARG00000074540	0.3047586960504782	1292	high zero count	0.1122209676018414
ENSDARG00000074544	0.059764444236978485	159	other	0.013810475115087293
ENSDARG00000074548	-0.041835071490296714	995	other	0.08642404238686702
ENSDARG00000074552	1.8504087505802758	48	other	0.004169200034743334
ENSDARG00000074554	1.1156054032170166	73	other	0.006340658386172153
ENSDARG00000074558	-0.13356650715629154	1184	high zero count	0.1028402675236689
ENSDARG00000074560	-0.0971861426954461	1121	high zero count	0.09736819247806827
ENSDARG00000074565	0.3339823979021755	269	other	0.0233648918613741
ENSDARG00000074572	1.1918912712404794	1	other	8.685833405715279e-5
ENSDARG00000074575	-0.11662078326335747	174	other	0.015113350125944584
ENSDARG00000074581	0.3972313667029239	261	other	0.022670025188916875
ENSDARG00000074583	-0.05571853392591262	643	other	0.05584990879874924
ENSDARG00000074588	0.5102865348612138	647	other	0.05619734213497785
ENSDARG00000074589	0.48400417726267636	195	other	0.01693737514114479
ENSDARG00000074597	-0.15452861168518886	1837	high zero count	0.15955875966298966
ENSDARG00000074599	0.5936061558018175	23	other	0.001997741683314514
ENSDARG00000074600	0.14761234669489579	411	other	0.03569877529748979
ENSDARG00000074611	0.6305835934053452	546	other	0.04742465039520542
ENSDARG00000074617	0.10436731280132268	1722	high zero count	0.1495700512464171
ENSDARG00000074623	-0.12372397084765147	832	other	0.07226613393555112
ENSDARG00000074624	1.8794655423798876	4	other	3.4743333622861116e-4
ENSDARG00000074626	-0.3570138358689597	885	other	0.07686962564058021
ENSDARG00000074633	0.38280336459755104	989	other	0.0859028923825241
ENSDARG00000074634	0.699309065030802	306	other	0.026578650221488753
ENSDARG00000074635	1.0965406741555508	174	other	0.015113350125944584
ENSDARG00000074638	-0.3069526521756964	532	other	0.04620863371840528
ENSDARG00000074645	0.011778702527869753	2620	high zero count	0.2275688352297403
ENSDARG00000074656	0.9137823232006957	1373	high zero count	0.11925649266047077
ENSDARG00000074661	-0.027477638171646935	1972	high zero count	0.1712846347607053
ENSDARG00000074663	0.34245983686241044	307	other	0.026665508555545905
ENSDARG00000074667	1.3080303143727938	21	other	0.0018240250152002084
ENSDARG00000074671	0.34983256156773207	566	other	0.04916181707634847
ENSDARG00000074675	0.4401714280880959	535	other	0.04646920872057674
ENSDARG00000074676	-0.09475800988770801	138	other	0.011986450099887084
ENSDARG00000074677	0.06768562859246663	1221	high zero count	0.10605402588378354
ENSDARG00000074680	-0.019599129376118917	481	other	0.04177885868149049
ENSDARG00000074686	0.8494669401143599	15	other	0.0013028750108572918
ENSDARG00000074688	1.3362304248723464	121	other	0.010509858420915487
ENSDARG00000074691	0.10162555045225256	619	other	0.05376530878137757
ENSDARG00000074695	0.32781775625822024	240	other	0.02084600017371667
ENSDARG00000074703	-0.11123995305398862	185	other	0.016068791800573266
ENSDARG00000074708	-0.27191813393024206	1997	high zero count	0.1734560931121341
ENSDARG00000074715	0.2439674565476804	834	other	0.07243985060366542
ENSDARG00000074720	0.8906548130895879	1831	high zero count	0.15903760965864674
ENSDARG00000074723	-0.20767668239711595	644	other	0.055936767132806396
ENSDARG00000074726	-0.15126996570630313	47	other	0.004082341700686181
ENSDARG00000074727	0.22333091904018204	522	other	0.04534005037783375
ENSDARG00000074730	0.10818550969150745	466	other	0.040475983670633195
ENSDARG00000074734	0.22882796805892186	796	other	0.06913923390949361
ENSDARG00000074745	0.1436298664056997	117	other	0.010162425084686877
ENSDARG00000074747	0.5300626433306178	39	other	0.0033874750282289587
ENSDARG00000074749	0.5137163263086295	373	other	0.03239815860331799
ENSDARG00000074750	0.26409261183057436	224	other	0.019456266828802225
ENSDARG00000074752	0.5421783295769568	383	other	0.03326674194388952
ENSDARG00000074756	0.09533034136664964	218	other	0.018935116824459308
ENSDARG00000074757	0.23500555254169747	175	other	0.015200208460001738
ENSDARG00000074759	0.282777918843676	103	other	0.008946408407886736
ENSDARG00000074761	-0.27242463382636356	1899	high zero count	0.16494397637453315
ENSDARG00000074771	-0.04841153940218508	1638	high zero count	0.14227395118561625
ENSDARG00000074776	0.21208621586352638	1999	high zero count	0.17362980978024842
ENSDARG00000074777	-0.14612755965565818	1043	other	0.09059324242161035
ENSDARG00000074779	0.1285096417045523	168	other	0.014592200121601668
ENSDARG00000074782	0.264165474448241	407	other	0.03535134196126118
ENSDARG00000074790	0.9446828166384118	25	other	0.0021714583514288194
ENSDARG00000074791	-0.2669943210703571	450	other	0.039086250325718754
ENSDARG00000074796	0.0464665110542455	216	other	0.018761400156345
ENSDARG00000074804	0.19847570470521106	141	other	0.012247025102058542
ENSDARG00000074806	0.5074379101496304	200	other	0.017371666811430556
ENSDARG00000074807	0.48083619516416326	91	other	0.007904108399200903
ENSDARG00000074808	-0.20847188033986222	1170	high zero count	0.10162425084686875
ENSDARG00000074809	-0.06569466591495127	1839	high zero count	0.15973247633110396
ENSDARG00000074812	-0.1854127139305487	1312	high zero count	0.11395813428298446
ENSDARG00000074813	0.3604359067458875	1770	high zero count	0.15373925128116042
ENSDARG00000074815	0.5005469917401035	299	other	0.02597064188308868
ENSDARG00000074829	-0.20880921953152606	440	other	0.038217666985147225
ENSDARG00000074842	-0.01525975731759046	3402	high zero count	0.29549205246243376
ENSDARG00000074843	0.4252469940370603	249	other	0.021627725180231042
ENSDARG00000074844	-0.09209799133242842	375	other	0.03257187527143229
ENSDARG00000074846	0.4830462857416542	608	other	0.05280986710674889
ENSDARG00000074848	0.3431328870525179	184	other	0.01598193346651611
ENSDARG00000074849	2.1214274026159474	73	other	0.006340658386172153
ENSDARG00000074858	1.2560988585484167	254	other	0.022062016850516807
ENSDARG00000074860	0.18440198415561795	341	other	0.0296186919134891
ENSDARG00000074863	-0.10598672513956653	1359	high zero count	0.11804047598367064
ENSDARG00000074865	0.5922826586642873	292	other	0.025362633544688613
ENSDARG00000074866	0.7891665201857225	324	other	0.028142100234517502
ENSDARG00000074867	0.33566253283409986	170	other	0.014765916789715974
ENSDARG00000074869	0.2395332944164862	1097	high zero count	0.0952835924606966
ENSDARG00000074889	-0.23482865313540327	912	other	0.07921480066012333
ENSDARG00000074892	1.5622440318566106	114	other	0.009901850082515417
ENSDARG00000074894	0.6499734822060095	29	other	0.0025188916876574307
ENSDARG00000074899	0.9838255720915602	8	other	6.948666724572223e-4
ENSDARG00000074902	-0.11264907638155927	1724	high zero count	0.1497437679145314
ENSDARG00000074904	0.4886020836875162	193	other	0.016763658473030487
ENSDARG00000074908	0.6328839641149586	233	other	0.020237991835316597
ENSDARG00000074909	0.58469274776112	52	other	0.004516633370971945
ENSDARG00000074910	0.049148060598283534	533	other	0.04629549205246243
ENSDARG00000074915	0.12341532067974842	3711	high zero count	0.322331277686094
ENSDARG00000074927	0.023913976521962567	42	other	0.003648050030400417
ENSDARG00000074933	0.0230846906193619	1089	high zero count	0.09458872578823938
ENSDARG00000074955	1.3089243597654476	3	other	2.6057500217145836e-4
ENSDARG00000074966	-0.08198875797986256	1699	high zero count	0.14757230956310258
ENSDARG00000074967	0.73514507011079	180	other	0.015634500130287502
ENSDARG00000074968	-0.14379910615190944	1491	high zero count	0.1295057760792148
ENSDARG00000074979	1.5128382758872252	5	other	4.342916702857639e-4
ENSDARG00000074985	1.5442982341979086	62	other	0.0053852167115434725
ENSDARG00000074989	1.4929994719466586	1689	high zero count	0.14670372622253106
ENSDARG00000074996	0.06986530732528509	1311	high zero count	0.1138712759489273
ENSDARG00000075007	0.826491400753604	82	other	0.007122383392686529
ENSDARG00000075008	0.11376702230280182	2138	high zero count	0.18570311821419266
ENSDARG00000075014	0.9933067746542221	259	other	0.02249630852080257
ENSDARG00000075015	0.6683061173162795	1397	high zero count	0.12134109267784243
ENSDARG00000075016	0.20791271842434025	2264	high zero count	0.1966472683053939
ENSDARG00000075017	0.29437214963547637	1553	high zero count	0.13489099279075828
ENSDARG00000075021	1.1014494737512148	897	other	0.07791192564926605
ENSDARG00000075024	1.0830247402161237	153	other	0.013289325110744377
ENSDARG00000075025	0.3853489092598177	286	other	0.024841483540345696
ENSDARG00000075030	0.6746806653374146	977	other	0.08486059237383826
ENSDARG00000075034	0.1003074734158117	249	other	0.021627725180231042
ENSDARG00000075041	0.8411367155737463	123	other	0.010683575089029793
ENSDARG00000075043	-0.04893758101325199	1189	high zero count	0.10327455919395466
ENSDARG00000075048	0.6171628019206838	768	other	0.06670720055589334
ENSDARG00000075055	0.5192480220520849	1620	high zero count	0.14071050117258752
ENSDARG00000075057	0.2531561417894359	707	other	0.061408842178407017
ENSDARG00000075067	1.1673585912485451	560	other	0.04864066707200556
ENSDARG00000075072	0.04955100799075415	113	other	0.009814991748458264
ENSDARG00000075083	0.1808267158235267	513	other	0.04455832537131938
ENSDARG00000075092	-0.21679498407118628	1392	high zero count	0.12090680100755667
ENSDARG00000075100	0.6761741233019096	69	other	0.005993225049943542
ENSDARG00000075110	0.21749431363745791	440	other	0.038217666985147225
ENSDARG00000075113	0.14298415907205728	1841	high zero count	0.15990619299921827
ENSDARG00000075116	0.656246926141773	255	other	0.02214887518457396
ENSDARG00000075121	0.4943577962391145	132	other	0.011465300095544168
ENSDARG00000075123	0.20022875893946201	871	other	0.07565360896378008
ENSDARG00000075126	0.1493929136910515	377	other	0.0327455919395466
ENSDARG00000075129	0.7239161603690617	103	other	0.008946408407886736
ENSDARG00000075132	0.9566168134325155	534	other	0.04638235038651959
ENSDARG00000075133	0.19077355029798593	223	other	0.019369408494745072
ENSDARG00000075134	0.003802723497079106	922	other	0.08008338400069487
ENSDARG00000075139	-0.14687722634239264	278	other	0.024146616867888476
ENSDARG00000075140	-0.14187957418513528	685	other	0.059497958829149655
ENSDARG00000075141	0.30292969003002784	3668	high zero count	0.31859636932163643
ENSDARG00000075143	0.5954094338905506	451	other	0.039173108659775906
ENSDARG00000075149	-0.24605401221984993	770	other	0.06688091722400764
ENSDARG00000075158	0.2064298573065938	27	other	0.002345175019543125
ENSDARG00000075163	0.7433118282124672	730	other	0.06340658386172153
ENSDARG00000075164	0.1609042315760654	730	other	0.06340658386172153
ENSDARG00000075165	-0.247552412395457	274	other	0.023799183531659863
ENSDARG00000075169	-0.21527637504445699	426	other	0.03700165030834709
ENSDARG00000075172	0.14274690133864668	1674	high zero count	0.14540085121167376
ENSDARG00000075173	0.5260525035024242	1071	high zero count	0.09302527577521064
ENSDARG00000075177	0.0938077832186825	1319	high zero count	0.11456614262138452
ENSDARG00000075178	0.7755290374795605	103	other	0.008946408407886736
ENSDARG00000075183	-0.08101129578560962	403	other	0.035003908625032575
ENSDARG00000075192	0.053403626857657975	629	other	0.0546338921219491
ENSDARG00000075201	-0.009922314643929916	243	other	0.021106575175888126
ENSDARG00000075209	0.6150840098828023	627	other	0.054460175453834796
ENSDARG00000075222	0.31771949593892984	688	other	0.05975853383132112
ENSDARG00000075226	0.1264851317287335	3560	high zero count	0.3092156692434639
ENSDARG00000075245	0.8396093211984251	150	other	0.013028750108572918
ENSDARG00000075249	0.7868610907409893	255	other	0.02214887518457396
ENSDARG00000075252	0.40851811568734964	14	other	0.001216016676800139
ENSDARG00000075253	1.259203943030816	452	other	0.03925996699383306
ENSDARG00000075261	0.45491352474618996	405	other	0.03517762529314688
ENSDARG00000075264	0.45871737869317664	505	other	0.04386345869886216
ENSDARG00000075269	-0.0415405525804378	2004	high zero count	0.1740641014505342
ENSDARG00000075277	-0.14089949011691832	689	other	0.05984539216537827
ENSDARG00000075281	-0.20759005402601774	1026	other	0.08911665074263876
ENSDARG00000075282	0.7281314308488757	180	other	0.015634500130287502
ENSDARG00000075284	0.058782660608829695	805	other	0.069920958916008
ENSDARG00000075288	0.6092668443568622	389	other	0.03378789194823243
ENSDARG00000075292	0.029310770883586048	964	other	0.08373143403109529
ENSDARG00000075295	0.25141346769553236	350	other	0.030400416920003476
ENSDARG00000075297	0.5168895217370605	259	other	0.02249630852080257
ENSDARG00000075299	-0.08957324529990435	2116	high zero count	0.1837922348649353
ENSDARG00000075314	0.35133509214236763	186	other	0.01615565013463042
ENSDARG00000075323	0.5555409209508695	74	other	0.006427516720229306
ENSDARG00000075325	0.9996262284743046	59	other	0.005124641709372014
ENSDARG00000075327	0.331267064627667	724	other	0.06288543385737862
ENSDARG00000075331	-0.1612048313314297	143	other	0.012420741770172848
ENSDARG00000075334	0.09581224836987774	1292	high zero count	0.1122209676018414
ENSDARG00000075340	0.12330554022450686	65	other	0.005645791713714931
ENSDARG00000075346	0.15402606652324383	126	other	0.010944150091201251
ENSDARG00000075347	0.32556595256789833	83	other	0.007209241726743681
ENSDARG00000075349	0.5986788793337008	68	other	0.005906366715886389
ENSDARG00000075352	0.3259241375808822	1493	high zero count	0.1296794927473291
ENSDARG00000075354	0.17754882451126944	347	other	0.030139841917832016
ENSDARG00000075362	-0.09493386445558213	125	other	0.010857291757144097
ENSDARG00000075369	0.9284656860038939	81	other	0.007035525058629376
ENSDARG00000075380	0.23377350308622938	37	other	0.003213758360114653
ENSDARG00000075382	0.5481316301808921	652	other	0.05663163380526361
ENSDARG00000075385	0.5735959326187566	2944	high zero count	0.25571093546425777
ENSDARG00000075395	0.041304136089307074	2847	high zero count	0.24728567706071397
ENSDARG00000075405	0.27199725401511615	531	other	0.046121775384348127
ENSDARG00000075417	0.01182242439748961	3383	high zero count	0.29384174411534786
ENSDARG00000075421	0.36957823941917356	162	other	0.014071050117258751
ENSDARG00000075422	0.6755603467522686	1292	high zero count	0.1122209676018414
ENSDARG00000075433	0.7016898981811347	229	other	0.01989055849908799
ENSDARG00000075435	0.651154370234318	59	other	0.005124641709372014
ENSDARG00000075436	-0.1655571059325454	1341	high zero count	0.11647702597064188
ENSDARG00000075437	0.6390828316786322	78	other	0.006774950056457917
ENSDARG00000075444	0.7967822639454479	1261	high zero count	0.10952835924606966
ENSDARG00000075445	1.3501512795579185	40	other	0.0034743333622861113
ENSDARG00000075446	0.343861318185844	16	other	0.0013897333449144446
ENSDARG00000075454	-0.03680910552435346	1577	high zero count	0.13697559280812993
ENSDARG00000075456	-0.005496876538388029	160	other	0.013897333449144445
ENSDARG00000075461	0.014778804494091647	60	other	0.005211500043429167
ENSDARG00000075463	-0.1763161851903426	791	other	0.06870494223920785
ENSDARG00000075467	0.1396106213809181	1257	high zero count	0.10918092590984105
ENSDARG00000075468	0.06818052500507818	339	other	0.029444975245374795
ENSDARG00000075487	0.12925216834930736	1349	high zero count	0.1171718926430991
ENSDARG00000075491	0.7635397355121644	1163	high zero count	0.10101624250846869
ENSDARG00000075492	-0.06403765230408602	1485	high zero count	0.12898462607487188
ENSDARG00000075501	0.7176451096453971	1302	high zero count	0.11308955094241292
ENSDARG00000075504	-0.05041139186272893	3200	high zero count	0.2779466689828889
ENSDARG00000075509	0.6498162968123171	436	other	0.037870233648918616
ENSDARG00000075526	0.7889495688503424	80	other	0.006948666724572223
ENSDARG00000075528	0.258568529216813	3001	high zero count	0.2606618605055155
ENSDARG00000075533	-0.04669848985994828	426	other	0.03700165030834709
ENSDARG00000075536	2.019086429979956	17	other	0.0014765916789715972
ENSDARG00000075542	0.7565637208078937	111	other	0.009641275080343958
ENSDARG00000075543	0.9904856993862359	10	other	8.685833405715278e-4
ENSDARG00000075545	0.5129893003563779	2490	high zero count	0.21627725180231044
ENSDARG00000075549	0.18398541793969306	243	other	0.021106575175888126
ENSDARG00000075556	0.30823385160479566	122	other	0.010596716754972639
ENSDARG00000075557	0.5053414811517373	366	other	0.03179015026491792
ENSDARG00000075559	1.3648435536458128	17	other	0.0014765916789715972
ENSDARG00000075560	0.8783264166226135	116	other	0.010075566750629723
ENSDARG00000075564	0.3093076908467595	777	other	0.06748892556240771
ENSDARG00000075565	0.7940065834529008	895	other	0.07773820898115175
ENSDARG00000075569	0.6870837387207636	34	other	0.0029531833579431945
ENSDARG00000075570	0.5272471509547125	20	other	0.0017371666811430556
ENSDARG00000075571	-0.19591410639241919	1956	high zero count	0.16989490141579083
ENSDARG00000075592	-0.03699970867165806	2813	high zero count	0.24433249370277077
ENSDARG00000075597	0.4473470455582765	464	other	0.04030226700251889
ENSDARG00000075612	0.5750392580858347	139	other	0.012073308433944238
ENSDARG00000075616	1.2441110222896288	147	other	0.012768175106401458
ENSDARG00000075618	0.6049032981788152	247	other	0.021454008512116738
ENSDARG00000075619	-0.27069518863519837	819	other	0.07113697559280813
ENSDARG00000075621	0.6453764166944125	173	other	0.015026491791887432
ENSDARG00000075622	0.3249169677262178	551	other	0.047858942065491183
ENSDARG00000075624	-0.2406164361707278	1189	high zero count	0.10327455919395466
ENSDARG00000075625	0.5388516636069371	18	other	0.00156345001302875
ENSDARG00000075626	0.38794913486159094	1759	high zero count	0.15278380960653173
ENSDARG00000075639	0.05631360917646584	1393	high zero count	0.12099365934161382
ENSDARG00000075643	0.1138120752748284	571	other	0.04959610874663424
ENSDARG00000075650	1.2540762099917009	114	other	0.009901850082515417
ENSDARG00000075666	1.2763751304978197	598	other	0.05194128376617736
ENSDARG00000075670	0.011824354179696116	1681	high zero count	0.14600885955007384
ENSDARG00000075672	-0.2250239241190136	617	other	0.05359159211326327
ENSDARG00000075673	0.8424492297126396	38	other	0.0033006166941718057
ENSDARG00000075677	0.9092551597268095	253	other	0.021975158516459654
ENSDARG00000075682	0.42304237069723866	387	other	0.033614175280118126
ENSDARG00000075687	0.22759739333132714	18	other	0.00156345001302875
ENSDARG00000075706	0.444943950851636	821	other	0.07131069226092243
ENSDARG00000075707	0.800432011634612	162	other	0.014071050117258751
ENSDARG00000075709	1.58774937823162	37	other	0.003213758360114653
ENSDARG00000075714	-0.0839007033437821	1061	high zero count	0.0921566924346391
ENSDARG00000075718	0.3055946708347635	1548	high zero count	0.1344567011204725
ENSDARG00000075720	-0.02138257952122981	1912	high zero count	0.1660731347172761
ENSDARG00000075721	0.6972999454681549	318	other	0.027620950230174586
ENSDARG00000075725	0.13094902787883966	597	other	0.05185442543212021
ENSDARG00000075726	0.007037499127328141	3459	high zero count	0.3004429775036915
ENSDARG00000075727	0.519787698603564	1082	high zero count	0.09398071744983931
ENSDARG00000075730	-0.0779673155589597	975	other	0.08468687570572396
ENSDARG00000075733	0.04013381369031289	156	other	0.013549900112915835
ENSDARG00000075735	0.8123779148225387	195	other	0.01693737514114479
ENSDARG00000075743	1.0047895084497651	85	other	0.007382958394857987
ENSDARG00000075747	0.08969147243969636	1984	high zero count	0.17232693476939112
ENSDARG00000075752	-0.011499522629938351	409	other	0.03552505862937549
ENSDARG00000075758	2.29650144750017	3	other	2.6057500217145836e-4
ENSDARG00000075759	-0.16468705055621183	677	other	0.05880309215669244
ENSDARG00000075766	0.024413554336619073	3646	high zero count	0.31668548597237905
ENSDARG00000075768	1.834262753912245	2	other	1.7371666811430558e-4
ENSDARG00000075774	0.652770969584912	23	other	0.001997741683314514
ENSDARG00000075783	-0.2388255005644305	349	other	0.03031355858594632
ENSDARG00000075785	0.3616446288002409	1264	high zero count	0.10978893424824111
ENSDARG00000075793	0.5293188223099192	92	other	0.007990966733258055
ENSDARG00000075795	1.0590991612250267	66	other	0.005732650047772084
ENSDARG00000075798	0.3701748628220154	113	other	0.009814991748458264
ENSDARG00000075803	0.18113270743690685	307	other	0.026665508555545905
ENSDARG00000075806	0.09037750855255185	220	other	0.019108833492573613
ENSDARG00000075813	-0.07196703491304711	772	other	0.06705463389212195
ENSDARG00000075818	-0.11022451983059162	461	other	0.040041692000347434
ENSDARG00000075819	0.23493019927140774	530	other	0.046034917050290974
ENSDARG00000075821	0.48282348800753366	166	other	0.014418483453487362
ENSDARG00000075824	0.3164266686904253	51	other	0.004429775036914792
ENSDARG00000075830	0.33200920431192915	1291	high zero count	0.11213410926778425
ENSDARG00000075831	0.9220486051702318	52	other	0.004516633370971945
ENSDARG00000075834	-0.019039837349061835	163	other	0.014157908451315903
ENSDARG00000075842	0.2658799079975314	976	other	0.08477373403978111
ENSDARG00000075849	0.48675747054190033	137	other	0.011899591765829932
ENSDARG00000075851	-0.2716398053427674	1262	high zero count	0.10961521758012681
ENSDARG00000075853	-0.02585378677224547	226	other	0.01962998349691653
ENSDARG00000075855	1.160882558417033	623	other	0.05411274211760619
ENSDARG00000075864	-0.03426272900301142	164	other	0.014244766785373057
ENSDARG00000075867	0.19878824663783135	1156	high zero count	0.10040823417006862
ENSDARG00000075870	0.2106665778918553	1787	high zero count	0.15521584296013202
ENSDARG00000075881	0.3146120455037574	1599	high zero count	0.1388864761573873
ENSDARG00000075883	0.47933477581135614	111	other	0.009641275080343958
ENSDARG00000075884	-0.12331759545381225	931	other	0.08086510900720924
ENSDARG00000075887	-0.018040913518680587	1978	high zero count	0.1718057847650482
ENSDARG00000075892	0.6806448546933489	718	other	0.0623642838530357
ENSDARG00000075898	-0.07250226908100098	163	other	0.014157908451315903
ENSDARG00000075899	0.6534650825820008	288	other	0.02501520020846
ENSDARG00000075904	0.5247867360208421	733	other	0.06366715886389299
ENSDARG00000075916	0.4930581843721182	255	other	0.02214887518457396
ENSDARG00000075924	0.9071735677117209	532	other	0.04620863371840528
ENSDARG00000075928	0.004258709548342206	865	other	0.07513245895943715
ENSDARG00000075930	-0.0405753837513373	1393	high zero count	0.12099365934161382
ENSDARG00000075931	0.43028856348701844	534	other	0.04638235038651959
ENSDARG00000075933	0.37874984649041027	828	other	0.07191870059932251
ENSDARG00000075952	0.27622129066067747	292	other	0.025362633544688613
ENSDARG00000075954	1.1595556682466022	295	other	0.025623208546860073
ENSDARG00000075964	0.6747177626229953	142	other	0.012333883436115696
ENSDARG00000075972	0.3668532017947461	303	other	0.026318075219317293
ENSDARG00000075974	0.12458658869367144	930	other	0.08077825067315209
ENSDARG00000075980	0.21133217658685047	406	other	0.03526448362720403
ENSDARG00000075989	2.2736600038835713	9	other	7.81725006514375e-4
ENSDARG00000075990	0.07677121107913293	3577	high zero count	0.3106922609224355
ENSDARG00000075993	0.11347866042836964	2016	high zero count	0.17510640145922002
ENSDARG00000076002	-0.11936936242708378	136	other	0.011812733431772778
ENSDARG00000076004	0.12078358796686782	274	other	0.023799183531659863
ENSDARG00000076005	-0.02169795463016332	274	other	0.023799183531659863
ENSDARG00000076010	0.3701394660158026	315	other	0.027360375228003126
ENSDARG00000076011	0.287159566416255	277	other	0.02405975853383132
ENSDARG00000076014	-0.177824132718239	539	other	0.04681664205680535
ENSDARG00000076017	0.1873882616573731	1353	high zero count	0.11751932597932771
ENSDARG00000076025	0.058683157426056363	381	other	0.03309302527577521
ENSDARG00000076052	0.5245379524046982	3824	high zero count	0.3321462694345522
ENSDARG00000076058	0.00967356413543685	259	other	0.02249630852080257
ENSDARG00000076060	0.4690769393878507	248	other	0.02154086684617389
ENSDARG00000076066	0.7411800954257264	11	other	9.554416746286806e-4
ENSDARG00000076070	-0.20218690360784505	1916	high zero count	0.16642056805350475
ENSDARG00000076074	0.9748814369173652	15	other	0.0013028750108572918
ENSDARG00000076075	-0.14105103789997714	1764	high zero count	0.1532181012768175
ENSDARG00000076082	0.9017430647836178	139	other	0.012073308433944238
ENSDARG00000076090	0.04090095698457586	1856	high zero count	0.16120906801007556
ENSDARG00000076092	0.08458996459573666	1430	high zero count	0.12420741770172848
ENSDARG00000076103	0.8119112684935812	643	other	0.05584990879874924
ENSDARG00000076104	0.43690318466666356	70	other	0.006080083384000695
ENSDARG00000076120	0.6728078353158015	90	other	0.007817250065143751
ENSDARG00000076121	-0.05478920813784528	1281	high zero count	0.11126552592721271
ENSDARG00000076127	-0.1898972247219552	309	other	0.02683922522366021
ENSDARG00000076128	1.181443887497388	49	other	0.004256058368800487
ENSDARG00000076135	-0.16988667030144575	1307	high zero count	0.11352384261269868
ENSDARG00000076140	-0.23531205501617186	1163	high zero count	0.10101624250846869
ENSDARG00000076143	0.10741621405087139	124	other	0.010770433423086945
ENSDARG00000076146	0.6891126014353125	715	other	0.06210370885086424
ENSDARG00000076153	0.044960971532403755	403	other	0.035003908625032575
ENSDARG00000076155	0.32470942861513646	2028	high zero count	0.17614870146790584
ENSDARG00000076163	0.02465538410735847	238	other	0.02067228350560236
ENSDARG00000076169	0.5525860068801258	69	other	0.005993225049943542
ENSDARG00000076170	0.8331470813051975	1097	high zero count	0.0952835924606966
ENSDARG00000076171	1.336811141172601	216	other	0.018761400156345
ENSDARG00000076176	0.1317931847516732	1441	high zero count	0.12516285937635716
ENSDARG00000076179	0.2056360971255392	160	other	0.013897333449144445
ENSDARG00000076182	0.4018663446645876	2451	high zero count	0.21288977677408147
ENSDARG00000076189	-0.2797268089528204	927	other	0.08051767567098063
ENSDARG00000076213	0.15613873005261117	1335	high zero count	0.11595587596629897
ENSDARG00000076221	0.31145575013793597	2982	high zero count	0.2590115521584296
ENSDARG00000076223	2.1683846526623687	17	other	0.0014765916789715972
ENSDARG00000076227	0.32751138608450703	986	other	0.08564231738035265
ENSDARG00000076228	0.16657243465299457	36	other	0.0031269000260575
ENSDARG00000076229	0.6073099403788483	37	other	0.003213758360114653
ENSDARG00000076230	-0.10888460255645009	251	other	0.02180144184834535
ENSDARG00000076238	0.1271779365925024	60	other	0.005211500043429167
ENSDARG00000076239	0.49804687830150857	38	other	0.0033006166941718057
ENSDARG00000076241	-0.17359316735872576	717	other	0.062277425518978545
ENSDARG00000076262	0.3732676145601267	463	other	0.04021540866846174
ENSDARG00000076280	0.8399957100231561	170	other	0.014765916789715974
ENSDARG00000076283	1.2314800413606821	55	other	0.004777208373143403
ENSDARG00000076290	1.0680754442797378	16	other	0.0013897333449144446
ENSDARG00000076296	0.3127721521071496	95	other	0.008251541735429515
ENSDARG00000076297	0.22027673452437638	69	other	0.005993225049943542
ENSDARG00000076299	-0.15814955200419337	216	other	0.018761400156345
ENSDARG00000076302	0.4449539083616944	50	other	0.004342916702857639
ENSDARG00000076303	-0.1438554327223172	1348	high zero count	0.11708503430904195
ENSDARG00000076309	-0.12494487267488755	775	other	0.0673152088942934
ENSDARG00000076312	0.002089760385343565	239	other	0.020759141839659514
ENSDARG00000076317	0.6736206217071672	11	other	9.554416746286806e-4
ENSDARG00000076318	0.6618701205774	262	other	0.02275688352297403
ENSDARG00000076321	0.29796253904987263	209	other	0.018153391817944932
ENSDARG00000076324	1.2650420560572424	27	other	0.002345175019543125
ENSDARG00000076330	0.06907506567912942	544	other	0.04725093372709111
ENSDARG00000076332	-0.0066441049959599175	469	other	0.04073655867280466
ENSDARG00000076334	0.5138875916659916	569	other	0.049422392078519936
ENSDARG00000076351	-0.011917537052553133	791	other	0.06870494223920785
ENSDARG00000076360	1.1321370691964616	100	other	0.008685833405715278
ENSDARG00000076362	3.705760181298956e-4	500	other	0.04342916702857639
ENSDARG00000076364	0.38318774637696196	1690	high zero count	0.1467905845565882
ENSDARG00000076371	0.33297160962492967	278	other	0.024146616867888476
ENSDARG00000076379	0.44945615906020664	1372	high zero count	0.11916963432641361
ENSDARG00000076380	-0.11421612919913528	692	other	0.06010596716754973
ENSDARG00000076381	0.28352141009992277	894	other	0.0776513506470946
ENSDARG00000076386	0.5010827725880964	3317	high zero count	0.2881090940675758
ENSDARG00000076401	0.3206204217981472	1933	high zero count	0.16789715973247632
ENSDARG00000076402	-0.1125531153675496	911	other	0.07912794232606618
ENSDARG00000076404	-0.036514671836085096	391	other	0.03396160861634674
ENSDARG00000076411	0.10943378017360123	1923	high zero count	0.1670285763919048
ENSDARG00000076414	-0.1405479224737585	796	other	0.06913923390949361
ENSDARG00000076416	0.03627412438263282	40	other	0.0034743333622861113
ENSDARG00000076425	-0.16600118965119254	1659	high zero count	0.14409797620081646
ENSDARG00000076435	0.17922431062933344	1159	high zero count	0.10066880917224008
ENSDARG00000076437	-0.20224683220672152	1839	high zero count	0.15973247633110396
ENSDARG00000076439	1.132218595984429	19	other	0.0016503083470859028
ENSDARG00000076440	0.6780680438160582	697	other	0.06054025883783549
ENSDARG00000076442	-0.052540769745731006	2637	high zero count	0.22904542690871188
ENSDARG00000076443	0.6435035609321329	332	other	0.028836966906974723
ENSDARG00000076451	0.3645871111120534	127	other	0.011031008425258403
ENSDARG00000076462	-0.1215208923700014	1302	high zero count	0.11308955094241292
ENSDARG00000076464	-0.00474690411772573	1889	high zero count	0.1640753930339616
ENSDARG00000076466	0.566820589111725	517	other	0.04490575870754799
ENSDARG00000076472	0.22695634428012404	1173	high zero count	0.10188482584904021
ENSDARG00000076473	-0.14313737513828434	103	other	0.008946408407886736
ENSDARG00000076480	-0.05099832460742923	1009	other	0.08764005906366716
ENSDARG00000076484	0.11138216003013796	766	other	0.06653348388777904
ENSDARG00000076486	1.0744416992150727	81	other	0.007035525058629376
ENSDARG00000076490	0.4067508645650136	506	other	0.04395031703291931
ENSDARG00000076499	-0.05974677304547242	1389	high zero count	0.12064622600538522
ENSDARG00000076500	0.3695620257530165	487	other	0.042300008685833404
ENSDARG00000076501	-0.11117982070860967	1428	high zero count	0.12403370103361418
ENSDARG00000076509	1.930846266677302	57	other	0.004950925041257708
ENSDARG00000076518	0.373452379999477	264	other	0.022930600191088335
ENSDARG00000076520	0.16725877181649018	528	other	0.04586120038217667
ENSDARG00000076526	1.3462387699626797	46	other	0.003995483366629028
ENSDARG00000076532	2.663990537223418	5	other	4.342916702857639e-4
ENSDARG00000076533	0.7142421315484531	219	other	0.01902197515851646
ENSDARG00000076534	-0.07923853739802732	3391	high zero count	0.2945366107878051
ENSDARG00000076542	0.6770185904923623	105	other	0.009120125076001042
ENSDARG00000076544	-0.1325275141805276	1524	high zero count	0.13237210110310085
ENSDARG00000076547	0.2730044893502218	3698	high zero count	0.32120211934335097
ENSDARG00000076552	-0.03739584553662201	2971	high zero count	0.2580561104838009
ENSDARG00000076559	-0.03652095127636845	425	other	0.036914791974289936
ENSDARG00000076560	-0.04363127985277741	1866	high zero count	0.16207765135064708
ENSDARG00000076563	0.5733524086013644	1653	high zero count	0.14357682619647355
ENSDARG00000076564	-0.07428751755043757	339	other	0.029444975245374795
ENSDARG00000076566	0.1369364561139684	512	other	0.04447146703726223
ENSDARG00000076568	1.7049574334494717	14	other	0.001216016676800139
ENSDARG00000076571	0.25092431922152153	238	other	0.02067228350560236
ENSDARG00000076574	0.5614923970323259	286	other	0.024841483540345696
ENSDARG00000076584	1.1429322644320568	56	other	0.004864066707200556
ENSDARG00000076585	0.12869041869440567	142	other	0.012333883436115696
ENSDARG00000076586	0.07914620684163481	445	other	0.038651958655432986
ENSDARG00000076590	0.10568191752513277	68	other	0.005906366715886389
ENSDARG00000076592	0.12525263905680972	1884	high zero count	0.16364110136367585
ENSDARG00000076602	0.40611528281740783	179	other	0.015547641796230348
ENSDARG00000076609	0.8555131639962938	1267	high zero count	0.11004950925041258
ENSDARG00000076618	1.076263905401652	78	other	0.006774950056457917
ENSDARG00000076620	-0.1483005971552181	1090	high zero count	0.09467558412229654
ENSDARG00000076622	0.5771465568844081	1046	other	0.09085381742378182
ENSDARG00000076624	0.47230379130250183	2175	high zero count	0.1889168765743073
ENSDARG00000076627	0.1469488446417305	594	other	0.051593850429948754
ENSDARG00000076657	-0.08648298987875461	401	other	0.03483019195691826
ENSDARG00000076659	0.5088074546982185	88	other	0.007643533397029445
ENSDARG00000076673	0.7821529678505441	361	other	0.031355858594632156
ENSDARG00000076679	0.317180790300954	420	other	0.03648050030400417
ENSDARG00000076689	0.6017155835241814	249	other	0.021627725180231042
ENSDARG00000076697	-0.17456544595910142	595	other	0.051680708764005906
ENSDARG00000076703	0.12505697544165847	2372	high zero count	0.2060279683835664
ENSDARG00000076710	-0.1858388178273449	1434	high zero count	0.12455485103795709
ENSDARG00000076716	0.12265550881726008	1078	high zero count	0.0936332841136107
ENSDARG00000076729	-0.2083638606206547	538	other	0.0467297837227482
ENSDARG00000076733	-0.2647557753841517	1640	high zero count	0.14244766785373056
ENSDARG00000076735	-0.06831372947221272	242	other	0.021019716841830974
ENSDARG00000076742	0.7683597514850545	21	other	0.0018240250152002084
ENSDARG00000076752	0.2109473842635546	1925	high zero count	0.1672022930600191
ENSDARG00000076754	0.5740885174418346	800	other	0.06948666724572222
ENSDARG00000076755	0.11348394863946927	459	other	0.03986797533223313
ENSDARG00000076763	-0.15175791677715997	385	other	0.03344045861200382
ENSDARG00000076779	1.2176192966775716	343	other	0.029792408581603404
ENSDARG00000076780	1.367673205962421	31	other	0.0026926083557717363
ENSDARG00000076781	0.25828018600912	344	other	0.02987926691566056
ENSDARG00000076791	0.05637927011776828	16	other	0.0013897333449144446
ENSDARG00000076796	0.2980387841379559	46	other	0.003995483366629028
ENSDARG00000076799	0.8994402664663124	112	other	0.009728133414401112
ENSDARG00000076801	-0.003775412628439279	259	other	0.02249630852080257
ENSDARG00000076805	1.1825893958380709	52	other	0.004516633370971945
ENSDARG00000076807	0.6163657554042707	70	other	0.006080083384000695
ENSDARG00000076811	1.3705208449111717	20	other	0.0017371666811430556
ENSDARG00000076815	2.3568113943223716	1	other	8.685833405715279e-5
ENSDARG00000076820	0.8146162461583727	1909	high zero count	0.16581255971510467
ENSDARG00000076833	0.899437935505516	911	other	0.07912794232606618
ENSDARG00000076836	2.0619231744283226	8	other	6.948666724572223e-4
ENSDARG00000076838	0.7209819724051876	971	other	0.08433944236949535
ENSDARG00000076839	0.10119267885024566	1025	other	0.08902979240858161
ENSDARG00000076843	0.21122472388336383	210	other	0.018240250152002084
ENSDARG00000076847	1.20096963256171	102	other	0.008859550073829584
ENSDARG00000076850	0.6152020649195876	610	other	0.052983583774863195
ENSDARG00000076853	0.2867508593913543	246	other	0.021367150178059586
ENSDARG00000076856	0.4157330261551583	72	other	0.006253800052115
ENSDARG00000076861	0.05553649902353132	466	other	0.040475983670633195
ENSDARG00000076862	0.37310008236665826	896	other	0.0778250673152089
ENSDARG00000076865	-0.20890898647487985	731	other	0.06349344219577868
ENSDARG00000076867	-0.07994026868048061	1045	other	0.09076695908972465
ENSDARG00000076870	-0.23731030019664542	294	other	0.025536350212802917
ENSDARG00000076872	-0.2791208380882784	1490	high zero count	0.12941891774515765
ENSDARG00000076873	-0.06931997092921231	626	other	0.054373317119777644
ENSDARG00000076888	0.13494195076766916	161	other	0.013984191783201599
ENSDARG00000076889	0.5970018206320755	23	other	0.001997741683314514
ENSDARG00000076891	0.6033542065108245	1006	other	0.0873794840614957
ENSDARG00000076895	1.745443952980182	160	other	0.013897333449144445
ENSDARG00000076899	-0.04850752533282555	218	other	0.018935116824459308
ENSDARG00000076903	0.05966194131170088	264	other	0.022930600191088335
ENSDARG00000076904	0.3684363267570744	134	other	0.011639016763658474
ENSDARG00000076913	0.05940435900635552	113	other	0.009814991748458264
ENSDARG00000076914	0.3337981959009099	1031	other	0.08955094241292452
ENSDARG00000076919	-0.057695537512484345	177	other	0.015373925128116042
ENSDARG00000076920	0.6873347068092432	50	other	0.004342916702857639
ENSDARG00000076924	0.0987612720419332	58	other	0.005037783375314861
ENSDARG00000076928	1.1912401152036574	325	other	0.028228958568574655
ENSDARG00000076934	-0.24118976270789108	232	other	0.020151133501259445
ENSDARG00000076939	0.26908179697027396	140	other	0.01216016676800139
ENSDARG00000076945	-0.052382411217223	3242	high zero count	0.2815947190132893
ENSDARG00000076959	0.16043241149737247	1889	high zero count	0.1640753930339616
ENSDARG00000076962	0.7916354703713987	389	other	0.03378789194823243
ENSDARG00000076966	0.7750033341543416	111	other	0.009641275080343958
ENSDARG00000076988	0.30207627181834246	115	other	0.00998870841657257
ENSDARG00000076995	0.30297930835409304	499	other	0.04334230869451924
ENSDARG00000076997	-0.24259496672334344	1791	high zero count	0.15556327629636063
ENSDARG00000077004	0.9124249329658808	308	other	0.026752366889603058
ENSDARG00000077012	0.9076382490062447	358	other	0.031095283592460696
ENSDARG00000077013	0.81491648292911	195	other	0.01693737514114479
ENSDARG00000077018	1.2041193763521618	1319	high zero count	0.11456614262138452
ENSDARG00000077037	0.8897946766819633	10	other	8.685833405715278e-4
ENSDARG00000077038	0.7706944576117245	18	other	0.00156345001302875
ENSDARG00000077044	0.2572865302093162	563	other	0.048901242074177016
ENSDARG00000077052	0.17462872625348802	10	other	8.685833405715278e-4
ENSDARG00000077053	0.2134541331886601	324	other	0.028142100234517502
ENSDARG00000077054	-0.19065315448969514	947	other	0.08225484235212369
ENSDARG00000077057	0.8711098121161446	222	other	0.019282550160687917
ENSDARG00000077060	0.6102349047624576	20	other	0.0017371666811430556
ENSDARG00000077068	0.48839538905780605	969	other	0.08416572570138105
ENSDARG00000077069	0.6103639329365672	2470	high zero count	0.21454008512116737
ENSDARG00000077072	-0.20602474727052958	281	other	0.024407191870059932
ENSDARG00000077073	-0.2335201063448162	258	other	0.02240945018674542
ENSDARG00000077075	0.5356090951908736	30	other	0.0026057500217145837
ENSDARG00000077078	-0.23359219792716449	1012	other	0.08790063406583862
ENSDARG00000077081	0.579798301094406	49	other	0.004256058368800487
ENSDARG00000077082	0.4975034533051474	416	other	0.03613306696777556
ENSDARG00000077085	-0.08059072718181638	1056	high zero count	0.09172240076435334
ENSDARG00000077089	0.08257330627067257	1664	high zero count	0.14453226787110224
ENSDARG00000077092	0.11661895043073177	1201	high zero count	0.1043168592026405
ENSDARG00000077093	0.7521042367145975	4	other	3.4743333622861116e-4
ENSDARG00000077101	-0.00351739275422078	640	other	0.05558933379657778
ENSDARG00000077114	0.14925882545638208	649	other	0.05637105880309216
ENSDARG00000077115	0.38790115663111774	2012	high zero count	0.1747589681229914
ENSDARG00000077116	0.6412936760972145	62	other	0.0053852167115434725
ENSDARG00000077119	0.5453227411558769	658	other	0.05715278380960653
ENSDARG00000077121	0.3541868843449107	284	other	0.024667766872231392
ENSDARG00000077126	1.0611728899032915	8	other	6.948666724572223e-4
ENSDARG00000077130	0.8727163944496841	477	other	0.041431425345261876
ENSDARG00000077139	0.5042310288785496	1183	high zero count	0.10275340918961175
ENSDARG00000077143	0.42823780925763866	423	other	0.036741075306175625
ENSDARG00000077151	0.6922483908119724	323	other	0.02805524190046035
ENSDARG00000077155	-0.1500640438179025	1690	high zero count	0.1467905845565882
ENSDARG00000077157	-0.0685900697948649	1036	other	0.08998523408321028
ENSDARG00000077162	0.36318480880066184	319	other	0.027707808564231738
ENSDARG00000077169	0.03970794011287452	3351	high zero count	0.291062277425519
ENSDARG00000077174	0.04368884348152796	2022	high zero count	0.17562755146356293
ENSDARG00000077176	0.4768610174617372	1349	high zero count	0.1171718926430991
ENSDARG00000077180	0.24997554896690727	188	other	0.016329366802744723
ENSDARG00000077202	0.18895898442055353	642	other	0.055763050464692085
ENSDARG00000077207	-0.06821750384871766	944	other	0.08199426734995223
ENSDARG00000077211	0.8121148629943726	1230	high zero count	0.10683575089029793
ENSDARG00000077215	0.19159319390197638	101	other	0.008772691739772432
ENSDARG00000077219	-0.10562001740772844	1155	high zero count	0.10032137583601146
ENSDARG00000077226	1.1634260106903627	2	other	1.7371666811430558e-4
ENSDARG00000077227	0.2908063984139278	112	other	0.009728133414401112
ENSDARG00000077228	0.3577410621347521	286	other	0.024841483540345696
ENSDARG00000077229	-0.14280878565900187	1818	high zero count	0.15790845131590375
ENSDARG00000077236	0.3731171674798463	1648	high zero count	0.14314253452618778
ENSDARG00000077237	0.0645831231702039	1464	high zero count	0.12716060105967167
ENSDARG00000077248	0.0639669316157503	2276	high zero count	0.19768956831407974
ENSDARG00000077253	0.09512847986163651	1871	high zero count	0.16251194302093286
ENSDARG00000077256	0.7222309913921703	334	other	0.02901068357508903
ENSDARG00000077261	-0.2586581905153456	1625	high zero count	0.14114479284287326
ENSDARG00000077264	1.4850784361574794	7	other	6.080083384000695e-4
ENSDARG00000077265	0.1001818406406084	202	other	0.017545383479544863
ENSDARG00000077284	-0.15868046385708456	545	other	0.04733779206114827
ENSDARG00000077285	-0.07063057819058313	418	other	0.036306783635889864
ENSDARG00000077288	-0.07265556338596482	3689	high zero count	0.3204203943368366
ENSDARG00000077291	3.8462599408550675	1	other	8.685833405715279e-5
ENSDARG00000077293	0.2716728721713558	1542	high zero count	0.1339355511161296
ENSDARG00000077295	0.018929471277869352	615	other	0.05341787544514896
ENSDARG00000077297	0.7588661209450666	183	other	0.01589507513245896
ENSDARG00000077298	0.7173016787301474	230	other	0.01997741683314514
ENSDARG00000077299	0.10632422545107656	3303	high zero count	0.28689307739077563
ENSDARG00000077300	0.4337364784860341	36	other	0.0031269000260575
ENSDARG00000077301	0.22220864416172467	809	other	0.0702683922522366
ENSDARG00000077307	0.25243344954337765	1634	high zero count	0.14192651784938765
ENSDARG00000077314	0.013993088021692234	1120	high zero count	0.09728133414401112
ENSDARG00000077317	0.35168490566260663	563	other	0.048901242074177016
ENSDARG00000077323	0.09477101661456806	1081	high zero count	0.09389385911578216
ENSDARG00000077326	0.2335179108320414	647	other	0.05619734213497785
ENSDARG00000077329	0.3450639548915076	1042	other	0.0905063840875532
ENSDARG00000077330	0.192443175878342	230	other	0.01997741683314514
ENSDARG00000077339	0.3407349342511687	1045	other	0.09076695908972465
ENSDARG00000077341	0.9362878428512439	262	other	0.02275688352297403
ENSDARG00000077353	-0.03166174226729823	87	other	0.007556675062972292
ENSDARG00000077360	0.10016155324234627	3359	high zero count	0.2917571440979762
ENSDARG00000077361	0.7277382729435611	6	other	5.211500043429167e-4
ENSDARG00000077368	0.05197539005916987	584	other	0.050725267089377225
ENSDARG00000077372	1.1386899748111965	2529	high zero count	0.2196647268305394
ENSDARG00000077377	0.046733140423064104	217	other	0.018848258490402153
ENSDARG00000077383	1.1088581700797253	71	other	0.006166941718057848
ENSDARG00000077388	-0.18489876614946904	306	other	0.026578650221488753
ENSDARG00000077396	0.3644086915480547	757	other	0.06575175888126465
ENSDARG00000077400	0.2106084725119861	99	other	0.008598975071658126
ENSDARG00000077403	-0.029547060012984388	3644	high zero count	0.3165117693042647
ENSDARG00000077404	0.623955589880403	8	other	6.948666724572223e-4
ENSDARG00000077405	0.1587643139744363	4	other	3.4743333622861116e-4
ENSDARG00000077407	-0.09089390305312173	1372	high zero count	0.11916963432641361
ENSDARG00000077409	0.05019886957647464	949	other	0.08242855902023799
ENSDARG00000077410	0.340231274013396	466	other	0.040475983670633195
ENSDARG00000077414	0.5157649787431227	865	other	0.07513245895943715
ENSDARG00000077419	0.1632052023390747	326	other	0.028315816902631807
ENSDARG00000077428	0.019601860468392365	451	other	0.039173108659775906
ENSDARG00000077431	0.0436398319591372	163	other	0.014157908451315903
ENSDARG00000077434	0.06674568925581094	625	other	0.05428645878572049
ENSDARG00000077440	-0.15824010707848724	1197	high zero count	0.10396942586641188
ENSDARG00000077442	0.22308844909258305	528	other	0.04586120038217667
ENSDARG00000077456	1.4945978568883982	1656	high zero count	0.14383740119864502
ENSDARG00000077461	0.008428114941314187	3777	high zero count	0.32806392773386606
ENSDARG00000077465	0.14165408940651206	472	other	0.040997133674976115
ENSDARG00000077467	0.32572943470767973	693	other	0.06019282550160688
ENSDARG00000077469	0.1603328711669071	1558	high zero count	0.13532528446104403
ENSDARG00000077473	0.8280375040672389	1967	high zero count	0.17085034309041952
ENSDARG00000077481	0.3739942386208129	1227	high zero count	0.10657517588812647
ENSDARG00000077489	-0.13939294043320782	1944	high zero count	0.168852601407105
ENSDARG00000077492	0.9186096341949967	174	other	0.015113350125944584
ENSDARG00000077495	0.05281123150214093	1901	high zero count	0.16511769304264745
ENSDARG00000077497	-0.05202829964941682	409	other	0.03552505862937549
ENSDARG00000077499	0.9905137203795769	185	other	0.016068791800573266
ENSDARG00000077506	0.8795648497486696	12	other	0.0010423000086858334
ENSDARG00000077515	0.7358316071801423	18	other	0.00156345001302875
ENSDARG00000077516	0.13533950378712506	23	other	0.001997741683314514
ENSDARG00000077526	0.5383819745422158	47	other	0.004082341700686181
ENSDARG00000077530	0.5214657001398819	22	other	0.0019108833492573613
ENSDARG00000077531	0.5575163921644934	29	other	0.0025188916876574307
ENSDARG00000077532	-0.1971953201334665	2051	high zero count	0.17814644315122036
ENSDARG00000077533	2.597555650795574	4	other	3.4743333622861116e-4
ENSDARG00000077536	0.7378710922090721	11	other	9.554416746286806e-4
ENSDARG00000077544	-0.06676390776109593	574	other	0.0498566837488057
ENSDARG00000077545	0.07375789991309832	1991	high zero count	0.1729349431077912
ENSDARG00000077546	0.12108345606131082	776	other	0.06740206722835056
ENSDARG00000077549	0.6907440855988308	154	other	0.013376183444801529
ENSDARG00000077559	-0.05987199932415527	2973	high zero count	0.2582298271519152
ENSDARG00000077567	0.054041918276109775	90	other	0.007817250065143751
ENSDARG00000077570	0.10390895412422373	739	other	0.06418830886823591
ENSDARG00000077571	0.19856051361948468	305	other	0.026491791887431598
ENSDARG00000077581	0.526012701793388	9	other	7.81725006514375e-4
ENSDARG00000077582	0.02176285939478797	540	other	0.0469035003908625
ENSDARG00000077583	0.19474870797907695	276	other	0.023972900199774168
ENSDARG00000077584	0.42088670921261817	1407	high zero count	0.12220967601841397
ENSDARG00000077590	0.26809807920415496	786	other	0.06827065056892209
ENSDARG00000077596	0.7420068372711115	222	other	0.019282550160687917
ENSDARG00000077607	0.33287552662837855	240	other	0.02084600017371667
ENSDARG00000077614	0.1593758504305723	193	other	0.016763658473030487
ENSDARG00000077618	0.21707022129057826	1178	high zero count	0.10231911751932599
ENSDARG00000077620	0.9285251409300688	203	other	0.017632241813602016
ENSDARG00000077639	0.3264031340179761	320	other	0.02779466689828889
ENSDARG00000077641	0.2206564047562178	1729	high zero count	0.15017805958481717
ENSDARG00000077643	0.18925817402761907	1460	high zero count	0.12681316772344306
ENSDARG00000077650	-0.03842243156769966	265	other	0.023017458525145487
ENSDARG00000077653	0.001647739574607854	92	other	0.007990966733258055
ENSDARG00000077664	1.1974651781669	18	other	0.00156345001302875
ENSDARG00000077666	0.4172759765326058	657	other	0.05706592547554938
ENSDARG00000077677	-0.052959016645039984	219	other	0.01902197515851646
ENSDARG00000077686	0.10607710218711362	440	other	0.038217666985147225
ENSDARG00000077690	0.7287167429167506	331	other	0.02875010857291757
ENSDARG00000077694	1.1328353413706687	20	other	0.0017371666811430556
ENSDARG00000077709	0.5121588828244926	394	other	0.0342221836185182
ENSDARG00000077710	0.06494213937606207	3579	high zero count	0.3108659775905498
ENSDARG00000077717	3.4707872242984323	1	other	8.685833405715279e-5
ENSDARG00000077721	0.528331002153199	81	other	0.007035525058629376
ENSDARG00000077722	-0.019903814837992265	257	other	0.022322591852688266
ENSDARG00000077726	0.886314394916986	272	other	0.023625466863545556
ENSDARG00000077728	0.19916177872421453	310	other	0.026926083557717362
ENSDARG00000077732	2.199904370862307	5	other	4.342916702857639e-4
ENSDARG00000077737	0.14327679238708085	130	other	0.011291583427429861
ENSDARG00000077751	0.6798889769214049	38	other	0.0033006166941718057
ENSDARG00000077760	0.6027798717030545	1198	high zero count	0.10405628420046903
ENSDARG00000077762	-0.13568875225410384	1114	high zero count	0.0967601841396682
ENSDARG00000077769	0.05920088739011385	1820	high zero count	0.15808216798401806
ENSDARG00000077776	1.8396984238937277	1	other	8.685833405715279e-5
ENSDARG00000077777	3.743260616886063	3	other	2.6057500217145836e-4
ENSDARG00000077778	-0.007449317067530097	330	other	0.02866325023886042
ENSDARG00000077785	0.8613766087664892	238	other	0.02067228350560236
ENSDARG00000077788	-0.20546414081427222	1625	high zero count	0.14114479284287326
ENSDARG00000077790	0.05001453183675264	580	other	0.05037783375314862
ENSDARG00000077791	0.06608367335940776	1069	high zero count	0.09285155910709633
ENSDARG00000077804	0.8020366853087091	48	other	0.004169200034743334
ENSDARG00000077810	-0.0025820683658711644	1856	high zero count	0.16120906801007556
ENSDARG00000077811	1.0969365880927844	47	other	0.004082341700686181
ENSDARG00000077815	0.9951093778244958	359	other	0.03118214192651785
ENSDARG00000077817	0.17326276751280556	381	other	0.03309302527577521
ENSDARG00000077818	-0.06830952138000673	1589	high zero count	0.13801789281681578
ENSDARG00000077822	0.15662499954138423	741	other	0.06436202553635022
ENSDARG00000077823	-0.1469989142332869	667	other	0.05793450881612091
ENSDARG00000077826	-0.060199008869099124	1738	high zero count	0.15095978459133153
ENSDARG00000077828	-0.037903460285046243	275	other	0.023886041865717016
ENSDARG00000077830	0.005976713501394873	267	other	0.023191175193259795
ENSDARG00000077840	0.524779238170053	473	other	0.04108399200903327
ENSDARG00000077842	0.4246063186458457	181	other	0.015721358464344654
ENSDARG00000077847	0.40050406977526415	705	other	0.06123512551029271
ENSDARG00000077850	0.6270410433163521	24	other	0.002084600017371667
ENSDARG00000077852	0.42300949853796493	1111	high zero count	0.09649960913749674
ENSDARG00000077855	0.23406961628305972	498	other	0.043255450360462085
ENSDARG00000077859	0.19086768463539214	865	other	0.07513245895943715
ENSDARG00000077860	1.1448220081896594	4	other	3.4743333622861116e-4
ENSDARG00000077864	0.0745495357187628	1157	high zero count	0.10049509250412578
ENSDARG00000077866	0.629185037163668	1343	high zero count	0.11665074263875619
ENSDARG00000077870	1.3606676546877088	20	other	0.0017371666811430556
ENSDARG00000077881	0.5689184644671359	188	other	0.016329366802744723
ENSDARG00000077883	0.19577435815544342	100	other	0.008685833405715278
ENSDARG00000077897	-0.21240365305700562	726	other	0.06305915052549292
ENSDARG00000077900	-0.029601834670875415	885	other	0.07686962564058021
ENSDARG00000077901	0.5990795452131166	158	other	0.013723616781030139
ENSDARG00000077906	0.7632979815845797	123	other	0.010683575089029793
ENSDARG00000077912	-0.1549955674256727	87	other	0.007556675062972292
ENSDARG00000077918	-0.16701828884931544	2067	high zero count	0.1795361764961348
ENSDARG00000077926	0.08798858332109326	263	other	0.022843741857031183
ENSDARG00000077928	-0.020107795890230692	249	other	0.021627725180231042
ENSDARG00000077934	2.834539762987036	108	other	0.0093807000781725
ENSDARG00000077943	-0.015132703664245344	1004	other	0.0872057673933814
ENSDARG00000077946	0.730737412894064	267	other	0.023191175193259795
ENSDARG00000077948	0.2989979554150006	123	other	0.010683575089029793
ENSDARG00000077950	0.645863631868198	153	other	0.013289325110744377
ENSDARG00000077955	-0.09014415975983904	694	other	0.06027968383566403
ENSDARG00000077960	0.19737110822163761	2063	high zero count	0.17918874315990618
ENSDARG00000077967	0.8125150717745929	218	other	0.018935116824459308
ENSDARG00000077982	0.21030936417145557	3770	high zero count	0.327455919395466
ENSDARG00000077983	-0.11466680240742239	1330	high zero count	0.1155215842960132
ENSDARG00000077986	0.783926000218523	414	other	0.035959350299661255
ENSDARG00000077988	0.17161266964829713	2671	high zero count	0.23199861026665508
ENSDARG00000078006	0.8349402356815357	291	other	0.02527577521063146
ENSDARG00000078011	0.03311018371234047	1400	high zero count	0.1216016676800139
ENSDARG00000078014	0.6334515903680099	38	other	0.0033006166941718057
ENSDARG00000078016	-0.13123019089986762	1327	high zero count	0.11526100929384174
ENSDARG00000078026	1.1273049423283192	287	other	0.02492834187440285
ENSDARG00000078041	0.7948292293824161	3918	high zero count	0.3403109528359246
ENSDARG00000078042	0.8705864784801925	276	other	0.023972900199774168
ENSDARG00000078055	-0.07377327136340495	1011	other	0.08781377573178147
ENSDARG00000078057	0.22199690819205126	1450	high zero count	0.12594458438287154
ENSDARG00000078059	0.6343859052624454	177	other	0.015373925128116042
ENSDARG00000078060	0.16589854380090416	232	other	0.020151133501259445
ENSDARG00000078069	1.19713631573221	121	other	0.010509858420915487
ENSDARG00000078072	0.11350097938558659	545	other	0.04733779206114827
ENSDARG00000078073	0.5606573474866143	1110	high zero count	0.09641275080343958
ENSDARG00000078075	0.6526318571545495	200	other	0.017371666811430556
ENSDARG00000078077	-0.09246040464884332	1215	high zero count	0.10553287587944063
ENSDARG00000078083	0.156612383206204	84	other	0.007296100060800834
ENSDARG00000078094	-0.28992053390431805	285	other	0.024754625206288544
ENSDARG00000078095	0.5801650354216532	144	other	0.01250760010423
ENSDARG00000078105	0.46100939259579216	125	other	0.010857291757144097
ENSDARG00000078106	0.3531872909258809	85	other	0.007382958394857987
ENSDARG00000078109	0.3073030394879239	112	other	0.009728133414401112
ENSDARG00000078113	1.6624178509577687	454	other	0.03943368366194736
ENSDARG00000078114	-0.05338349291193305	1487	high zero count	0.12915834274298618
ENSDARG00000078118	0.7442231389359434	53	other	0.004603491705029098
ENSDARG00000078130	-0.1982658966956924	757	other	0.06575175888126465
ENSDARG00000078133	0.8017817015983583	15	other	0.0013028750108572918
ENSDARG00000078138	0.01631059335991296	1111	high zero count	0.09649960913749674
ENSDARG00000078139	-0.14653716749997958	869	other	0.07547989229566576
ENSDARG00000078145	-0.1509529750270936	1818	high zero count	0.15790845131590375
ENSDARG00000078152	-0.06708477489721863	3391	high zero count	0.2945366107878051
ENSDARG00000078155	-0.10413723275305112	937	other	0.08138625901155216
ENSDARG00000078159	0.21099674430273568	1604	high zero count	0.13932076782767305
ENSDARG00000078164	0.6857608912370804	34	other	0.0029531833579431945
ENSDARG00000078166	-0.02092402400719866	183	other	0.01589507513245896
ENSDARG00000078169	0.2781832042201677	790	other	0.0686180839051507
ENSDARG00000078172	-0.055851900330465186	52	other	0.004516633370971945
ENSDARG00000078179	0.5507909120214655	49	other	0.004256058368800487
ENSDARG00000078182	0.9944259013033858	1397	high zero count	0.12134109267784243
ENSDARG00000078185	-0.26130372057804896	1241	high zero count	0.1077911925649266
ENSDARG00000078186	0.29077270602862215	431	other	0.03743594197863285
ENSDARG00000078187	0.15795252921829964	740	other	0.06427516720229307
ENSDARG00000078195	0.05694347633656921	1642	high zero count	0.14262138452184486
ENSDARG00000078210	-0.2999327902548468	1596	high zero count	0.13862590115521584
ENSDARG00000078214	0.4404599369564837	15	other	0.0013028750108572918
ENSDARG00000078216	0.4950905109014825	92	other	0.007990966733258055
ENSDARG00000078217	-0.031083169983441624	1773	high zero count	0.1539998262833319
ENSDARG00000078233	0.6738843824356132	2	other	1.7371666811430558e-4
ENSDARG00000078238	0.09547351263030743	834	other	0.07243985060366542
ENSDARG00000078249	-0.04767406117669552	2377	high zero count	0.20646226005385215
ENSDARG00000078250	0.1966177451878302	924	other	0.08025710066880917
ENSDARG00000078251	0.19117958882311167	1798	high zero count	0.1561712846347607
ENSDARG00000078258	0.4596043159463035	316	other	0.027447233562060278
ENSDARG00000078261	-0.12508500662002267	1191	high zero count	0.10344827586206896
ENSDARG00000078266	1.0178935133598068	1066	high zero count	0.09259098410492486
ENSDARG00000078270	-0.09092585601515261	892	other	0.07747763397898029
ENSDARG00000078280	-0.033455357929778544	1085	high zero count	0.09424129245201077
ENSDARG00000078283	-0.06113258162707386	1407	high zero count	0.12220967601841397
ENSDARG00000078285	0.02085509139044301	241	other	0.02093285850777382
ENSDARG00000078308	0.0949202491160966	282	other	0.024494050204117084
ENSDARG00000078309	-0.09150320325618795	269	other	0.0233648918613741
ENSDARG00000078310	0.17346404307819208	118	other	0.010249283418744029
ENSDARG00000078311	-0.11709246921291677	2013	high zero count	0.17484582645704855
ENSDARG00000078313	-0.14256667570291515	99	other	0.008598975071658126
ENSDARG00000078315	0.4868522583206021	1462	high zero count	0.12698688439155736
ENSDARG00000078317	-0.12389636460154645	661	other	0.05741335881177799
ENSDARG00000078322	1.1598265605708193	118	other	0.010249283418744029
ENSDARG00000078326	0.5994505436037912	156	other	0.013549900112915835
ENSDARG00000078328	0.35963217497949257	144	other	0.01250760010423
ENSDARG00000078335	-0.08505319088541467	98	other	0.008512116737600973
ENSDARG00000078348	1.216722923909889	27	other	0.002345175019543125
ENSDARG00000078352	0.4835103712929041	286	other	0.024841483540345696
ENSDARG00000078355	0.2970330035180342	14	other	0.001216016676800139
ENSDARG00000078362	0.3290623744514931	3335	high zero count	0.28967254408060455
ENSDARG00000078363	0.31054866910971063	660	other	0.05732650047772084
ENSDARG00000078381	0.5547572553680573	18	other	0.00156345001302875
ENSDARG00000078383	1.2686125807635997	110	other	0.009554416746286806
ENSDARG00000078386	0.6749269301238501	6	other	5.211500043429167e-4
ENSDARG00000078387	0.011383833799628122	3548	high zero count	0.30817336923477806
ENSDARG00000078388	-0.07286856218305808	3532	high zero count	0.3067836358898636
ENSDARG00000078399	-0.04979227593147254	190	other	0.01650308347085903
ENSDARG00000078401	-0.007998539466745858	1352	high zero count	0.11743246764527056
ENSDARG00000078416	0.8227764349932708	226	other	0.01962998349691653
ENSDARG00000078419	0.10735551547782816	236	other	0.020498566837488057
ENSDARG00000078425	0.1223264917042875	578	other	0.05020411708503431
ENSDARG00000078430	0.5537497384762098	126	other	0.010944150091201251
ENSDARG00000078433	0.8160385851771697	19	other	0.0016503083470859028
ENSDARG00000078434	-0.17754646967642954	1497	high zero count	0.13002692608355773
ENSDARG00000078435	0.481768905136616	1196	high zero count	0.10388256753235472
ENSDARG00000078441	0.34228229741814625	406	other	0.03526448362720403
ENSDARG00000078442	0.21121828426955452	75	other	0.006514375054286459
ENSDARG00000078448	0.7393861757026182	420	other	0.03648050030400417
ENSDARG00000078458	0.4030229099671916	42	other	0.003648050030400417
ENSDARG00000078459	0.5414371646607222	112	other	0.009728133414401112
ENSDARG00000078473	1.932634377779631	5	other	4.342916702857639e-4
ENSDARG00000078492	0.048055796216262804	1802	high zero count	0.15651871797098932
ENSDARG00000078497	0.19607397076200134	33	other	0.002866325023886042
ENSDARG00000078500	0.7952036177843111	69	other	0.005993225049943542
ENSDARG00000078508	0.01837533170856328	1676	high zero count	0.14557456787978806
ENSDARG00000078512	0.8535896072452914	168	other	0.014592200121601668
ENSDARG00000078520	0.9683840304886935	128	other	0.011117866759315557
ENSDARG00000078522	0.362564009614828	1112	high zero count	0.0965864674715539
ENSDARG00000078523	0.07102805048511018	144	other	0.01250760010423
ENSDARG00000078535	-0.16749094420649843	1572	high zero count	0.13654130113784418
ENSDARG00000078541	0.2616029982761658	337	other	0.029271258577260487
ENSDARG00000078546	0.26721797633451017	3106	high zero count	0.26978198558151656
ENSDARG00000078552	0.1495975595080106	756	other	0.0656649005472075
ENSDARG00000078561	0.8335446311535288	124	other	0.010770433423086945
ENSDARG00000078567	0.8653859059337956	545	other	0.04733779206114827
ENSDARG00000078571	-0.19811445397162877	609	other	0.05289672544080604
ENSDARG00000078572	0.9978540876095161	22	other	0.0019108833492573613
ENSDARG00000078574	0.11555739386069258	76	other	0.006601233388343611
ENSDARG00000078576	0.15914166712617417	300	other	0.026057500217145837
ENSDARG00000078578	0.4145296795089008	26	other	0.0022583166854859725
ENSDARG00000078582	-0.19820094285494716	481	other	0.04177885868149049
ENSDARG00000078585	0.24806359628978455	260	other	0.022583166854859723
ENSDARG00000078592	1.2683438697341125	195	other	0.01693737514114479
ENSDARG00000078593	-0.17773519826129652	1626	high zero count	0.14123165117693043
ENSDARG00000078598	-0.09833260536648707	343	other	0.029792408581603404
ENSDARG00000078599	0.013649097550881808	633	other	0.054981325458177716
ENSDARG00000078604	0.70889355745885	77	other	0.006688091722400764
ENSDARG00000078605	0.12535163312321948	316	other	0.027447233562060278
ENSDARG00000078606	0.19840692289173079	284	other	0.024667766872231392
ENSDARG00000078618	0.06843862112938245	974	other	0.08460001737166681
ENSDARG00000078619	1.4395523952978622	418	other	0.036306783635889864
ENSDARG00000078620	0.12099051103535852	279	other	0.024233475201945628
ENSDARG00000078624	0.5768919511685352	483	other	0.041952575349604795
ENSDARG00000078640	0.19309774689554174	188	other	0.016329366802744723
ENSDARG00000078653	-0.07948355330000399	117	other	0.010162425084686877
ENSDARG00000078654	0.6904348972218995	28	other	0.002432033353600278
ENSDARG00000078658	0.393589351908732	1757	high zero count	0.15261009293841743
ENSDARG00000078675	0.9919215457516961	18	other	0.00156345001302875
ENSDARG00000078683	0.7004604094956092	164	other	0.014244766785373057
ENSDARG00000078685	-0.14036664688935652	2002	high zero count	0.17389038478241986
ENSDARG00000078686	1.6374058448045985	56	other	0.004864066707200556
ENSDARG00000078688	-0.02620569295479531	1927	high zero count	0.1673760097281334
ENSDARG00000078691	0.4828683832873454	19	other	0.0016503083470859028
ENSDARG00000078694	0.046814440371668514	148	other	0.012855033440458612
ENSDARG00000078696	-0.19595156811928566	523	other	0.04542690871189091
ENSDARG00000078701	-0.23243713486817572	1576	high zero count	0.1368887344740728
ENSDARG00000078703	0.6038752492433607	911	other	0.07912794232606618
ENSDARG00000078707	-0.014522747574885574	614	other	0.05333101711109181
ENSDARG00000078722	-0.21398289558969258	654	other	0.05680535047337792
ENSDARG00000078725	0.09916344147154148	303	other	0.026318075219317293
ENSDARG00000078731	-0.11910074652301882	1300	high zero count	0.11291583427429862
ENSDARG00000078733	0.15085267387711623	369	other	0.03205072526708938
ENSDARG00000078738	-0.19091168057929417	863	other	0.07495874229132285
ENSDARG00000078741	0.18286951545606375	318	other	0.027620950230174586
ENSDARG00000078745	0.12315308886270776	854	other	0.07417701728480848
ENSDARG00000078748	1.6546524091457555	100	other	0.008685833405715278
ENSDARG00000078751	0.8563614732871179	20	other	0.0017371666811430556
ENSDARG00000078754	-0.05180495232100875	2189	high zero count	0.19013289325110744
ENSDARG00000078757	0.6230778594455435	904	other	0.07851993398766612
ENSDARG00000078759	-0.03837440957591299	904	other	0.07851993398766612
ENSDARG00000078761	-0.03500186091985873	1636	high zero count	0.14210023451750195
ENSDARG00000078768	0.03598610431209178	1027	other	0.08920350907669591
ENSDARG00000078772	0.3399596278723599	130	other	0.011291583427429861
ENSDARG00000078773	0.2821603937455163	1610	high zero count	0.139841917832016
ENSDARG00000078775	-0.04039898619221152	1711	high zero count	0.1486146095717884
ENSDARG00000078778	0.6266656067965768	232	other	0.020151133501259445
ENSDARG00000078781	0.7344179610285586	138	other	0.011986450099887084
ENSDARG00000078784	0.4733134004038905	49	other	0.004256058368800487
ENSDARG00000078785	1.535227281946758	41	other	0.0035611916963432643
ENSDARG00000078789	0.21029852744858035	63	other	0.0054720750456006256
ENSDARG00000078797	0.012329971879406263	98	other	0.008512116737600973
ENSDARG00000078802	0.9735511675558279	9	other	7.81725006514375e-4
ENSDARG00000078803	0.10413673157896254	188	other	0.016329366802744723
ENSDARG00000078805	-0.13166224433424004	1378	high zero count	0.11969078433075654
ENSDARG00000078814	0.19662032582433725	77	other	0.006688091722400764
ENSDARG00000078815	-0.14474556199725405	1058	high zero count	0.09189611743246764
ENSDARG00000078822	-0.055183451886242976	1224	high zero count	0.10631460088595501
ENSDARG00000078824	-0.10185254638198991	931	other	0.08086510900720924
ENSDARG00000078825	0.09755454248487916	1254	high zero count	0.10892035090766959
ENSDARG00000078828	0.1492850237013764	1231	high zero count	0.10692260922435508
ENSDARG00000078832	0.4950571713408746	1168	high zero count	0.10145053417875445
ENSDARG00000078835	0.040392312430024925	416	other	0.03613306696777556
ENSDARG00000078842	0.2717282829373023	816	other	0.07087640059063667
ENSDARG00000078847	-0.10881442384528259	578	other	0.05020411708503431
ENSDARG00000078850	-0.11563516795312755	914	other	0.07938851732823765
ENSDARG00000078854	0.8500592420929441	451	other	0.039173108659775906
ENSDARG00000078856	-0.009524243121734477	1125	high zero count	0.09771562581429688
ENSDARG00000078865	0.7045038116292593	240	other	0.02084600017371667
ENSDARG00000078866	0.021359365899222642	2008	high zero count	0.1744115347867628
ENSDARG00000078878	-0.21154950809394016	1720	high zero count	0.1493963345783028
ENSDARG00000078882	0.5146119528927331	85	other	0.007382958394857987
ENSDARG00000078887	0.09638715958630154	1855	high zero count	0.16112220967601842
ENSDARG00000078888	0.7309550630098209	12	other	0.0010423000086858334
ENSDARG00000078891	0.5022395723026559	1003	other	0.08711890905932425
ENSDARG00000078894	-0.00570246766617589	1569	high zero count	0.13628072613567271
ENSDARG00000078898	0.38792919405381204	543	other	0.04716407539303396
ENSDARG00000078911	0.301668444927886	42	other	0.003648050030400417
ENSDARG00000078924	-0.20451359787786932	1490	high zero count	0.12941891774515765
ENSDARG00000078929	0.6854185854177076	483	other	0.041952575349604795
ENSDARG00000078935	0.7861708761493689	23	other	0.001997741683314514
ENSDARG00000078942	-0.022728474915976994	396	other	0.0343959002866325
ENSDARG00000078947	-0.07969685972653288	2003	high zero count	0.17397724311647703
ENSDARG00000078953	0.6124031334433283	109	other	0.009467558412229654
ENSDARG00000078954	0.05666546530906543	557	other	0.0483800920698341
ENSDARG00000078964	-0.17738843518336997	1284	high zero count	0.11152610092938417
ENSDARG00000078966	1.0415121495638884	23	other	0.001997741683314514
ENSDARG00000078973	0.3593291226535558	596	other	0.05176756709806306
ENSDARG00000078974	0.29031991474379515	704	other	0.06114826717623556
ENSDARG00000078979	-0.20303039781201757	1599	high zero count	0.1388864761573873
ENSDARG00000078983	-0.14673037710597697	1366	high zero count	0.1186484843220707
ENSDARG00000078986	0.5452851774665175	679	other	0.05897680882480674
ENSDARG00000078989	-0.08691075854581744	354	other	0.030747850256232084
ENSDARG00000078991	0.7619993888528157	168	other	0.014592200121601668
ENSDARG00000078992	0.7326350129576625	13	other	0.0011291583427429862
ENSDARG00000079000	0.44316794307565543	1147	high zero count	0.09962650916355424
ENSDARG00000079008	0.6350193403206545	939	other	0.08155997567966647
ENSDARG00000079009	1.1960265381811088	20	other	0.0017371666811430556
ENSDARG00000079011	0.08325085913150117	2249	high zero count	0.19534439329453662
ENSDARG00000079012	-0.1276945847003002	1041	other	0.09041952575349604
ENSDARG00000079013	0.8881039237508799	160	other	0.013897333449144445
ENSDARG00000079015	0.2077880031133199	845	other	0.0733952922782941
ENSDARG00000079020	0.23385182589956194	1297	high zero count	0.11265525927212716
ENSDARG00000079027	0.1698518040846964	188	other	0.016329366802744723
ENSDARG00000079034	0.031671754634876585	1661	high zero count	0.14427169286893077
ENSDARG00000079035	0.07720265296479747	376	other	0.032658733605489446
ENSDARG00000079046	0.04316866186134755	60	other	0.005211500043429167
ENSDARG00000079067	0.07755219094869978	3559	high zero count	0.30912881090940675
ENSDARG00000079068	-0.1916370454487403	721	other	0.06262485885520716
ENSDARG00000079089	0.027156684011288346	1893	high zero count	0.1644228263701902
ENSDARG00000079097	0.017969175987924194	137	other	0.011899591765829932
ENSDARG00000079104	-0.09358949754218497	808	other	0.07018153391817945
ENSDARG00000079110	-0.0191696903499952	286	other	0.024841483540345696
ENSDARG00000079111	-0.01724943129067061	1288	high zero count	0.11187353426561279
ENSDARG00000079122	-0.10019037920128603	2554	high zero count	0.2218361851819682
ENSDARG00000079124	0.09083133745361047	505	other	0.04386345869886216
ENSDARG00000079125	-0.09774383132790529	262	other	0.02275688352297403
ENSDARG00000079128	0.13592510371981908	174	other	0.015113350125944584
ENSDARG00000079131	-0.17843060755695925	833	other	0.07235299226960827
ENSDARG00000079145	0.5027072712933799	573	other	0.049769825414748545
ENSDARG00000079148	0.20955795346151415	277	other	0.02405975853383132
ENSDARG00000079150	0.8076959077288958	367	other	0.03187700859897507
ENSDARG00000079161	1.9854574009809751	58	other	0.005037783375314861
ENSDARG00000079166	0.25370245446159034	2496	high zero count	0.21679840180665336
ENSDARG00000079167	0.427345732804015	160	other	0.013897333449144445
ENSDARG00000079175	0.6700005453566468	523	other	0.04542690871189091
ENSDARG00000079198	0.4839417447568372	201	other	0.01745852514548771
ENSDARG00000079201	0.04643995476441244	969	other	0.08416572570138105
ENSDARG00000079202	0.36007941977997665	35	other	0.0030400416920003475
ENSDARG00000079219	1.1513136828788593	1119	high zero count	0.09719447580995397
ENSDARG00000079233	-0.18285197850233956	1966	high zero count	0.17076348475636238
ENSDARG00000079238	0.30873796306767864	118	other	0.010249283418744029
ENSDARG00000079250	-0.15698633003285098	2074	high zero count	0.18014418483453487
ENSDARG00000079252	0.03242813914723812	579	other	0.050290975419091465
ENSDARG00000079253	0.01728485851143042	224	other	0.019456266828802225
ENSDARG00000079255	-0.0794909047983668	879	other	0.0763484756362373
ENSDARG00000079257	0.11800429253274669	165	other	0.01433162511943021
ENSDARG00000079271	0.3290817987250341	1203	high zero count	0.1044905758707548
ENSDARG00000079276	0.5360895072705617	2286	high zero count	0.19855815165465127
ENSDARG00000079278	-0.07984105635890297	1679	high zero count	0.14583514288195953
ENSDARG00000079280	0.4874139883417595	360	other	0.031269000260575004
ENSDARG00000079281	0.0977863030101204	100	other	0.008685833405715278
ENSDARG00000079283	0.33307975606281565	306	other	0.026578650221488753
ENSDARG00000079286	0.1679050298157028	269	other	0.0233648918613741
ENSDARG00000079296	0.03441442307905215	2977	high zero count	0.25857726048814383
ENSDARG00000079302	0.7870258863694434	2357	high zero count	0.2047250933727091
ENSDARG00000079305	1.1706767095783763	1130	high zero count	0.09814991748458264
ENSDARG00000079306	0.8130089998909219	64	other	0.005558933379657779
ENSDARG00000079307	0.5349721643632385	1047	high zero count	0.09094067575783897
ENSDARG00000079312	0.2741536604113745	46	other	0.003995483366629028
ENSDARG00000079313	0.9473425335799914	16	other	0.0013897333449144446
ENSDARG00000079317	0.4428711830551726	1187	high zero count	0.10310084252584036
ENSDARG00000079323	0.40259653555976904	151	other	0.01311560844263007
ENSDARG00000079324	-0.09418427060440301	468	other	0.040649700338747506
ENSDARG00000079326	-0.10851782628664179	1572	high zero count	0.13654130113784418
ENSDARG00000079327	0.21139032736730629	435	other	0.037783375314861464
ENSDARG00000079329	-0.16909912872489163	135	other	0.011725875097715626
ENSDARG00000079350	0.39066343259948166	67	other	0.005819508381829237
ENSDARG00000079352	0.5293520985150575	88	other	0.007643533397029445
ENSDARG00000079353	0.9159979332653544	1145	high zero count	0.09945279249543994
ENSDARG00000079355	1.2764575786326677	105	other	0.009120125076001042
ENSDARG00000079366	0.568248432396668	176	other	0.01528706679405889
ENSDARG00000079369	0.5796585922463766	249	other	0.021627725180231042
ENSDARG00000079372	0.16405153765523078	244	other	0.021193433509945278
ENSDARG00000079374	1.0594346646191564	15	other	0.0013028750108572918
ENSDARG00000079377	-0.2681560093977001	1160	high zero count	0.10075566750629723
ENSDARG00000079378	-0.08493836236767778	159	other	0.013810475115087293
ENSDARG00000079382	0.1690728466781695	288	other	0.02501520020846
ENSDARG00000079388	0.854976945187473	78	other	0.006774950056457917
ENSDARG00000079391	0.7808794674997069	203	other	0.017632241813602016
ENSDARG00000079396	0.03785290976316971	1811	high zero count	0.1573004429775037
ENSDARG00000079397	-0.1081745263104649	724	other	0.06288543385737862
ENSDARG00000079399	0.1257706588044788	379	other	0.0329193086076609
ENSDARG00000079401	0.10551323558539454	2057	high zero count	0.17866759315556327
ENSDARG00000079412	0.7596255291235926	1180	high zero count	0.10249283418744029
ENSDARG00000079415	0.034105306471779784	1452	high zero count	0.12611830105098584
ENSDARG00000079420	0.003480578734411072	1367	high zero count	0.11873534265612785
ENSDARG00000079434	0.5115928585779074	18	other	0.00156345001302875
ENSDARG00000079438	0.3585701899255342	176	other	0.01528706679405889
ENSDARG00000079440	-0.007474168311820922	1267	high zero count	0.11004950925041258
ENSDARG00000079443	-0.09685051428806496	1647	high zero count	0.14305567619213064
ENSDARG00000079452	-0.062331487285815126	232	other	0.020151133501259445
ENSDARG00000079455	0.1493892009407332	829	other	0.07200555893337966
ENSDARG00000079456	0.6168857278952756	995	other	0.08642404238686702
ENSDARG00000079462	-0.09965881198165062	983	other	0.08538174237818119
ENSDARG00000079463	0.24120467416043295	2147	high zero count	0.18648484322070702
ENSDARG00000079467	0.18991000242334571	1098	high zero count	0.09537045079475376
ENSDARG00000079469	-0.23131375279022895	1867	high zero count	0.16216450968470425
ENSDARG00000079473	-0.1966870781549977	1131	high zero count	0.0982367758186398
ENSDARG00000079474	-0.12092911898946754	876	other	0.07608790063406584
ENSDARG00000079497	0.611413476047746	1396	high zero count	0.12125423434378528
ENSDARG00000079501	0.009573325516960985	1156	high zero count	0.10040823417006862
ENSDARG00000079502	-0.1889223927626541	972	other	0.0844263007035525
ENSDARG00000079504	0.92105837118633	260	other	0.022583166854859723
ENSDARG00000079508	0.5985294614490266	113	other	0.009814991748458264
ENSDARG00000079516	0.9100623256198859	230	other	0.01997741683314514
ENSDARG00000079525	0.12103473851613604	3495	high zero count	0.30356987752974895
ENSDARG00000079530	-0.23620880984018214	225	other	0.019543125162859377
ENSDARG00000079542	0.3059172545656217	310	other	0.026926083557717362
ENSDARG00000079543	0.504649688031684	1213	high zero count	0.10535915921132633
ENSDARG00000079544	0.923477912770531	785	other	0.06818379223486494
ENSDARG00000079552	-0.12869658863776778	766	other	0.06653348388777904
ENSDARG00000079564	0.5093032635469833	129	other	0.01120472509337271
ENSDARG00000079570	0.14612404166740225	1289	high zero count	0.11196039259966994
ENSDARG00000079571	0.1529329589751881	2916	high zero count	0.2532789021106575
ENSDARG00000079575	0.1481935662271491	562	other	0.048814383740119864
ENSDARG00000079578	0.6138687950951001	68	other	0.005906366715886389
ENSDARG00000079584	0.10648687736169167	1717	high zero count	0.14913575957613132
ENSDARG00000079586	0.14931211629861288	1147	high zero count	0.09962650916355424
ENSDARG00000079588	0.022842395812076272	42	other	0.003648050030400417
ENSDARG00000079589	0.0662820033098637	812	other	0.07052896725440806
ENSDARG00000079591	0.3906712333932549	110	other	0.009554416746286806
ENSDARG00000079605	1.1692694341387249	27	other	0.002345175019543125
ENSDARG00000079610	0.22938540973897956	119	other	0.01033614175280118
ENSDARG00000079611	-0.07773513644509157	1455	high zero count	0.1263788760531573
ENSDARG00000079613	0.5305176397773844	957	other	0.08312342569269521
ENSDARG00000079616	0.9059236739583268	16	other	0.0013897333449144446
ENSDARG00000079622	-0.08710339734744965	250	other	0.021714583514288194
ENSDARG00000079623	0.08967543574097732	1927	high zero count	0.1673760097281334
ENSDARG00000079624	0.5180224332675144	25	other	0.0021714583514288194
ENSDARG00000079625	-0.22802549074189346	860	other	0.0746981672891514
ENSDARG00000079626	0.7608371301057538	27	other	0.002345175019543125
ENSDARG00000079631	0.44141429925002246	48	other	0.004169200034743334
ENSDARG00000079632	1.4128928214931795	254	other	0.022062016850516807
ENSDARG00000079634	0.16695421696146345	2289	high zero count	0.1988187266568227
ENSDARG00000079636	0.7108013714353929	220	other	0.019108833492573613
ENSDARG00000079637	-0.1502989470304552	403	other	0.035003908625032575
ENSDARG00000079639	0.3472786870179983	1306	high zero count	0.11343698427864153
ENSDARG00000079651	0.08522909008575315	417	other	0.03621992530183271
ENSDARG00000079652	0.5909495964517295	132	other	0.011465300095544168
ENSDARG00000079653	1.0353464436044169	600	other	0.052115000434291674
ENSDARG00000079659	0.5670969726049468	124	other	0.010770433423086945
ENSDARG00000079664	0.5436932730192191	725	other	0.06297229219143577
ENSDARG00000079665	0.04383926036179138	461	other	0.040041692000347434
ENSDARG00000079672	0.7867545915005909	42	other	0.003648050030400417
ENSDARG00000079679	-0.19975029636745198	1034	other	0.08981151741509598
ENSDARG00000079684	0.0886727749040031	272	other	0.023625466863545556
ENSDARG00000079686	0.6601941092954285	8	other	6.948666724572223e-4
ENSDARG00000079687	1.4626875540573934	15	other	0.0013028750108572918
ENSDARG00000079688	1.378716107450038	5	other	4.342916702857639e-4
ENSDARG00000079702	0.3233006308345027	280	other	0.02432033353600278
ENSDARG00000079712	0.5616521783698015	346	other	0.030052983583774864
ENSDARG00000079716	0.7764229600760212	25	other	0.0021714583514288194
ENSDARG00000079717	0.7104067528719977	76	other	0.006601233388343611
ENSDARG00000079723	0.5930400233045697	11	other	9.554416746286806e-4
ENSDARG00000079725	1.2938741278343828	68	other	0.005906366715886389
ENSDARG00000079727	0.4274788025220573	573	other	0.049769825414748545
ENSDARG00000079731	0.7898846687116237	33	other	0.002866325023886042
ENSDARG00000079738	0.3491402409177044	202	other	0.017545383479544863
ENSDARG00000079740	-0.06506698474920593	789	other	0.06853122557109355
ENSDARG00000079741	0.7294071036751426	2023	high zero count	0.17571440979762007
ENSDARG00000079742	0.564951000043677	248	other	0.02154086684617389
ENSDARG00000079745	0.9088240348246364	2	other	1.7371666811430558e-4
ENSDARG00000079751	1.0508077155020197	75	other	0.006514375054286459
ENSDARG00000079752	0.1180554780654923	1095	high zero count	0.0951098757925823
ENSDARG00000079753	0.04148253654436796	2046	high zero count	0.17771215148093458
ENSDARG00000079756	-0.23876746671254717	919	other	0.07982280899852341
ENSDARG00000079762	0.15230212987836042	356	other	0.030921566924346392
ENSDARG00000079780	2.1472147250720846	168	other	0.014592200121601668
ENSDARG00000079782	0.30073750027261664	1654	high zero count	0.14366368453053072
ENSDARG00000079783	0.5224036296074004	94	other	0.008164683401372361
ENSDARG00000079785	0.6309033514828046	1532	high zero count	0.13306696777555807
ENSDARG00000079802	0.08383891384925704	2672	high zero count	0.23208546860071225
ENSDARG00000079808	0.03220705389272831	374	other	0.03248501693737514
ENSDARG00000079811	-0.11106303701570225	518	other	0.04499261704160514
ENSDARG00000079815	0.6190799492786844	442	other	0.03839138365326153
ENSDARG00000079816	0.20372121245934974	1450	high zero count	0.12594458438287154
ENSDARG00000079818	-0.03137389296320452	3362	high zero count	0.2920177191001477
ENSDARG00000079823	0.9730974936373084	107	other	0.009293841744115348
ENSDARG00000079827	0.0023898717013653126	3117	high zero count	0.27073742725614525
ENSDARG00000079834	0.8447487786974013	20	other	0.0017371666811430556
ENSDARG00000079835	0.06074266783692896	834	other	0.07243985060366542
ENSDARG00000079840	0.06675459129216314	612	other	0.053157300442977506
ENSDARG00000079847	0.18997533114431958	190	other	0.01650308347085903
ENSDARG00000079848	1.490892086875872	4	other	3.4743333622861116e-4
ENSDARG00000079850	0.2557443992434525	706	other	0.061321983844349864
ENSDARG00000079854	0.3385805811388924	236	other	0.020498566837488057
ENSDARG00000079857	0.43301289688840944	2034	high zero count	0.17666985147224876
ENSDARG00000079862	-0.014055804872444816	938	other	0.08147311734560932
ENSDARG00000079869	0.05635488250170961	1100	high zero count	0.09554416746286806
ENSDARG00000079881	-0.08285249460944849	1458	high zero count	0.12663945105532876
ENSDARG00000079884	-0.21572491632381113	1169	high zero count	0.1015373925128116
ENSDARG00000079886	0.38139340886240425	1138	high zero count	0.09884478415703987
ENSDARG00000079889	-0.18741017645490274	1047	high zero count	0.09094067575783897
ENSDARG00000079891	0.48688264693039823	213	other	0.018500825154173544
ENSDARG00000079895	0.12420307198409508	241	other	0.02093285850777382
ENSDARG00000079897	-0.2859268945298511	1949	high zero count	0.16928689307739078
ENSDARG00000079900	0.41320403384320803	55	other	0.004777208373143403
ENSDARG00000079905	0.7563506770078074	2660	high zero count	0.2310431685920264
ENSDARG00000079912	-0.1374039250148541	2059	high zero count	0.17884130982367757
ENSDARG00000079915	-0.24272230001854084	646	other	0.0561104838009207
ENSDARG00000079931	0.0034528481346406724	1275	high zero count	0.1107443759228698
ENSDARG00000079932	1.1084221451209417	25	other	0.0021714583514288194
ENSDARG00000079934	0.34368108395133695	523	other	0.04542690871189091
ENSDARG00000079939	0.8525413439109594	100	other	0.008685833405715278
ENSDARG00000079964	0.4281378441979127	1892	high zero count	0.16433596803613307
ENSDARG00000079967	0.3556645925059362	321	other	0.027881525232346042
ENSDARG00000079973	0.005718825648579996	1228	high zero count	0.10666203422218362
ENSDARG00000079977	0.6018786410052505	1153	high zero count	0.10014765916789715
ENSDARG00000079985	0.36439386215425035	1122	high zero count	0.09745505081212542
ENSDARG00000079992	-0.06793307803262932	3064	high zero count	0.26613393555111614
ENSDARG00000079994	0.09691270512764522	58	other	0.005037783375314861
ENSDARG00000079997	-0.22717043083700536	1987	high zero count	0.1725875097715626
ENSDARG00000080006	0.072492493976275	436	other	0.037870233648918616
ENSDARG00000080009	0.2611562855443747	114	other	0.009901850082515417
ENSDARG00000080010	1.831038522286935	21	other	0.0018240250152002084
ENSDARG00000080016	-0.25417043086532565	1332	high zero count	0.11569530096412751
ENSDARG00000080128	2.1537649247441064	832	other	0.07226613393555112
ENSDARG00000080401	2.733263691164317	1086	high zero count	0.09432815078606792
ENSDARG00000080630	1.7088347017342849	1470	high zero count	0.12768175106401458
ENSDARG00000080675	0.3274988963311447	1683	high zero count	0.14618257621818814
ENSDARG00000081270	1.3733875747402593	801	other	0.06957352557977937
ENSDARG00000081369	3.2535978703196053	41	other	0.0035611916963432643
ENSDARG00000081475	0.9557526733223665	522	other	0.04534005037783375
ENSDARG00000081938	2.186831570919341	165	other	0.01433162511943021
ENSDARG00000082084	0.4179480899208549	1905	high zero count	0.16546512637887606
ENSDARG00000082789	2.717880981938968	232	other	0.020151133501259445
ENSDARG00000083312	3.5623707620531913	1317	high zero count	0.11439242595327022
ENSDARG00000086034	0.08050465108736955	1569	high zero count	0.13628072613567271
ENSDARG00000086048	-0.15707336168682062	564	other	0.04898810040823417
ENSDARG00000086056	0.003430973360456271	1491	high zero count	0.1295057760792148
ENSDARG00000086075	0.49174112383856733	20	other	0.0017371666811430556
ENSDARG00000086103	0.5249309106102014	63	other	0.0054720750456006256
ENSDARG00000086104	0.188259866588292	203	other	0.017632241813602016
ENSDARG00000086107	0.24077017517507213	1762	high zero count	0.1530443846087032
ENSDARG00000086112	0.49800428806370295	1509	high zero count	0.13106922609224356
ENSDARG00000086126	-0.026118811633262688	1969	high zero count	0.17102405975853383
ENSDARG00000086150	0.5248178685587586	2068	high zero count	0.17962303483019196
ENSDARG00000086159	-0.06702447525848969	406	other	0.03526448362720403
ENSDARG00000086162	0.19635078871515188	276	other	0.023972900199774168
ENSDARG00000086172	0.7781834780253293	614	other	0.05333101711109181
ENSDARG00000086173	0.4407167839256099	263	other	0.022843741857031183
ENSDARG00000086183	-0.1616659615336226	1438	high zero count	0.1249022843741857
ENSDARG00000086184	-0.03597744320438769	454	other	0.03943368366194736
ENSDARG00000086204	1.0255887656489393	1571	high zero count	0.13645444280378702
ENSDARG00000086207	-0.19039134380014303	248	other	0.02154086684617389
ENSDARG00000086214	0.19776701269973512	2628	high zero count	0.22826370190219752
ENSDARG00000086215	-0.1612868789076851	623	other	0.05411274211760619
ENSDARG00000086216	0.7969695600117284	51	other	0.004429775036914792
ENSDARG00000086222	0.8804700268650012	216	other	0.018761400156345
ENSDARG00000086256	0.5427575202628125	575	other	0.04994354208286285
ENSDARG00000086288	0.7654838544375145	1042	other	0.0905063840875532
ENSDARG00000086302	0.6101916322913051	122	other	0.010596716754972639
ENSDARG00000086309	0.7056788477807603	67	other	0.005819508381829237
ENSDARG00000086317	0.15055071042881601	713	other	0.061929992182749936
ENSDARG00000086324	-0.12067315062889271	1280	high zero count	0.11117866759315556
ENSDARG00000086327	0.5214329766133913	160	other	0.013897333449144445
ENSDARG00000086332	0.9078629603539946	114	other	0.009901850082515417
ENSDARG00000086336	0.32143384870824127	1184	high zero count	0.1028402675236689
ENSDARG00000086342	0.4039865827377904	515	other	0.044732042039433685
ENSDARG00000086362	-0.11942104226210747	467	other	0.04056284200469035
ENSDARG00000086391	0.430312376878547	1937	high zero count	0.16824459306870493
ENSDARG00000086393	0.10717362111651658	2695	high zero count	0.23408321028402676
ENSDARG00000086405	-0.11819771829256924	232	other	0.020151133501259445
ENSDARG00000086411	0.6598515678305288	87	other	0.007556675062972292
ENSDARG00000086416	0.6239987284670165	631	other	0.054807608790063404
ENSDARG00000086418	0.4556646362538262	838	other	0.07278728393989403
ENSDARG00000086419	0.710453028052329	346	other	0.030052983583774864
ENSDARG00000086420	2.0552168016104293	218	other	0.018935116824459308
ENSDARG00000086421	0.7465852258548515	341	other	0.0296186919134891
ENSDARG00000086425	0.33214803599111936	30	other	0.0026057500217145837
ENSDARG00000086450	0.6340068955196076	68	other	0.005906366715886389
ENSDARG00000086457	0.20097611462826456	505	other	0.04386345869886216
ENSDARG00000086458	0.1630704431797635	184	other	0.01598193346651611
ENSDARG00000086459	0.5861079730282307	46	other	0.003995483366629028
ENSDARG00000086471	0.4386870734464276	550	other	0.04777208373143403
ENSDARG00000086490	0.05354211413511933	3722	high zero count	0.3232867193607227
ENSDARG00000086498	0.2222143029799661	2024	high zero count	0.17580126813167724
ENSDARG00000086505	-0.092371151035557	1021	other	0.08868235907235299
ENSDARG00000086512	-0.03556225919955584	1803	high zero count	0.15660557630504646
ENSDARG00000086523	0.5952130261086815	84	other	0.007296100060800834
ENSDARG00000086529	0.12142331722517916	76	other	0.006601233388343611
ENSDARG00000086550	-0.041124705671519594	558	other	0.048466950403891255
ENSDARG00000086553	-0.015143592383774584	1697	high zero count	0.14739859289498827
ENSDARG00000086585	-0.012520949173694373	928	other	0.08060453400503778
ENSDARG00000086616	0.36831601672852426	264	other	0.022930600191088335
ENSDARG00000086618	2.057548430350923	20	other	0.0017371666811430556
ENSDARG00000086626	0.3824446082486502	115	other	0.00998870841657257
ENSDARG00000086645	0.5341579457305936	160	other	0.013897333449144445
ENSDARG00000086647	-0.07193651012512402	3160	high zero count	0.2744723356206028
ENSDARG00000086665	0.1753315540544476	576	other	0.05003040041692
ENSDARG00000086670	0.22853318277879325	101	other	0.008772691739772432
ENSDARG00000086678	-0.15740225708397226	1337	high zero count	0.11612959263441328
ENSDARG00000086685	0.18777952923136151	1436	high zero count	0.1247285677060714
ENSDARG00000086691	0.11156617885232417	3031	high zero count	0.2632676105272301
ENSDARG00000086699	0.7850258794292451	39	other	0.0033874750282289587
ENSDARG00000086708	-0.14442244163902174	1200	high zero count	0.10423000086858335
ENSDARG00000086712	0.050492063702870814	410	other	0.03561191696343264
ENSDARG00000086735	-0.09208000000749489	186	other	0.01615565013463042
ENSDARG00000086737	0.1803100329863941	603	other	0.05237557543646313
ENSDARG00000086740	0.783172033763334	1023	other	0.08885607574046729
ENSDARG00000086753	0.8978935551442221	927	other	0.08051767567098063
ENSDARG00000086764	0.15645502591894006	108	other	0.0093807000781725
ENSDARG00000086775	-0.20721454036099862	1155	high zero count	0.10032137583601146
ENSDARG00000086786	-0.027779910369720627	3624	high zero count	0.3147746026231217
ENSDARG00000086789	0.4979665235381341	277	other	0.02405975853383132
ENSDARG00000086808	-0.09339669428738705	144	other	0.01250760010423
ENSDARG00000086815	0.7105759146217921	140	other	0.01216016676800139
ENSDARG00000086819	-0.14793165899779678	3307	high zero count	0.28724051072700424
ENSDARG00000086826	0.8909737381296792	382	other	0.033179883609832365
ENSDARG00000086831	0.8132908307040075	292	other	0.025362633544688613
ENSDARG00000086840	-0.10715077513800401	876	other	0.07608790063406584
ENSDARG00000086842	1.735360961527882	106	other	0.009206983410058196
ENSDARG00000086847	-0.10248335762947798	662	other	0.05750021714583514
ENSDARG00000086856	0.15587164171297924	355	other	0.03083470859028924
ENSDARG00000086881	0.2667714567823506	1679	high zero count	0.14583514288195953
ENSDARG00000086892	0.40190601971012124	830	other	0.07209241726743681
ENSDARG00000086896	0.48011393802991165	1623	high zero count	0.14097107617475896
ENSDARG00000086906	0.32183744444326273	785	other	0.06818379223486494
ENSDARG00000086911	0.19271084631619476	3335	high zero count	0.28967254408060455
ENSDARG00000086927	0.6475969433659413	136	other	0.011812733431772778
ENSDARG00000086950	-0.04651420982603872	453	other	0.03934682532789021
ENSDARG00000086957	-0.18414714643320237	1035	other	0.08989837574915313
ENSDARG00000086980	-0.17267364568162388	1891	high zero count	0.1642491097020759
ENSDARG00000086985	0.02165009378467291	543	other	0.04716407539303396
ENSDARG00000086990	0.4875575785372362	445	other	0.038651958655432986
ENSDARG00000086996	1.6469940163059316	1690	high zero count	0.1467905845565882
ENSDARG00000086998	-0.05032237147587964	527	other	0.04577434204811952
ENSDARG00000087032	-0.02087726013806558	260	other	0.022583166854859723
ENSDARG00000087074	-0.23555327294337153	555	other	0.04820637540171979
ENSDARG00000087093	0.736740704169939	256	other	0.022235733518631114
ENSDARG00000087094	0.08512275012856264	1391	high zero count	0.12081994267349952
ENSDARG00000087110	-0.08993963303270862	1728	high zero count	0.15009120125076
ENSDARG00000087145	0.9639699498696336	75	other	0.006514375054286459
ENSDARG00000087162	0.1309974303766593	846	other	0.07348215061235125
ENSDARG00000087176	-0.20325115961489265	1721	high zero count	0.14948319291235995
ENSDARG00000087186	0.07411726263624269	234	other	0.020324850169373753
ENSDARG00000087187	0.04524546962833015	1169	high zero count	0.1015373925128116
ENSDARG00000087188	0.2662152451275292	2209	high zero count	0.1918700599322505
ENSDARG00000087191	0.09609330457600178	1287	high zero count	0.11178667593155563
ENSDARG00000087193	0.42569796340367866	758	other	0.0658386172153218
ENSDARG00000087196	0.6223203335186629	425	other	0.036914791974289936
ENSDARG00000087198	0.3421769268320936	1675	high zero count	0.14548770954573093
ENSDARG00000087203	0.09206941113971065	141	other	0.012247025102058542
ENSDARG00000087226	0.6220227310278619	299	other	0.02597064188308868
ENSDARG00000087229	0.5087511709521295	86	other	0.00746981672891514
ENSDARG00000087238	0.2153607376871956	86	other	0.00746981672891514
ENSDARG00000087243	1.5079874600632597	40	other	0.0034743333622861113
ENSDARG00000087249	0.16347627336645498	1737	high zero count	0.1508729262572744
ENSDARG00000087260	0.33076332402927067	1283	high zero count	0.11143924259532702
ENSDARG00000087277	0.9855741852701317	584	other	0.050725267089377225
ENSDARG00000087293	1.0027953135985075	245	other	0.021280291844002434
ENSDARG00000087297	-0.0891771885759264	1311	high zero count	0.1138712759489273
ENSDARG00000087299	0.017209047552938287	113	other	0.009814991748458264
ENSDARG00000087303	1.067480982366652	863	other	0.07495874229132285
ENSDARG00000087327	0.19141500092231967	1521	high zero count	0.13211152610092938
ENSDARG00000087330	0.541362992532143	1183	high zero count	0.10275340918961175
ENSDARG00000087331	0.2859615296130987	276	other	0.023972900199774168
ENSDARG00000087333	0.13444866953653195	744	other	0.06462260053852167
ENSDARG00000087341	-0.20556799512785115	385	other	0.03344045861200382
ENSDARG00000087346	0.526327027324261	117	other	0.010162425084686877
ENSDARG00000087349	0.23747740509378376	1253	high zero count	0.10883349257361244
ENSDARG00000087369	-0.057003999684598766	592	other	0.05142013376183445
ENSDARG00000087390	1.9851579515644806	1681	high zero count	0.14600885955007384
ENSDARG00000087393	0.4120462392295701	197	other	0.0171110918092591
ENSDARG00000087401	0.39786047606663344	1355	high zero count	0.11769304264744203
ENSDARG00000087407	0.7826859293029865	179	other	0.015547641796230348
ENSDARG00000087413	0.12076563933453605	162	other	0.014071050117258751
ENSDARG00000087417	0.09978491108856542	202	other	0.017545383479544863
ENSDARG00000087421	0.35108197128627544	17	other	0.0014765916789715972
ENSDARG00000087426	0.1318378726567203	400	other	0.03474333362286111
ENSDARG00000087443	1.7446929213796287	98	other	0.008512116737600973
ENSDARG00000087446	0.07138097757817347	1369	high zero count	0.11890905932424216
ENSDARG00000087452	0.24298108188019069	864	other	0.07504560062538
ENSDARG00000087456	1.2767134468636334	320	other	0.02779466689828889
ENSDARG00000087461	-0.28263806134350067	1308	high zero count	0.11361070094675584
ENSDARG00000087473	1.1830419719698426	303	other	0.026318075219317293
ENSDARG00000087483	0.5686001768729081	286	other	0.024841483540345696
ENSDARG00000087518	0.8503560016405792	1026	other	0.08911665074263876
ENSDARG00000087525	-0.16798450041144927	1196	high zero count	0.10388256753235472
ENSDARG00000087528	0.7651969350955873	443	other	0.03847824198731868
ENSDARG00000087529	0.8692811988690046	411	other	0.03569877529748979
ENSDARG00000087530	0.20203263594850351	150	other	0.013028750108572918
ENSDARG00000087532	0.2119613025588768	356	other	0.030921566924346392
ENSDARG00000087538	0.47958337099177123	233	other	0.020237991835316597
ENSDARG00000087554	0.8355045061891708	134	other	0.011639016763658474
ENSDARG00000087555	0.24437538477219237	77	other	0.006688091722400764
ENSDARG00000087556	0.0203513608873837	2890	high zero count	0.2510205854251715
ENSDARG00000087574	0.0644633774030236	717	other	0.062277425518978545
ENSDARG00000087584	0.05108931707682475	1980	high zero count	0.1719795014331625
ENSDARG00000087592	1.8522640230423775	372	other	0.03231130026926084
ENSDARG00000087596	0.30113278555623235	24	other	0.002084600017371667
ENSDARG00000087599	0.35680730878964206	409	other	0.03552505862937549
ENSDARG00000087616	0.5193697003478831	209	other	0.018153391817944932
ENSDARG00000087636	1.9284343816951142	59	other	0.005124641709372014
ENSDARG00000087640	0.7523551891767711	6	other	5.211500043429167e-4
ENSDARG00000087641	0.24115997534346115	629	other	0.0546338921219491
ENSDARG00000087647	1.1272190288208799	6	other	5.211500043429167e-4
ENSDARG00000087657	0.8414317771373078	53	other	0.004603491705029098
ENSDARG00000087681	0.009006029119372401	1037	other	0.09007209241726744
ENSDARG00000087693	1.6224175814104937	355	other	0.03083470859028924
ENSDARG00000087697	0.8038934238221547	406	other	0.03526448362720403
ENSDARG00000087704	-0.07145388584456311	760	other	0.06601233388343612
ENSDARG00000087732	1.9564909249917415	488	other	0.042386867019890556
ENSDARG00000087742	0.1557449939106614	57	other	0.004950925041257708
ENSDARG00000087749	0.1462758436682172	55	other	0.004777208373143403
ENSDARG00000087752	0.053163927454726506	904	other	0.07851993398766612
ENSDARG00000087765	0.9124764154691282	1148	high zero count	0.0997133674976114
ENSDARG00000087779	0.9032681994350075	14	other	0.001216016676800139
ENSDARG00000087780	0.2950388235846237	262	other	0.02275688352297403
ENSDARG00000087788	0.69021645768165385	563	other	0.048901242074177016
ENSDARG00000087793	0.14781501738137404	308	other	0.026752366889603058
ENSDARG00000087835	0.06423316314866838	1290	high zero count	0.1120472509337271
ENSDARG00000087843	0.3136913994280151	1670	high zero count	0.14505341787544515
ENSDARG00000087869	0.7087445935863825	46	other	0.003995483366629028
ENSDARG00000087893	0.38702926044186775	13	other	0.0011291583427429862
ENSDARG00000087897	1.083754266047183	49	other	0.004256058368800487
ENSDARG00000087901	0.16560629326272527	325	other	0.028228958568574655
ENSDARG00000087911	0.07724685494115202	1344	high zero count	0.11673760097281334
ENSDARG00000087921	-0.23515555363814836	335	other	0.029097541909146183
ENSDARG00000087927	0.5471678159522737	925	other	0.08034395900286632
ENSDARG00000087933	-0.09580544873022291	1118	high zero count	0.09710761747589682
ENSDARG00000087939	-0.19008158480685575	1243	high zero count	0.1079649092330409
ENSDARG00000087950	1.1647348633864991	48	other	0.004169200034743334
ENSDARG00000087954	0.6740986985883352	399	other	0.03465647528880396
ENSDARG00000087962	0.181703016070324	380	other	0.03300616694171806
ENSDARG00000087979	-0.02667186472939557	1035	other	0.08989837574915313
ENSDARG00000087983	0.8580859753968295	288	other	0.02501520020846
ENSDARG00000087999	1.0433376194675055	1997	high zero count	0.1734560931121341
ENSDARG00000088002	-0.05227338200990674	3400	high zero count	0.2953183357943195
ENSDARG00000088029	0.6119048455462613	1924	high zero count	0.16711543472596196
ENSDARG00000088036	0.2599903737110852	175	other	0.015200208460001738
ENSDARG00000088039	0.39400403607291506	1788	high zero count	0.1553027012941892
ENSDARG00000088048	-0.11505212455084655	543	other	0.04716407539303396
ENSDARG00000088073	0.3859677814842558	1073	high zero count	0.09319899244332494
ENSDARG00000088083	0.09741602172393372	1967	high zero count	0.17085034309041952
ENSDARG00000088087	0.7406568393516645	1	other	8.685833405715279e-5
ENSDARG00000088116	0.5291011357230174	381	other	0.03309302527577521
ENSDARG00000088123	0.12799270686353129	12	other	0.0010423000086858334
ENSDARG00000088124	0.8085036106339331	645	other	0.05602362546686355
ENSDARG00000088130	0.2718962609132219	30	other	0.0026057500217145837
ENSDARG00000088140	-0.11656803823438174	493	other	0.042821158690176324
ENSDARG00000088168	0.2448476070410767	2180	high zero count	0.18935116824459308
ENSDARG00000088178	0.8031884844615216	234	other	0.020324850169373753
ENSDARG00000088181	-0.06316617435289042	671	other	0.05828194215234952
ENSDARG00000088195	0.1420538775734957	272	other	0.023625466863545556
ENSDARG00000088202	0.1998828600531739	71	other	0.006166941718057848
ENSDARG00000088204	0.5183275102006824	1747	high zero count	0.1517415095978459
ENSDARG00000088225	0.12854322836971896	185	other	0.016068791800573266
ENSDARG00000088238	1.125106635668953	30	other	0.0026057500217145837
ENSDARG00000088246	0.673432123594194	68	other	0.005906366715886389
ENSDARG00000088247	0.5713601368592278	1103	high zero count	0.09580474246503952
ENSDARG00000088298	0.5841236706844292	1834	high zero count	0.15929818466081822
ENSDARG00000088307	-0.22649008905273516	476	other	0.04134456701120472
ENSDARG00000088308	-0.03808445848173826	2002	high zero count	0.17389038478241986
ENSDARG00000088315	0.1406346283477882	306	other	0.026578650221488753
ENSDARG00000088318	1.1541034022823629	3	other	2.6057500217145836e-4
ENSDARG00000088332	0.40836213766252316	1128	high zero count	0.09797620081646834
ENSDARG00000088343	0.6865541446957595	1047	high zero count	0.09094067575783897
ENSDARG00000088346	-0.16110872654317573	1469	high zero count	0.12759489272995744
ENSDARG00000088347	0.32997716223009077	520	other	0.045166333709719446
ENSDARG00000088357	0.6800513387186614	672	other	0.05836880048640667
ENSDARG00000088362	-0.24375330371290652	1356	high zero count	0.11777990098149918
ENSDARG00000088383	2.163189728091609	9	other	7.81725006514375e-4
ENSDARG00000088390	0.1396975533943257	1169	high zero count	0.1015373925128116
ENSDARG00000088402	-0.21186274927771784	1302	high zero count	0.11308955094241292
ENSDARG00000088408	1.1627820865876572	1498	high zero count	0.13011378441761487
ENSDARG00000088411	0.5580208792775342	459	other	0.03986797533223313
ENSDARG00000088428	0.21154179891884545	1291	high zero count	0.11213410926778425
ENSDARG00000088439	0.4702317991974683	747	other	0.06488317554069313
ENSDARG00000088440	0.34221714860361896	12	other	0.0010423000086858334
ENSDARG00000088484	-0.19622842258441686	670	other	0.058195083818292366
ENSDARG00000088492	-0.225222424350117	450	other	0.039086250325718754
ENSDARG00000088493	0.9633943743001926	337	other	0.029271258577260487
ENSDARG00000088514	0.7902547680410146	984	other	0.08546860071223834
ENSDARG00000088524	0.1284887515339731	1177	high zero count	0.10223225918526882
ENSDARG00000088539	-0.12883125752869354	834	other	0.07243985060366542
ENSDARG00000088560	0.34617022088717075	306	other	0.026578650221488753
ENSDARG00000088571	0.12034967663027736	703	other	0.06106140884217841
ENSDARG00000088581	1.2246597364885932	1302	high zero count	0.11308955094241292
ENSDARG00000088590	0.8215727837405417	224	other	0.019456266828802225
ENSDARG00000088593	0.5186768915108868	1945	high zero count	0.16893945974116217
ENSDARG00000088615	-0.09844944801947259	809	other	0.0702683922522366
ENSDARG00000088619	0.43060634093583644	42	other	0.003648050030400417
ENSDARG00000088630	0.4687699343347937	143	other	0.012420741770172848
ENSDARG00000088638	0.04956532718787383	1489	high zero count	0.1293320594111005
ENSDARG00000088650	0.6356036911815067	146	other	0.012681316772344306
ENSDARG00000088656	-0.139143293624963	913	other	0.07930165899418049
ENSDARG00000088663	0.7573009696120023	134	other	0.011639016763658474
ENSDARG00000088699	0.33489340857552785	127	other	0.011031008425258403
ENSDARG00000088708	0.8722796297429426	353	other	0.030660991922174932
ENSDARG00000088709	0.010698298787931567	744	other	0.06462260053852167
ENSDARG00000088711	0.3483782167628067	933	other	0.08103882567532354
ENSDARG00000088713	-0.17070788525596142	484	other	0.04203943368366195
ENSDARG00000088717	0.38313565676317796	468	other	0.040649700338747506
ENSDARG00000088741	0.1264637868534872	345	other	0.02996612524971771
ENSDARG00000088764	0.07149609856374022	1092	high zero count	0.09484930079041085
ENSDARG00000088789	0.6139887450409554	757	other	0.06575175888126465
ENSDARG00000088801	0.11075761179585923	302	other	0.02623121688526014
ENSDARG00000088805	0.5822021392796158	131	other	0.011378441761487015
ENSDARG00000088807	0.36551004401815546	133	other	0.01155215842960132
ENSDARG00000088810	0.03179503405667295	988	other	0.08581603404846695
ENSDARG00000088813	-0.21142652699441478	647	other	0.05619734213497785
ENSDARG00000088817	0.2676415639348101	93	other	0.00807782506731521
ENSDARG00000088835	0.5635766882498033	203	other	0.017632241813602016
ENSDARG00000088836	0.4009601783368238	1702	high zero count	0.14783288456527405
ENSDARG00000088837	0.48825413390080696	1550	high zero count	0.1346304177885868
ENSDARG00000088841	0.25750070846844	1335	high zero count	0.11595587596629897
ENSDARG00000088844	-0.05443852523566159	1724	high zero count	0.1497437679145314
ENSDARG00000088862	0.6090471065730296	382	other	0.033179883609832365
ENSDARG00000088877	0.421063078290306	1505	high zero count	0.13072179275601495
ENSDARG00000088881	-0.16298157121545293	1477	high zero count	0.12828975940241466
ENSDARG00000088885	0.3805061293199068	652	other	0.05663163380526361
ENSDARG00000088906	-0.06392570124321506	412	other	0.035785633631546944
ENSDARG00000088924	-0.09707860176445393	283	other	0.024580908538174236
ENSDARG00000088927	0.7395683780122517	538	other	0.0467297837227482
ENSDARG00000088929	0.6473798213813906	147	other	0.012768175106401458
ENSDARG00000088959	-0.042522236419959066	917	other	0.07964909233040911
ENSDARG00000088961	0.4666117920656898	1588	high zero count	0.13793103448275862
ENSDARG00000088967	1.3874796082512535	13	other	0.0011291583427429862
ENSDARG00000088972	0.17845856016045264	238	other	0.02067228350560236
ENSDARG00000088975	0.012714109183757517	2500	high zero count	0.21714583514288197
ENSDARG00000088984	-0.01095217699416211	43	other	0.00373490836445757
ENSDARG00000088999	-0.10150838962332905	2029	high zero count	0.176235559801963
ENSDARG00000089004	-0.16637173902819125	401	other	0.03483019195691826
ENSDARG00000089009	0.3227292762634152	386	other	0.033527316946060974
ENSDARG00000089032	0.5721112124090777	2637	high zero count	0.22904542690871188
ENSDARG00000089042	0.31145863415898695	1282	high zero count	0.11135238426126987
ENSDARG00000089043	0.12215699020569062	1791	high zero count	0.15556327629636063
ENSDARG00000089066	0.3905316879261737	178	other	0.015460783462173196
ENSDARG00000089071	0.5084858725656173	291	other	0.02527577521063146
ENSDARG00000089075	0.03924908786778044	375	other	0.03257187527143229
ENSDARG00000089076	0.31356188518575284	61	other	0.0052983583774863195
ENSDARG00000089078	0.04814144473322323	228	other	0.019803700165030833
ENSDARG00000089092	0.8716370399869019	228	other	0.019803700165030833
ENSDARG00000089094	0.9364375168734802	1921	high zero count	0.1668548597237905
ENSDARG00000089109	1.1628979843199143	1401	high zero count	0.12168852601407106
ENSDARG00000089112	0.08904451027222096	1428	high zero count	0.12403370103361418
ENSDARG00000089129	0.34962345276340523	2028	high zero count	0.17614870146790584
ENSDARG00000089139	0.0038839888175967053	699	other	0.0607139755059498
ENSDARG00000089142	0.548147608249517	873	other	0.07582732563189439
ENSDARG00000089159	-0.08048121640624577	1205	high zero count	0.10466429253886911
ENSDARG00000089162	0.03713597968059721	275	other	0.023886041865717016
ENSDARG00000089181	-0.10442714400790891	276	other	0.023972900199774168
ENSDARG00000089190	1.7864640911445357	1	other	8.685833405715279e-5
ENSDARG00000089204	0.9568259707201355	177	other	0.015373925128116042
ENSDARG00000089212	0.026519195443684196	319	other	0.027707808564231738
ENSDARG00000089213	-0.08888113296515687	287	other	0.02492834187440285
ENSDARG00000089225	0.1584714466476055	464	other	0.04030226700251889
ENSDARG00000089230	0.09733679296124764	69	other	0.005993225049943542
ENSDARG00000089232	0.5820101233368511	443	other	0.03847824198731868
ENSDARG00000089235	-0.17989895764056107	423	other	0.036741075306175625
ENSDARG00000089243	0.2877221443078502	134	other	0.011639016763658474
ENSDARG00000089245	0.19884272965915267	1136	high zero count	0.09867106748892557
ENSDARG00000089255	0.8574692161392764	1483	high zero count	0.12881090940675757
ENSDARG00000089260	0.34329314110998593	96	other	0.008338400069486667
ENSDARG00000089271	0.3493142189052551	352	other	0.03057413358811778
ENSDARG00000089291	0.7547490894414557	701	other	0.060887692174064104
ENSDARG00000089296	0.3486817604329072	726	other	0.06305915052549292
ENSDARG00000089302	1.8019412204985497	23	other	0.001997741683314514
ENSDARG00000089303	0.8919884106575082	72	other	0.006253800052115
ENSDARG00000089307	9.020755700462916e-4	339	other	0.029444975245374795
ENSDARG00000089340	0.1988847735855724	1325	high zero count	0.11508729262572744
ENSDARG00000089354	0.2616579801428406	1939	high zero count	0.16841830973681926
ENSDARG00000089355	0.4126014605465676	53	other	0.004603491705029098
ENSDARG00000089361	0.3398116586027311	3482	high zero count	0.302440719187006
ENSDARG00000089362	0.47218452312714615	2093	high zero count	0.18179449318162078
ENSDARG00000089368	0.3537333303037524	508	other	0.04412403370103361
ENSDARG00000089372	1.4938233442470663	11	other	9.554416746286806e-4
ENSDARG00000089382	3.544672568435003	1	other	8.685833405715279e-5
ENSDARG00000089390	-0.07050399075190546	797	other	0.06922609224355077
ENSDARG00000089413	0.7564447563002531	641	other	0.05567619213063493
ENSDARG00000089418	0.3505576485232778	1663	high zero count	0.14444540953704507
ENSDARG00000089428	0.08150995869563167	61	other	0.0052983583774863195
ENSDARG00000089429	0.7781113971439924	822	other	0.07139755059497958
ENSDARG00000089441	0.8000924578167683	227	other	0.01971684183097368
ENSDARG00000089456	0.30249480041658383	686	other	0.05958481716320681
ENSDARG00000089458	0.05072684776431728	225	other	0.019543125162859377
ENSDARG00000089461	0.01939543407078146	3374	high zero count	0.2930600191088335
ENSDARG00000089477	0.8822762085474783	224	other	0.019456266828802225
ENSDARG00000089480	0.4040330522378099	104	other	0.00903326674194389
ENSDARG00000089505	-0.09869036645410109	78	other	0.006774950056457917
ENSDARG00000089507	0.7792715285220971	373	other	0.03239815860331799
ENSDARG00000089517	0.05751883248296208	2795	high zero count	0.24276904368974203
ENSDARG00000089519	0.5962036036107103	1322	high zero count	0.11482671762355598
ENSDARG00000089536	0.11234365241101796	2023	high zero count	0.17571440979762007
ENSDARG00000089549	0.05068917189091128	3767	high zero count	0.32719534439329456
ENSDARG00000089564	0.18881005860303648	231	other	0.020064275167202293
ENSDARG00000089572	0.5187451051703651	100	other	0.008685833405715278
ENSDARG00000089581	0.2654970634467945	335	other	0.029097541909146183
ENSDARG00000089626	1.5077121822675412	36	other	0.0031269000260575
ENSDARG00000089637	0.665974798624584	671	other	0.05828194215234952
ENSDARG00000089640	-0.009641821494982605	3515	high zero count	0.30530704421089205
ENSDARG00000089643	0.28748603741882167	191	other	0.016589941804916183
ENSDARG00000089645	0.0624163929628779	2372	high zero count	0.2060279683835664
ENSDARG00000089646	0.6199615601304203	690	other	0.05993225049943542
ENSDARG00000089663	1.5944494825465598	69	other	0.005993225049943542
ENSDARG00000089681	1.2221894687291024	38	other	0.0033006166941718057
ENSDARG00000089698	0.2748693704267141	236	other	0.020498566837488057
ENSDARG00000089705	0.2277911064061639	908	other	0.07886736732389472
ENSDARG00000089724	-0.027712930259330443	3627	high zero count	0.31503517762529315
ENSDARG00000089742	0.4412188977320128	1264	high zero count	0.10978893424824111
ENSDARG00000089765	-0.11158314539643721	2641	high zero count	0.2293928602449405
ENSDARG00000089767	0.4259862592325931	410	other	0.03561191696343264
ENSDARG00000089769	0.5457013849466926	205	other	0.01780595848171632
ENSDARG00000089781	0.09705468996180547	3449	high zero count	0.29957439416311993
ENSDARG00000089787	1.535638990938789	141	other	0.012247025102058542
ENSDARG00000089790	0.1491068864396939	104	other	0.00903326674194389
ENSDARG00000089791	0.6582860361477318	169	other	0.01467905845565882
ENSDARG00000089795	0.17613618889473434	215	other	0.01867454182228785
ENSDARG00000089805	0.11798973423174301	470	other	0.04082341700686181
ENSDARG00000089821	-0.14070648482183615	384	other	0.03335360027794667
ENSDARG00000089824	0.41782587803144094	470	other	0.04082341700686181
ENSDARG00000089828	0.8431367411240225	875	other	0.07600104230000869
ENSDARG00000089831	0.9469077982801053	743	other	0.06453574220446452
ENSDARG00000089836	1.0426312836976825	134	other	0.011639016763658474
ENSDARG00000089856	-0.13845922085279783	2240	high zero count	0.19456266828802224
ENSDARG00000089861	0.6890227671055192	75	other	0.006514375054286459
ENSDARG00000089862	-0.1667976878262373	614	other	0.05333101711109181
ENSDARG00000089871	0.35752560446548737	497	other	0.04316859202640493
ENSDARG00000089877	0.8220547714156802	161	other	0.013984191783201599
ENSDARG00000089878	1.1638125455620032	765	other	0.06644662555372188
ENSDARG00000089885	0.23387535003464893	1091	high zero count	0.0947624424563537
ENSDARG00000089886	1.1831538841737859	106	other	0.009206983410058196
ENSDARG00000089893	0.09000674766550121	17	other	0.0014765916789715972
ENSDARG00000089908	-0.08477335083095096	803	other	0.06974724224789368
ENSDARG00000089914	0.43088459528927014	901	other	0.07825935898549466
ENSDARG00000089917	0.19352305240247317	1689	high zero count	0.14670372622253106
ENSDARG00000089920	0.7747936176786114	624	other	0.05419960045166334
ENSDARG00000089921	0.5090755022853565	277	other	0.02405975853383132
ENSDARG00000089922	0.0669912183639032	1649	high zero count	0.14322939286024494
ENSDARG00000089924	0.7579377139896477	521	other	0.0452531920437766
ENSDARG00000089930	0.06861504129407496	888	other	0.07713020064275167
ENSDARG00000089936	0.6793161435976501	1608	high zero count	0.1396682011639017
ENSDARG00000089940	0.4165061838467517	1547	high zero count	0.13436984278641537
ENSDARG00000089967	0.42390919225226464	540	other	0.0469035003908625
ENSDARG00000089976	1.7757063969322096	64	other	0.005558933379657779
ENSDARG00000089981	0.32576926896351566	9	other	7.81725006514375e-4
ENSDARG00000089983	-0.009186232991520679	1022	other	0.08876921740641014
ENSDARG00000089994	0.6820672819836459	1623	high zero count	0.14097107617475896
ENSDARG00000090035	0.1883486366307055	1232	high zero count	0.10700946755841223
ENSDARG00000090036	0.4315998920776982	238	other	0.02067228350560236
ENSDARG00000090039	-0.05644848692777027	996	other	0.08651090072092417
ENSDARG00000090052	0.15246232665519657	448	other	0.03891253365760445
ENSDARG00000090054	1.3752129805261537	33	other	0.002866325023886042
ENSDARG00000090061	0.4371839379046232	1433	high zero count	0.12446799270389994
ENSDARG00000090062	0.33472961410758	1744	high zero count	0.15148093459567447
ENSDARG00000090063	0.5487259113744135	293	other	0.025449491878745765
ENSDARG00000090071	-0.15469882687496692	449	other	0.0389993919916616
ENSDARG00000090072	-0.07365013741325244	227	other	0.01971684183097368
ENSDARG00000090086	0.34202607617378467	2717	high zero count	0.2359940936332841
ENSDARG00000090116	0.7245863582064164	1613	high zero count	0.14010249283418744
ENSDARG00000090119	0.003175963506882819	1058	high zero count	0.09189611743246764
ENSDARG00000090120	0.6212032735897653	979	other	0.08503430904195257
ENSDARG00000090152	0.46328037000575406	108	other	0.0093807000781725
ENSDARG00000090160	0.22487388465464814	229	other	0.01989055849908799
ENSDARG00000090183	0.3917168361836851	412	other	0.035785633631546944
ENSDARG00000090185	0.19799766860640478	3232	high zero count	0.2807261356727178
ENSDARG00000090190	0.7804861326025385	285	other	0.024754625206288544
ENSDARG00000090194	1.2351307172481303	606	other	0.05263615043863459
ENSDARG00000090195	0.06552838529528225	718	other	0.0623642838530357
ENSDARG00000090202	-0.013330168553319156	478	other	0.04151828367931903
ENSDARG00000090213	0.1839258083200695	534	other	0.04638235038651959
ENSDARG00000090219	0.5538721985433641	1573	high zero count	0.13662815947190132
ENSDARG00000090223	0.6296268497628931	87	other	0.007556675062972292
ENSDARG00000090228	1.3185333954763343	105	other	0.009120125076001042
ENSDARG00000090230	0.2760997533485461	735	other	0.06384087553200729
ENSDARG00000090232	0.023179270045343665	372	other	0.03231130026926084
ENSDARG00000090268	1.1330145738072148	1889	high zero count	0.1640753930339616
ENSDARG00000090286	0.6100223396028619	1248	high zero count	0.10839920090332668
ENSDARG00000090297	0.08334584182574813	2469	high zero count	0.21445322678711023
ENSDARG00000090301	0.1145994717738882	120	other	0.010423000086858335
ENSDARG00000090309	0.9085110561797204	43	other	0.00373490836445757
ENSDARG00000090337	0.6844472417020997	52	other	0.004516633370971945
ENSDARG00000090346	-0.1643652952539055	1749	high zero count	0.1519152262659602
ENSDARG00000090352	0.43549110584148076	372	other	0.03231130026926084
ENSDARG00000090369	1.1126232601387456	514	other	0.04464518370537653
ENSDARG00000090371	-0.06153270456041991	265	other	0.023017458525145487
ENSDARG00000090381	0.09127683753277123	2086	high zero count	0.1811864848432207
ENSDARG00000090386	0.36250306153808637	20	other	0.0017371666811430556
ENSDARG00000090389	0.6318602291037427	150	other	0.013028750108572918
ENSDARG00000090416	0.9243717427725819	1914	high zero count	0.16624685138539042
ENSDARG00000090428	0.5839896302235447	1492	high zero count	0.12959263441327196
ENSDARG00000090444	0.42967784380847557	2287	high zero count	0.1986450099887084
ENSDARG00000090447	-0.11032430185776157	2034	high zero count	0.17666985147224876
ENSDARG00000090449	0.7902734241927011	1452	high zero count	0.12611830105098584
ENSDARG00000090454	1.7076241253164284	4	other	3.4743333622861116e-4
ENSDARG00000090461	0.13086729562513216	1218	high zero count	0.10579345088161209
ENSDARG00000090462	0.5996621765259226	237	other	0.02058542517154521
ENSDARG00000090503	-0.17807125799810647	1317	high zero count	0.11439242595327022
ENSDARG00000090512	0.5484583215512554	93	other	0.00807782506731521
ENSDARG00000090524	0.5053340762657469	1604	high zero count	0.13932076782767305
ENSDARG00000090526	0.39906306702838606	873	other	0.07582732563189439
ENSDARG00000090537	1.4193525494657722	719	other	0.06245114218709285
ENSDARG00000090543	0.10678841998343983	289	other	0.025102058542517156
ENSDARG00000090548	0.9483065512096521	267	other	0.023191175193259795
ENSDARG00000090552	1.5358445979614082	394	other	0.0342221836185182
ENSDARG00000090568	0.5643710077388546	230	other	0.01997741683314514
ENSDARG00000090570	0.6835833069159695	899	other	0.07808564231738035
ENSDARG00000090581	-0.12715411560413734	758	other	0.0658386172153218
ENSDARG00000090585	0.39068292816251315	1327	high zero count	0.11526100929384174
ENSDARG00000090600	0.3879677416372563	1071	high zero count	0.09302527577521064
ENSDARG00000090615	0.6184932394963142	2132	high zero count	0.18518196820984972
ENSDARG00000090617	-0.07755850793897659	249	other	0.021627725180231042
ENSDARG00000090618	0.08929006746693396	329	other	0.028576391904803267
ENSDARG00000090624	0.26480770253754665	281	other	0.024407191870059932
ENSDARG00000090625	0.016116568733657122	203	other	0.017632241813602016
ENSDARG00000090634	0.4909751129427455	235	other	0.020411708503430905
ENSDARG00000090646	-0.23430059156465402	1997	high zero count	0.1734560931121341
ENSDARG00000090649	0.3443536569305773	1556	high zero count	0.13515156779292972
ENSDARG00000090654	0.7109016507182738	63	other	0.0054720750456006256
ENSDARG00000090656	-0.18574562621671686	477	other	0.041431425345261876
ENSDARG00000090670	0.008985354133827717	1931	high zero count	0.16772344306436202
ENSDARG00000090675	0.34333048240246267	96	other	0.008338400069486667
ENSDARG00000090687	1.3793321684729705	50	other	0.004342916702857639
ENSDARG00000090697	2.479253400512243	7	other	6.080083384000695e-4
ENSDARG00000090716	1.4994903186774788	6	other	5.211500043429167e-4
ENSDARG00000090722	0.4116418616128025	2986	high zero count	0.2593589854946582
ENSDARG00000090740	-0.1320104341547606	1278	high zero count	0.11100495092504126
ENSDARG00000090747	0.10655482955065086	568	other	0.049335533744462784
ENSDARG00000090751	0.15783990492439437	1193	high zero count	0.10362199253018327
ENSDARG00000090764	0.6193165585918269	505	other	0.04386345869886216
ENSDARG00000090770	-0.02273636833971673	293	other	0.025449491878745765
ENSDARG00000090778	0.21853385083892402	931	other	0.08086510900720924
ENSDARG00000090785	-0.28219080223596976	339	other	0.029444975245374795
ENSDARG00000090788	0.6659082491195956	50	other	0.004342916702857639
ENSDARG00000090804	0.20376454764121596	61	other	0.0052983583774863195
ENSDARG00000090820	0.11015693281783136	2281	high zero count	0.1981238599843655
ENSDARG00000090830	0.5777045847609609	254	other	0.022062016850516807
ENSDARG00000090833	0.279038087744154	3476	high zero count	0.30191956918266305
ENSDARG00000090836	0.19615267676067646	404	other	0.03509076695908973
ENSDARG00000090844	0.3758248338291762	1105	high zero count	0.09597845913315382
ENSDARG00000090847	2.4733790682176817	2100	high zero count	0.18240250152002085
ENSDARG00000090850	0.9235000254957384	498	other	0.043255450360462085
ENSDARG00000090854	0.05735517135061382	2463	high zero count	0.2139320767827673
ENSDARG00000090866	0.09653768767721455	1610	high zero count	0.139841917832016
ENSDARG00000090869	-0.11097405742530862	2050	high zero count	0.17805958481716322
ENSDARG00000090871	0.5851177338616242	1870	high zero count	0.1624250846868757
ENSDARG00000090872	1.3090980007136233	59	other	0.005124641709372014
ENSDARG00000090882	0.7166625572560238	436	other	0.037870233648918616
ENSDARG00000090895	0.7306535482811692	13	other	0.0011291583427429862
ENSDARG00000090903	0.025865580641740455	1152	high zero count	0.10006080083384
ENSDARG00000090904	0.01211128273597028	641	other	0.05567619213063493
ENSDARG00000090912	2.1088516493287193	134	other	0.011639016763658474
ENSDARG00000090914	0.3220466401732853	222	other	0.019282550160687917
ENSDARG00000090935	-0.20561798984407578	577	other	0.05011725875097715
ENSDARG00000090942	-0.18028988419586445	1409	high zero count	0.12238339268652827
ENSDARG00000090943	-0.13661048482105584	2326	high zero count	0.20203248501693738
ENSDARG00000090946	0.5767030888496186	224	other	0.019456266828802225
ENSDARG00000090949	-0.14890619004718061	1499	high zero count	0.13020064275167204
ENSDARG00000090953	1.3742105299020306	56	other	0.004864066707200556
ENSDARG00000090963	0.05866583520410814	981	other	0.08520802571006689
ENSDARG00000090965	-0.09482120566605286	257	other	0.022322591852688266
ENSDARG00000090969	0.3856422951298946	1917	high zero count	0.16650742638756189
ENSDARG00000090971	0.16156728495649234	68	other	0.005906366715886389
ENSDARG00000090973	-0.08790431309270315	1612	high zero count	0.1400156345001303
ENSDARG00000090980	0.3551249648222936	1880	high zero count	0.16329366802744724
ENSDARG00000090982	0.9537759116230454	24	other	0.002084600017371667
ENSDARG00000090986	0.4438206560668496	36	other	0.0031269000260575
ENSDARG00000090993	0.29999259786510224	84	other	0.007296100060800834
ENSDARG00000090997	0.3693824787673034	346	other	0.030052983583774864
ENSDARG00000090998	0.023152930113997244	1971	high zero count	0.17119777642664813
ENSDARG00000091001	0.6106729724328555	173	other	0.015026491791887432
ENSDARG00000091006	0.3506427751454718	485	other	0.0421262920177191
ENSDARG00000091029	0.645283299161036	980	other	0.08512116737600973
ENSDARG00000091042	0.12648105959182385	188	other	0.016329366802744723
ENSDARG00000091061	0.6954096895188113	106	other	0.009206983410058196
ENSDARG00000091079	0.9046175740747429	222	other	0.019282550160687917
ENSDARG00000091090	-0.08834804545924656	294	other	0.025536350212802917
ENSDARG00000091092	0.4019357609299809	68	other	0.005906366715886389
ENSDARG00000091111	0.9371577446432147	613	other	0.05324415877703466
ENSDARG00000091124	0.9486562039429179	190	other	0.01650308347085903
ENSDARG00000091127	-0.06190304777453569	1032	other	0.08963780074698167
ENSDARG00000091130	0.15095720596661816	660	other	0.05732650047772084
ENSDARG00000091131	0.03339902905238792	217	other	0.018848258490402153
ENSDARG00000091138	0.895111915077944	1277	high zero count	0.1109180925909841
ENSDARG00000091150	0.6028208198821299	28	other	0.002432033353600278
ENSDARG00000091161	-0.1241395757044277	1905	high zero count	0.16546512637887606
ENSDARG00000091169	-0.028535070127324594	558	other	0.048466950403891255
ENSDARG00000091172	0.1549706560532948	1328	high zero count	0.11534786762789889
ENSDARG00000091187	0.5003177737544492	144	other	0.01250760010423
ENSDARG00000091198	0.6952120732414167	1056	high zero count	0.09172240076435334
ENSDARG00000091215	0.4730309002017097	427	other	0.03708850864240424
ENSDARG00000091222	-0.047393566183754045	603	other	0.05237557543646313
ENSDARG00000091232	-0.1344766676006316	1371	high zero count	0.11908277599235646
ENSDARG00000091233	0.8403548290952516	1297	high zero count	0.11265525927212716
ENSDARG00000091234	0.4927759287303493	3454	high zero count	0.30000868583340573
ENSDARG00000091252	-0.025002895907104503	3658	high zero count	0.3177277859810649
ENSDARG00000091253	-0.05283459739820501	639	other	0.05550247546252063
ENSDARG00000091260	0.08137637489173685	3528	high zero count	0.306436202553635
ENSDARG00000091271	0.3246506901131383	892	other	0.07747763397898029
ENSDARG00000091277	-0.14938643482305028	2177	high zero count	0.1890905932424216
ENSDARG00000091280	1.7280689677646683	872	other	0.07574046729783723
ENSDARG00000091293	0.7542170890761671	54	other	0.00469035003908625
ENSDARG00000091298	1.3676594027078919	540	other	0.0469035003908625
ENSDARG00000091304	0.272873451681381	541	other	0.046990358724919655
ENSDARG00000091306	-0.14948378833815407	330	other	0.02866325023886042
ENSDARG00000091348	0.9576210085153589	4	other	3.4743333622861116e-4
ENSDARG00000091359	-0.24744208609066629	1103	high zero count	0.09580474246503952
ENSDARG00000091367	1.351139907986606	8	other	6.948666724572223e-4
ENSDARG00000091377	0.20402116334390785	1842	high zero count	0.15999305133327543
ENSDARG00000091381	1.3944598114835263	1633	high zero count	0.1418396595153305
ENSDARG00000091385	-0.13211295621575359	130	other	0.011291583427429861
ENSDARG00000091393	0.16928653654157239	291	other	0.02527577521063146
ENSDARG00000091402	0.40571402234799947	183	other	0.01589507513245896
ENSDARG00000091408	0.5279058288281563	970	other	0.0842525840354382
ENSDARG00000091418	0.8002498757791241	182	other	0.015808216798401806
ENSDARG00000091419	0.5197070694244382	113	other	0.009814991748458264
ENSDARG00000091471	1.766052426643876	82	other	0.007122383392686529
ENSDARG00000091481	0.63829079099181	859	other	0.07461130895509424
ENSDARG00000091489	-0.09075235831024515	2988	high zero count	0.2595327021627725
ENSDARG00000091503	0.4038717957065481	717	other	0.062277425518978545
ENSDARG00000091509	0.0331836270398445	490	other	0.04256058368800487
ENSDARG00000091512	-0.040363482488506255	252	other	0.021888300182402502
ENSDARG00000091513	0.2825957208939064	694	other	0.06027968383566403
ENSDARG00000091521	-0.2789817705882288	1402	high zero count	0.12177538434812821
ENSDARG00000091535	0.006411054033965329	331	other	0.02875010857291757
ENSDARG00000091538	-0.13416365335084235	763	other	0.06627290888560758
ENSDARG00000091548	0.4918472160393128	277	other	0.02405975853383132
ENSDARG00000091555	0.8177080138719203	46	other	0.003995483366629028
ENSDARG00000091563	1.3939758887416087	1	other	8.685833405715279e-5
ENSDARG00000091574	-0.02995818087247305	705	other	0.06123512551029271
ENSDARG00000091579	0.5168294704420167	885	other	0.07686962564058021
ENSDARG00000091592	-0.16498759432069127	374	other	0.03248501693737514
ENSDARG00000091595	0.24488309539759248	221	other	0.019195691826630765
ENSDARG00000091598	-0.007155684906125219	562	other	0.048814383740119864
ENSDARG00000091619	0.38541606786616067	158	other	0.013723616781030139
ENSDARG00000091628	-0.1714079062199257	205	other	0.01780595848171632
ENSDARG00000091631	0.8381146572480227	88	other	0.007643533397029445
ENSDARG00000091652	0.4694758684095676	24	other	0.002084600017371667
ENSDARG00000091655	1.068680330464866	137	other	0.011899591765829932
ENSDARG00000091656	0.8629157291401892	108	other	0.0093807000781725
ENSDARG00000091658	0.04585352315919767	1045	other	0.09076695908972465
ENSDARG00000091669	-0.14607070095883207	460	other	0.03995483366629028
ENSDARG00000091678	0.36306999899798154	346	other	0.030052983583774864
ENSDARG00000091683	0.3038287492673413	1744	high zero count	0.15148093459567447
ENSDARG00000091699	0.7700380887328098	53	other	0.004603491705029098
ENSDARG00000091712	0.5626637783374334	407	other	0.03535134196126118
ENSDARG00000091726	0.6508510736180033	248	other	0.02154086684617389
ENSDARG00000091728	0.7283966770905586	2310	high zero count	0.20064275167202292
ENSDARG00000091734	0.5980205575587957	290	other	0.02518891687657431
ENSDARG00000091754	0.07870951814835907	195	other	0.01693737514114479
ENSDARG00000091756	1.0712295808586245	1099	high zero count	0.09545730912881091
ENSDARG00000091757	-0.1737236233278891	940	other	0.08164683401372362
ENSDARG00000091760	-0.020567883928646703	103	other	0.008946408407886736
ENSDARG00000091768	0.04811764924967535	980	other	0.08512116737600973
ENSDARG00000091771	0.8529822026531958	161	other	0.013984191783201599
ENSDARG00000091777	-0.1437872739568493	508	other	0.04412403370103361
ENSDARG00000091792	-0.06414956255698058	1382	high zero count	0.12003821766698515
ENSDARG00000091801	1.2701104129072713	1392	high zero count	0.12090680100755667
ENSDARG00000091813	0.4568052956209776	1118	high zero count	0.09710761747589682
ENSDARG00000091831	0.7533403341886182	20	other	0.0017371666811430556
ENSDARG00000091833	-0.06470680126626027	1349	high zero count	0.1171718926430991
ENSDARG00000091834	0.4002353290681717	1523	high zero count	0.1322852427690437
ENSDARG00000091836	0.34244993194931167	1250	high zero count	0.10857291757144098
ENSDARG00000091851	0.043801875649845654	740	other	0.06427516720229307
ENSDARG00000091860	-0.1720792863438838	1198	high zero count	0.10405628420046903
ENSDARG00000091872	0.25101274097149845	149	other	0.012941891774515765
ENSDARG00000091885	-0.15842763509015956	1969	high zero count	0.17102405975853383
ENSDARG00000091902	0.3929339692836134	24	other	0.002084600017371667
ENSDARG00000091904	0.22026448583670746	2003	high zero count	0.17397724311647703
ENSDARG00000091931	0.43527010246804293	36	other	0.0031269000260575
ENSDARG00000091932	0.49942607939865363	106	other	0.009206983410058196
ENSDARG00000091937	2.2565630997484427	261	other	0.022670025188916875
ENSDARG00000091946	0.017194315280625344	3596	high zero count	0.3123425692695214
ENSDARG00000091947	-0.110405616404507	470	other	0.04082341700686181
ENSDARG00000091967	0.08185236311684997	193	other	0.016763658473030487
ENSDARG00000091988	1.502672066176236	2035	high zero count	0.17675670980630592
ENSDARG00000091996	0.8114968610643768	2777	high zero count	0.2412055936767133
ENSDARG00000092003	0.039478552875922696	758	other	0.0658386172153218
ENSDARG00000092022	-0.13157733087356002	2059	high zero count	0.17884130982367757
ENSDARG00000092033	0.7823540462184987	52	other	0.004516633370971945
ENSDARG00000092035	1.5584096768680238	306	other	0.026578650221488753
ENSDARG00000092044	-0.027020239460669716	644	other	0.055936767132806396
ENSDARG00000092057	1.993092510901126	148	other	0.012855033440458612
ENSDARG00000092064	-0.3194008003197967	1162	high zero count	0.10092938417441154
ENSDARG00000092067	0.12717606901653894	508	other	0.04412403370103361
ENSDARG00000092106	0.3293533267096669	424	other	0.036827933640232784
ENSDARG00000092112	1.1983133848511973	34	other	0.0029531833579431945
ENSDARG00000092123	0.0923372055724763	2276	high zero count	0.19768956831407974
ENSDARG00000092124	0.8768721225033018	555	other	0.04820637540171979
ENSDARG00000092134	-0.24873297549511933	1382	high zero count	0.12003821766698515
ENSDARG00000092136	0.5296798051127668	891	other	0.07739077564492312
ENSDARG00000092142	0.4688394913996057	1794	high zero count	0.1558238512985321
ENSDARG00000092143	1.1816458982840885	1615	high zero count	0.14027620950230174
ENSDARG00000092154	0.7081563556474552	1565	high zero count	0.1359332927994441
ENSDARG00000092155	1.3196906356082059	18	other	0.00156345001302875
ENSDARG00000092158	0.7469468143777527	105	other	0.009120125076001042
ENSDARG00000092167	0.8310747070178944	529	other	0.04594805871623382
ENSDARG00000092170	2.398661070035546	84	other	0.007296100060800834
ENSDARG00000092172	1.6725681270156583	1304	high zero count	0.11326326761052723
ENSDARG00000092176	0.4815545078783622	662	other	0.05750021714583514
ENSDARG00000092181	0.3650934763881206	56	other	0.004864066707200556
ENSDARG00000092191	0.9897776180373635	3476	high zero count	0.30191956918266305
ENSDARG00000092199	0.1177977076178299	220	other	0.019108833492573613
ENSDARG00000092211	0.3887271687819925	1179	high zero count	0.10240597585338314
ENSDARG00000092225	0.425158540351597	1736	high zero count	0.15078606792321722
ENSDARG00000092259	1.5281314670254322	2026	high zero count	0.17597498479979154
ENSDARG00000092277	2.3874817495695377	1113	high zero count	0.09667332580561105
ENSDARG00000092281	1.1196908909063032	879	other	0.0763484756362373
ENSDARG00000092290	0.1411362246707639	165	other	0.01433162511943021
ENSDARG00000092305	0.910395820772726	83	other	0.007209241726743681
ENSDARG00000092310	0.12812191025834815	738	other	0.06410145053417876
ENSDARG00000092335	0.6099640854400712	737	other	0.0640145922001216
ENSDARG00000092337	2.2093327038242094	7	other	6.080083384000695e-4
ENSDARG00000092341	0.373992708179257	375	other	0.03257187527143229
ENSDARG00000092354	0.21590847269190547	913	other	0.07930165899418049
ENSDARG00000092359	-0.11662994352505238	310	other	0.026926083557717362
ENSDARG00000092360	-0.01037197454307348	976	other	0.08477373403978111
ENSDARG00000092361	1.1227778155494315	71	other	0.006166941718057848
ENSDARG00000092364	0.9370661297342608	586	other	0.05089898375749153
ENSDARG00000092388	0.3002714332876246	1999	high zero count	0.17362980978024842
ENSDARG00000092394	0.5767360923018652	865	other	0.07513245895943715
ENSDARG00000092402	0.6756696171993702	212	other	0.018413966820116392
ENSDARG00000092404	-0.06134941457158151	390	other	0.03387475028228958
ENSDARG00000092407	0.26652136752179995	277	other	0.02405975853383132
ENSDARG00000092422	1.2316149190779415	1398	high zero count	0.1214279510118996
ENSDARG00000092448	0.9923299701827868	681	other	0.05915052549292105
ENSDARG00000092457	0.26550000328480006	338	other	0.02935811691131764
ENSDARG00000092464	-0.15288816210100625	514	other	0.04464518370537653
ENSDARG00000092467	1.1299082146407526	159	other	0.013810475115087293
ENSDARG00000092473	0.2921996574254136	435	other	0.037783375314861464
ENSDARG00000092478	-0.06308818342021849	1413	high zero count	0.12273082602275688
ENSDARG00000092482	-0.038386328015803564	2684	high zero count	0.23312776860939807
ENSDARG00000092483	0.04585350645439557	1896	high zero count	0.16468340137236168
ENSDARG00000092488	0.3947398206568959	496	other	0.04308173369234778
ENSDARG00000092493	2.3472431685237543	82	other	0.007122383392686529
ENSDARG00000092499	0.37831876013223886	632	other	0.054894467124120556
ENSDARG00000092503	0.299929123614563	101	other	0.008772691739772432
ENSDARG00000092508	0.14509676828744994	65	other	0.005645791713714931
ENSDARG00000092510	-0.03457660218180188	1514	high zero count	0.1315035177625293
ENSDARG00000092517	0.04551928693438357	287	other	0.02492834187440285
ENSDARG00000092546	1.5118229511294339	15	other	0.0013028750108572918
ENSDARG00000092558	1.3849805163232896	1728	high zero count	0.15009120125076
ENSDARG00000092573	0.05793843605579478	421	other	0.03656735863806132
ENSDARG00000092580	-0.16547921299678536	748	other	0.06497003387475028
ENSDARG00000092592	-0.14719604835288622	1872	high zero count	0.16259880135499002
ENSDARG00000092608	-0.05351671224260126	224	other	0.019456266828802225
ENSDARG00000092609	0.9580844968349481	53	other	0.004603491705029098
ENSDARG00000092610	1.2763117030272186	24	other	0.002084600017371667
ENSDARG00000092633	0.23693685496421013	1488	high zero count	0.12924520107704335
ENSDARG00000092638	0.14726254921764972	190	other	0.01650308347085903
ENSDARG00000092651	-0.02322883265066175	410	other	0.03561191696343264
ENSDARG00000092652	0.8436104022716017	293	other	0.025449491878745765
ENSDARG00000092659	0.6289920010238328	414	other	0.035959350299661255
ENSDARG00000092660	0.2869791934800009	2768	high zero count	0.2404238686701989
ENSDARG00000092671	-0.20954696398344866	185	other	0.016068791800573266
ENSDARG00000092673	-0.027466786492952342	555	other	0.04820637540171979
ENSDARG00000092677	0.7169800053265124	167	other	0.014505341787544515
ENSDARG00000092686	0.1575919018074008	1100	high zero count	0.09554416746286806
ENSDARG00000092693	3.679625605153902	1	other	8.685833405715279e-5
ENSDARG00000092726	0.29780476683911883	1406	high zero count	0.12212281768435682
ENSDARG00000092730	0.09164753570767836	3675	high zero count	0.31920437766003645
ENSDARG00000092746	-0.035077765271232686	1043	other	0.09059324242161035
ENSDARG00000092774	0.4415418232565693	286	other	0.024841483540345696
ENSDARG00000092778	1.1042884156977213	402	other	0.03491705029097542
ENSDARG00000092787	1.350386632688942	469	other	0.04073655867280466
ENSDARG00000092798	2.718078537409526	3	other	2.6057500217145836e-4
ENSDARG00000092799	-0.018280534855045463	1572	high zero count	0.13654130113784418
ENSDARG00000092802	0.9133322609663859	1357	high zero count	0.11786675931555633
ENSDARG00000092807	3.5859423058720017	2	other	1.7371666811430558e-4
ENSDARG00000092809	-0.10385806543136429	965	other	0.08381829236515244
ENSDARG00000092810	0.17930803751191626	1305	high zero count	0.11335012594458438
ENSDARG00000092816	0.20123179840801625	208	other	0.01806653348388778
ENSDARG00000092846	-0.005432571286467909	3252	high zero count	0.28246330235386086
ENSDARG00000092849	-0.04673733429116186	860	other	0.0746981672891514
ENSDARG00000092855	-0.2199180985456288	436	other	0.037870233648918616
ENSDARG00000092856	0.6579899659103962	209	other	0.018153391817944932
ENSDARG00000092858	0.052820328490544015	1216	high zero count	0.10561973421349778
ENSDARG00000092870	0.3409726769165874	377	other	0.0327455919395466
ENSDARG00000092873	2.4708019803368746	19	other	0.0016503083470859028
ENSDARG00000092881	-0.3793340103925276	967	other	0.08399200903326674
ENSDARG00000092885	-0.003987922076404726	1817	high zero count	0.15782159298184661
ENSDARG00000092887	-0.15404393215135823	866	other	0.0752193172934943
ENSDARG00000092889	-0.18083723320860454	2307	high zero count	0.20038217666985148
ENSDARG00000092895	1.7192472969965233	1157	high zero count	0.10049509250412578
ENSDARG00000092903	0.23409037590166484	1111	high zero count	0.09649960913749674
ENSDARG00000092920	0.2242422267480408	2214	high zero count	0.19230435160253626
ENSDARG00000092924	0.028399384906911154	968	other	0.0840788673673239
ENSDARG00000092947	2.0727987515830653	315	other	0.027360375228003126
ENSDARG00000092948	0.16508031143355476	593	other	0.0515069920958916
ENSDARG00000092950	0.07280575775301948	1669	high zero count	0.14496655954138798
ENSDARG00000092954	0.7888639097257202	122	other	0.010596716754972639
ENSDARG00000092963	1.0674010518575592	487	other	0.042300008685833404
ENSDARG00000092970	0.47941064142485207	1595	high zero count	0.1385390428211587
ENSDARG00000092976	0.08318075188730346	251	other	0.02180144184834535
ENSDARG00000092979	0.9863538785749316	88	other	0.007643533397029445
ENSDARG00000092998	0.07499784400260956	284	other	0.024667766872231392
ENSDARG00000093007	0.6065092239844997	81	other	0.007035525058629376
ENSDARG00000093008	-0.18410815304710776	1483	high zero count	0.12881090940675757
ENSDARG00000093019	0.692016563880942	578	other	0.05020411708503431
ENSDARG00000093022	1.717030278535571	28	other	0.002432033353600278
ENSDARG00000093044	0.06774803585493287	1803	high zero count	0.15660557630504646
ENSDARG00000093058	1.375301428388829	249	other	0.021627725180231042
ENSDARG00000093064	0.11193074642383032	3705	high zero count	0.32181012768175105
ENSDARG00000093068	0.02454291335231076	1325	high zero count	0.11508729262572744
ENSDARG00000093070	0.04466279616926132	2014	high zero count	0.1749326847911057
ENSDARG00000093091	0.04179404243033561	951	other	0.0826022756883523
ENSDARG00000093117	0.6730436064559876	839	other	0.07287414227395118
ENSDARG00000093120	-0.15472049391763187	342	other	0.02970555024754625
ENSDARG00000093125	0.8606630871608584	42	other	0.003648050030400417
ENSDARG00000093126	-0.10181009577800464	375	other	0.03257187527143229
ENSDARG00000093135	-0.4363148170750599	899	other	0.07808564231738035
ENSDARG00000093157	0.2610682625484755	479	other	0.04160514201337619
ENSDARG00000093170	-0.07502495001165757	793	other	0.06887865890732216
ENSDARG00000093173	0.4672276600078837	472	other	0.040997133674976115
ENSDARG00000093182	0.3485449250219999	3441	high zero count	0.2988795274906627
ENSDARG00000093186	1.2894816180827036	1450	high zero count	0.12594458438287154
ENSDARG00000093188	0.8589359241093081	489	other	0.04247372535394771
ENSDARG00000093232	0.20563151994702955	692	other	0.06010596716754973
ENSDARG00000093235	0.31114411600033476	1117	high zero count	0.09702075914183966
ENSDARG00000093240	0.38873814992587663	64	other	0.005558933379657779
ENSDARG00000093255	0.38419733481380847	247	other	0.021454008512116738
ENSDARG00000093304	0.14176814735308116	481	other	0.04177885868149049
ENSDARG00000093313	1.9186655164137891	9	other	7.81725006514375e-4
ENSDARG00000093316	-0.0548098052530724	831	other	0.07217927560149397
ENSDARG00000093326	0.37422359462980076	734	other	0.06375401719795014
ENSDARG00000093374	0.10793168300153307	60	other	0.005211500043429167
ENSDARG00000093378	0.56451376388974694	196	other	0.017024233475201947
ENSDARG00000093382	0.4553667958629313	980	other	0.08512116737600973
ENSDARG00000093402	0.35491080598677777	328	other	0.028489533570746114
ENSDARG00000093406	1.576262551989116	6	other	5.211500043429167e-4
ENSDARG00000093413	0.8155234972426022	276	other	0.023972900199774168
ENSDARG00000093416	0.9987412295401422	1465	high zero count	0.12724745939372883
ENSDARG00000093420	0.569976233239666	239	other	0.020759141839659514
ENSDARG00000093438	0.19546413112765593	2704	high zero count	0.23486493529054112
ENSDARG00000093448	1.4946599980065385	79	other	0.0068618083905150696
ENSDARG00000093456	1.479922031928194	134	other	0.011639016763658474
ENSDARG00000093469	-0.1980964472154964	376	other	0.032658733605489446
ENSDARG00000093480	-0.14915772217343318	1006	other	0.0873794840614957
ENSDARG00000093484	1.917524253325241	271	other	0.023538608529488404
ENSDARG00000093494	0.4873982122718377	655	other	0.05689220880743508
ENSDARG00000093496	0.008964756124615421	2112	high zero count	0.18344480152870668
ENSDARG00000093535	0.28809577814099596	209	other	0.018153391817944932
ENSDARG00000093549	1.6683188952994126	195	other	0.01693737514114479
ENSDARG00000093569	-0.006390969792565238	469	other	0.04073655867280466
ENSDARG00000093584	1.3204964617676558	350	other	0.030400416920003476
ENSDARG00000093597	0.028031530785557042	1922	high zero count	0.16694171805784766
ENSDARG00000093612	0.064162423513664	711	other	0.06175627551463563
ENSDARG00000093616	-0.24435956488416866	1034	other	0.08981151741509598
ENSDARG00000093622	0.31738535075858126	170	other	0.014765916789715974
ENSDARG00000093628	0.9189770723003432	2077	high zero count	0.18040475983670634
ENSDARG00000093629	0.4237943037301718	990	other	0.08598975071658126
ENSDARG00000093642	2.421543843581627	426	other	0.03700165030834709
ENSDARG00000093646	1.2303174346606034	579	other	0.050290975419091465
ENSDARG00000093658	0.38347485476820997	84	other	0.007296100060800834
ENSDARG00000093659	-0.163487877354069	360	other	0.031269000260575004
ENSDARG00000093660	-0.15877383570127285	1813	high zero count	0.157474159645618
ENSDARG00000093684	-0.03896858527901204	1045	other	0.09076695908972465
ENSDARG00000093688	0.9014296401632691	1962	high zero count	0.17041605142013377
ENSDARG00000093702	0.7046373530940958	269	other	0.0233648918613741
ENSDARG00000093704	0.4766197487682927	1355	high zero count	0.11769304264744203
ENSDARG00000093732	0.11833618799874412	1487	high zero count	0.12915834274298618
ENSDARG00000093760	1.6790633023588841	888	other	0.07713020064275167
ENSDARG00000093764	0.7248220625459849	1506	high zero count	0.1308086510900721
ENSDARG00000093768	1.2794565613293527	1214	high zero count	0.10544601754538348
ENSDARG00000093774	0.10917407480280758	1038	other	0.09015895075132459
ENSDARG00000093781	-0.28332204393526866	709	other	0.06158255884652132
ENSDARG00000093797	-0.10551832499235413	2534	high zero count	0.22009901850082517
ENSDARG00000093799	0.002660872030804876	963	other	0.08364457569703813
ENSDARG00000093833	0.09008602450543747	1798	high zero count	0.1561712846347607
ENSDARG00000093851	0.031134325818489603	402	other	0.03491705029097542
ENSDARG00000093862	0.6997652921241783	193	other	0.016763658473030487
ENSDARG00000093864	0.8225054122064794	415	other	0.03604620863371841
ENSDARG00000093919	0.14265529818455197	1508	high zero count	0.1309823677581864
ENSDARG00000093931	0.28537708598661543	593	other	0.0515069920958916
ENSDARG00000093932	1.596033473383935	1370	high zero count	0.11899591765829931
ENSDARG00000093936	0.5648772023184327	3269	high zero count	0.28393989403283243
ENSDARG00000093945	1.4619538616366583	112	other	0.009728133414401112
ENSDARG00000093972	-0.03874769246828074	860	other	0.0746981672891514
ENSDARG00000093978	-0.015471249260486177	103	other	0.008946408407886736
ENSDARG00000093997	0.24552911845764924	653	other	0.056718492139320766
ENSDARG00000093999	-0.140881330427025	130	other	0.011291583427429861
ENSDARG00000094004	0.5526803706462251	200	other	0.017371666811430556
ENSDARG00000094010	0.18761278271362403	183	other	0.01589507513245896
ENSDARG00000094017	0.04321648849329823	508	other	0.04412403370103361
ENSDARG00000094018	0.3128737247681811	905	other	0.07860679232172327
ENSDARG00000094023	-0.1924289159092355	1742	high zero count	0.15130721792756016
ENSDARG00000094025	-0.0058045584390440065	314	other	0.027273516893945974
ENSDARG00000094041	1.8586208484733047	312	other	0.02709980022583167
ENSDARG00000094043	0.16495058495603246	84	other	0.007296100060800834
ENSDARG00000094067	1.1156093745619944	580	other	0.05037783375314862
ENSDARG00000094085	0.6515018394953852	1567	high zero count	0.1361070094675584
ENSDARG00000094089	1.8755793393797273	538	other	0.0467297837227482
ENSDARG00000094097	0.6377740873976959	202	other	0.017545383479544863
ENSDARG00000094107	-0.12550046362416262	137	other	0.011899591765829932
ENSDARG00000094110	0.7838467706858093	1799	high zero count	0.15625814296881785
ENSDARG00000094112	-0.03730369581286748	342	other	0.02970555024754625
ENSDARG00000094114	-0.1873411097385213	1760	high zero count	0.1528706679405889
ENSDARG00000094128	-0.12301024158647879	536	other	0.046556067054633894
ENSDARG00000094132	-0.05501110347340802	2932	high zero count	0.25466863545557195
ENSDARG00000094133	1.341189743074183	163	other	0.014157908451315903
ENSDARG00000094160	0.08131401813227501	2217	high zero count	0.19256492660470773
ENSDARG00000094181	0.3484275093511195	121	other	0.010509858420915487
ENSDARG00000094186	0.10472592654677991	887	other	0.07704334230869452
ENSDARG00000094191	0.39131539266799675	72	other	0.006253800052115
ENSDARG00000094204	0.3761340771326692	487	other	0.042300008685833404
ENSDARG00000094210	1.9306979297592812	305	other	0.026491791887431598
ENSDARG00000094215	0.6269396716779445	1572	high zero count	0.13654130113784418
ENSDARG00000094235	0.07372213303637773	1225	high zero count	0.10640145922001217
ENSDARG00000094258	0.343430191871133	155	other	0.013463041778858681
ENSDARG00000094263	0.8800136591339178	220	other	0.019108833492573613
ENSDARG00000094277	0.5881819059794987	122	other	0.010596716754972639
ENSDARG00000094281	-0.004256275783613383	1385	high zero count	0.1202987926691566
ENSDARG00000094282	-0.21426548221272998	1853	high zero count	0.16094849300790412
ENSDARG00000094300	0.7515372315561121	54	other	0.00469035003908625
ENSDARG00000094324	0.7173848378375655	97	other	0.00842525840354382
ENSDARG00000094332	0.06733262399466883	190	other	0.01650308347085903
ENSDARG00000094336	0.12566091995616252	870	other	0.07556675062972293
ENSDARG00000094345	-0.024742209195588484	1213	high zero count	0.10535915921132633
ENSDARG00000094366	0.5273489733864751	1860	high zero count	0.16155650134630417
ENSDARG00000094380	0.017955369480211817	156	other	0.013549900112915835
ENSDARG00000094392	0.10711819448184724	380	other	0.03300616694171806
ENSDARG00000094422	0.15182881829386918	1354	high zero count	0.11760618431338488
ENSDARG00000094423	0.6592934039710121	797	other	0.06922609224355077
ENSDARG00000094441	-0.14121480935539774	2071	high zero count	0.17988360983236343
ENSDARG00000094451	0.38305907024330865	611	other	0.053070442108920354
ENSDARG00000094457	1.0267399649861098	1975	high zero count	0.17154520976287674
ENSDARG00000094469	-0.05587312947493149	509	other	0.044210892035090765
ENSDARG00000094486	0.6766787597139442	908	other	0.07886736732389472
ENSDARG00000094488	0.1294899011242855	665	other	0.0577607921480066
ENSDARG00000094491	0.08895625045403008	1149	high zero count	0.09980022583166855
ENSDARG00000094512	0.007693549056817379	1235	high zero count	0.10727004256058369
ENSDARG00000094514	0.07068922548260646	1783	high zero count	0.1548684096239034
ENSDARG00000094526	0.21698844030423897	2277	high zero count	0.19777642664813688
ENSDARG00000094530	1.8272396102356687	1475	high zero count	0.12811604273430036
ENSDARG00000094537	0.3641122087186246	526	other	0.045687483714062366
ENSDARG00000094547	0.1889291199255853	1242	high zero count	0.10787805089898375
ENSDARG00000094557	0.8193870466603121	1085	high zero count	0.09424129245201077
ENSDARG00000094577	0.21468704722489695	1771	high zero count	0.1538261096152176
ENSDARG00000094590	0.7638033471442434	216	other	0.018761400156345
ENSDARG00000094634	-0.09120689885218794	1031	other	0.08955094241292452
ENSDARG00000094646	0.5026078101814337	192	other	0.016676800138973335
ENSDARG00000094673	0.7470484378310491	71	other	0.006166941718057848
ENSDARG00000094695	0.5836962649039383	227	other	0.01971684183097368
ENSDARG00000094704	-0.07085795202044416	493	other	0.042821158690176324
ENSDARG00000094709	0.9354784292283772	7	other	6.080083384000695e-4
ENSDARG00000094714	0.1295424352538422	1559	high zero count	0.1354121427951012
ENSDARG00000094719	1.1006874820218138	787	other	0.06835750890297924
ENSDARG00000094725	-0.11590023149720872	1876	high zero count	0.16294623469121863
ENSDARG00000094729	0.20809308470427437	1863	high zero count	0.16181707634847564
ENSDARG00000094730	1.9253019082626757	1946	high zero count	0.1690263180752193
ENSDARG00000094732	0.15210351509084458	2427	high zero count	0.21080517675670982
ENSDARG00000094735	0.04161791137588327	365	other	0.031703291930860765
ENSDARG00000094738	-0.2258244544362476	1760	high zero count	0.1528706679405889
ENSDARG00000094752	0.2722936991134374	2036	high zero count	0.17684356814036306
ENSDARG00000094754	-0.09089101983343542	1545	high zero count	0.13419612611830106
ENSDARG00000094792	0.1901632886793603	506	other	0.04395031703291931
ENSDARG00000094811	-0.11948264891268633	2890	high zero count	0.2510205854251715
ENSDARG00000094821	1.1980747928291615	1348	high zero count	0.11708503430904195
ENSDARG00000094833	0.5530469395571429	207	other	0.017979675149830628
ENSDARG00000094836	0.8406137490915158	1362	high zero count	0.1183010509858421
ENSDARG00000094840	0.6062102653792256	1002	other	0.0870320507252671
ENSDARG00000094846	0.617230484099692	721	other	0.06262485885520716
ENSDARG00000094854	1.2715881106419584	1198	high zero count	0.10405628420046903
ENSDARG00000094881	0.3799341773099096	960	other	0.08338400069486668
ENSDARG00000094883	-0.10587190118140892	1177	high zero count	0.10223225918526882
ENSDARG00000094887	-0.10885033978110771	1052	high zero count	0.09137496742812473
ENSDARG00000094889	0.15305817837741845	280	other	0.02432033353600278
ENSDARG00000094892	-0.18788914407898666	1186	high zero count	0.1030139841917832
ENSDARG00000094899	0.004817041219517426	2497	high zero count	0.2168852601407105
ENSDARG00000094924	-0.26534863221836175	954	other	0.08286285069052375
ENSDARG00000094941	0.818229986478098	413	other	0.0358724919656041
ENSDARG00000094965	1.9023637498912274	213	other	0.018500825154173544
ENSDARG00000094977	0.18290726328532297	1103	high zero count	0.09580474246503952
ENSDARG00000094990	0.2845887185537933	1153	high zero count	0.10014765916789715
ENSDARG00000094992	0.28422454403589126	258	other	0.02240945018674542
ENSDARG00000095007	0.9241144979491629	67	other	0.005819508381829237
ENSDARG00000095019	0.33001629293512774	500	other	0.04342916702857639
ENSDARG00000095022	0.09658448710059588	268	other	0.023278033527316947
ENSDARG00000095030	-0.17007435041993926	625	other	0.05428645878572049
ENSDARG00000095034	0.9290095978507354	18	other	0.00156345001302875
ENSDARG00000095046	0.3192527588227574	714	other	0.06201685051680709
ENSDARG00000095056	0.7788490533316008	2055	high zero count	0.17849387648744897
ENSDARG00000095057	-0.01552873030641025	1452	high zero count	0.12611830105098584
ENSDARG00000095070	0.27809263113929833	552	other	0.047945800399548336
ENSDARG00000095076	0.45328104331848545	1860	high zero count	0.16155650134630417
ENSDARG00000095082	-0.26586884379031406	465	other	0.04038912533657604
ENSDARG00000095086	0.07604341363473568	74	other	0.006427516720229306
ENSDARG00000095108	-0.20261967011190737	463	other	0.04021540866846174
ENSDARG00000095130	0.4800610323557866	739	other	0.06418830886823591
ENSDARG00000095132	0.8825930725463795	501	other	0.04351602536263355
ENSDARG00000095135	0.623882493375081	759	other	0.06592547554937896
ENSDARG00000095142	-0.1485487998202633	1306	high zero count	0.11343698427864153
ENSDARG00000095147	1.165949538128092	654	other	0.05680535047337792
ENSDARG00000095152	-0.013512809423656581	376	other	0.032658733605489446
ENSDARG00000095157	1.5131648318577176	1060	high zero count	0.09206983410058195
ENSDARG00000095179	-0.19787029947911988	1350	high zero count	0.11725875097715625
ENSDARG00000095188	1.7743901639057988	343	other	0.029792408581603404
ENSDARG00000095191	-0.10756926399210293	530	other	0.046034917050290974
ENSDARG00000095193	-0.09094127904653558	588	other	0.051072700425605834
ENSDARG00000095224	-0.07808162902150301	743	other	0.06453574220446452
ENSDARG00000095236	1.4316762132874343	220	other	0.019108833492573613
ENSDARG00000095241	0.09171194428050783	1719	high zero count	0.14930947624424565
ENSDARG00000095268	0.36561583421719396	1020	other	0.08859550073829583
ENSDARG00000095273	2.263554344644138	78	other	0.006774950056457917
ENSDARG00000095281	-0.069400637891277	1516	high zero count	0.1316772344306436
ENSDARG00000095288	0.3421798803070332	205	other	0.01780595848171632
ENSDARG00000095295	0.03408964923276857	296	other	0.025710066880917225
ENSDARG00000095322	0.04406650756749735	1922	high zero count	0.16694171805784766
ENSDARG00000095332	0.43702687514204197	1690	high zero count	0.1467905845565882
ENSDARG00000095339	0.29022380946549475	483	other	0.041952575349604795
ENSDARG00000095388	-0.026259410936208986	1678	high zero count	0.14574828454790237
ENSDARG00000095427	1.375311962274178	354	other	0.030747850256232084
ENSDARG00000095432	0.29155183619351993	255	other	0.02214887518457396
ENSDARG00000095451	1.6542441379057375	123	other	0.010683575089029793
ENSDARG00000095459	0.5147613394924304	411	other	0.03569877529748979
ENSDARG00000095464	0.1933997262174874	685	other	0.059497958829149655
ENSDARG00000095483	-0.1577749684659122	1654	high zero count	0.14366368453053072
ENSDARG00000095508	-0.18414330793534034	1715	high zero count	0.148962042908017
ENSDARG00000095512	0.35221341699151415	1165	high zero count	0.101189959176583
ENSDARG00000095533	0.5703252579441155	514	other	0.04464518370537653
ENSDARG00000095538	0.21970879455011474	79	other	0.0068618083905150696
ENSDARG00000095556	2.4398868444308563	155	other	0.013463041778858681
ENSDARG00000095557	-0.1648792494248836	1192	high zero count	0.10353513419612612
ENSDARG00000095571	0.7707456586177361	575	other	0.04994354208286285
ENSDARG00000095577	-0.05124612004013239	1556	high zero count	0.13515156779292972
ENSDARG00000095580	0.3120828610602103	259	other	0.02249630852080257
ENSDARG00000095596	-0.2444232193352444	1214	high zero count	0.10544601754538348
ENSDARG00000095623	0.7193618131733968	594	other	0.051593850429948754
ENSDARG00000095653	0.9528954305600962	1446	high zero count	0.12559715104664293
ENSDARG00000095670	0.6778939602016839	339	other	0.029444975245374795
ENSDARG00000095675	-0.2220395645237726	1223	high zero count	0.10622774255189786
ENSDARG00000095678	0.48611434738119036	424	other	0.036827933640232784
ENSDARG00000095682	0.667447895457773	1242	high zero count	0.10787805089898375
ENSDARG00000095696	0.5776081685996358	1830	high zero count	0.1589507513245896
ENSDARG00000095698	0.11298810405106305	2046	high zero count	0.17771215148093458
ENSDARG00000095704	-0.1752482878180645	706	other	0.061321983844349864
ENSDARG00000095705	0.3464789755406876	184	other	0.01598193346651611
ENSDARG00000095708	0.5676006350189378	1035	other	0.08989837574915313
ENSDARG00000095721	0.820032478467039	492	other	0.04273430035611917
ENSDARG00000095724	1.3574507901202897	442	other	0.03839138365326153
ENSDARG00000095732	-0.013915046243535211	415	other	0.03604620863371841
ENSDARG00000095743	1.1738822414489112	81	other	0.007035525058629376
ENSDARG00000095754	0.1897868511107153	2013	high zero count	0.17484582645704855
ENSDARG00000095767	-0.16245377370217862	457	other	0.039694258664118826
ENSDARG00000095774	0.5672172673870892	308	other	0.026752366889603058
ENSDARG00000095779	0.5342299060848417	743	other	0.06453574220446452
ENSDARG00000095789	0.6922579955374031	1877	high zero count	0.16303309302527577
ENSDARG00000095796	0.46666354779756974	386	other	0.033527316946060974
ENSDARG00000095807	0.5915426062183767	1891	high zero count	0.1642491097020759
ENSDARG00000095810	1.2219700723909273	457	other	0.039694258664118826
ENSDARG00000095822	0.4723133115452185	2090	high zero count	0.1815339181794493
ENSDARG00000095831	0.05300497821903552	521	other	0.0452531920437766
ENSDARG00000095832	0.12436508295552332	3156	high zero count	0.2741249022843742
ENSDARG00000095833	0.12817323830597366	627	other	0.054460175453834796
ENSDARG00000095840	0.11038940635154582	617	other	0.05359159211326327
ENSDARG00000095863	1.1157381748657949	15	other	0.0013028750108572918
ENSDARG00000095879	0.9222410087613448	31	other	0.0026926083557717363
ENSDARG00000095890	-0.011546256388863063	639	other	0.05550247546252063
ENSDARG00000095896	0.5315238807933502	655	other	0.05689220880743508
ENSDARG00000095897	2.1701833139520508	18	other	0.00156345001302875
ENSDARG00000095904	0.5624893422341763	128	other	0.011117866759315557
ENSDARG00000095906	0.6218778934006413	1784	high zero count	0.15495526795796058
ENSDARG00000095908	2.18850079836379	113	other	0.009814991748458264
ENSDARG00000095912	0.27526321794717	1107	high zero count	0.09615217580126813
ENSDARG00000095921	2.2402645614361885	57	other	0.004950925041257708
ENSDARG00000095922	0.9778059588668374	1531	high zero count	0.1329801094415009
ENSDARG00000095933	0.5010495090023042	289	other	0.025102058542517156
ENSDARG00000095947	0.7467660046991902	85	other	0.007382958394857987
ENSDARG00000095949	0.4824611522141372	826	other	0.0717449839312082
ENSDARG00000095969	-0.19295746650026344	882	other	0.07660905063840875
ENSDARG00000095974	0.42540616777475954	656	other	0.05697906714149223
ENSDARG00000096003	1.6239131210360611	118	other	0.010249283418744029
ENSDARG00000096030	0.6123943377573499	975	other	0.08468687570572396
ENSDARG00000096045	0.6190514142275118	307	other	0.026665508555545905
ENSDARG00000096053	0.5634687445861398	688	other	0.05975853383132112
ENSDARG00000096072	1.7783349526165713	1408	high zero count	0.12229653435247112
ENSDARG00000096083	-0.2191257469820327	1326	high zero count	0.11517415095978459
ENSDARG00000096095	0.007395771023718973	1288	high zero count	0.11187353426561279
ENSDARG00000096118	1.478978899400862	92	other	0.007990966733258055
ENSDARG00000096120	0.03744796528922229	158	other	0.013723616781030139
ENSDARG00000096141	0.5956908642785155	1904	high zero count	0.1653782680448189
ENSDARG00000096142	0.04321792936085129	595	other	0.051680708764005906
ENSDARG00000096161	1.1355134380721372	383	other	0.03326674194388952
ENSDARG00000096186	0.007806546635540516	1411	high zero count	0.12255710935464258
ENSDARG00000096217	0.28409312975144607	682	other	0.0592373838269782
ENSDARG00000096229	0.01595497671488194	2861	high zero count	0.2485016937375141
ENSDARG00000096242	1.0420896679140572	1362	high zero count	0.1183010509858421
ENSDARG00000096249	1.1668455605193655	91	other	0.007904108399200903
ENSDARG00000096257	1.0140424268363923	622	other	0.054025883783549035
ENSDARG00000096262	-0.12256657023661503	3685	high zero count	0.320072961000608
ENSDARG00000096270	0.466057061637856	1464	high zero count	0.12716060105967167
ENSDARG00000096290	0.050786768084868386	362	other	0.03144271692868931
ENSDARG00000096300	0.20279948274957585	1428	high zero count	0.12403370103361418
ENSDARG00000096310	-0.06536160583233835	1764	high zero count	0.1532181012768175
ENSDARG00000096319	0.020749280933114195	145	other	0.012594458438287154
ENSDARG00000096346	1.3613299264949072	1080	high zero count	0.093807000781725
ENSDARG00000096359	0.771308833163719	30	other	0.0026057500217145837
ENSDARG00000096373	-0.02608296117809972	1730	high zero count	0.1502649179188743
ENSDARG00000096398	0.027571694886687485	1298	high zero count	0.11274211760618431
ENSDARG00000096403	2.1834843517745224	4	other	3.4743333622861116e-4
ENSDARG00000096411	0.016733146074059943	1764	high zero count	0.1532181012768175
ENSDARG00000096415	0.223767077895929	2025	high zero count	0.17588812646573437
ENSDARG00000096417	-0.23565407271286212	1190	high zero count	0.10336141752801181
ENSDARG00000096419	0.20436950164782539	358	other	0.031095283592460696
ENSDARG00000096428	0.46699878834685693	1540	high zero count	0.1337618344480153
ENSDARG00000096447	-0.057452933088370114	3927	high zero count	0.34109267784243896
ENSDARG00000096451	0.059449629353870034	699	other	0.0607139755059498
ENSDARG00000096454	0.14058576845992338	867	other	0.07530617562755146
ENSDARG00000096455	1.0319028297165458	1564	high zero count	0.13584643446538697
ENSDARG00000096457	1.0027646490005175	307	other	0.026665508555545905
ENSDARG00000096489	0.6091004378284878	259	other	0.02249630852080257
ENSDARG00000096502	0.46242982493674273	1344	high zero count	0.11673760097281334
ENSDARG00000096513	1.2047959018993264	676	other	0.05871623382263528
ENSDARG00000096515	-0.13037624827147642	1296	high zero count	0.11256840093807001
ENSDARG00000096528	0.2822688678697719	662	other	0.05750021714583514
ENSDARG00000096533	1.3551633510422294	370	other	0.03213758360114653
ENSDARG00000096546	0.6520069874105605	679	other	0.05897680882480674
ENSDARG00000096554	0.10273177538962451	636	other	0.05524190046034917
ENSDARG00000096558	0.21175954203602823	1478	high zero count	0.12837661773647183
ENSDARG00000096562	0.16246321247805995	37	other	0.003213758360114653
ENSDARG00000096568	0.22587909504534068	1264	high zero count	0.10978893424824111
ENSDARG00000096569	0.2924914627273157	1124	high zero count	0.09762876748023973
ENSDARG00000096575	-0.1720340750656914	1378	high zero count	0.11969078433075654
ENSDARG00000096592	0.21913199822103688	1294	high zero count	0.1123946842699557
ENSDARG00000096597	0.26510851608242797	743	other	0.06453574220446452
ENSDARG00000096603	0.09862619383127287	3281	high zero count	0.2849821940415183
ENSDARG00000096631	0.5249315933553209	232	other	0.020151133501259445
ENSDARG00000096632	0.7652493970630635	398	other	0.03456961695474681
ENSDARG00000096637	0.07659973717819579	1972	high zero count	0.1712846347607053
ENSDARG00000096639	-0.22036276089550913	1114	high zero count	0.0967601841396682
ENSDARG00000096651	0.830941071527628	36	other	0.0031269000260575
ENSDARG00000096661	1.6110718017671333	239	other	0.020759141839659514
ENSDARG00000096667	1.3750259197178816	903	other	0.07843307565360896
ENSDARG00000096668	1.0111772206068927	614	other	0.05333101711109181
ENSDARG00000096687	-0.23371253541713305	1792	high zero count	0.1556501346304178
ENSDARG00000096689	0.038101617684573555	123	other	0.010683575089029793
ENSDARG00000096701	0.2407079305802015	398	other	0.03456961695474681
ENSDARG00000096711	0.29963832203984203	59	other	0.005124641709372014
ENSDARG00000096712	0.651183172890375	1977	high zero count	0.17171892643099104
ENSDARG00000096714	0.3556147028578752	1649	high zero count	0.14322939286024494
ENSDARG00000096715	0.7692580073795384	1020	other	0.08859550073829583
ENSDARG00000096717	-0.06525378121769121	323	other	0.02805524190046035
ENSDARG00000096725	0.1927230488737161	262	other	0.02275688352297403
ENSDARG00000096744	0.3490600537432101	384	other	0.03335360027794667
ENSDARG00000096745	0.570745248445783	1621	high zero count	0.14079735950664465
ENSDARG00000096749	0.15393792411516094	3277	high zero count	0.28463476070528965
ENSDARG00000096753	0.4211374140065012	345	other	0.02996612524971771
ENSDARG00000096759	-0.24269126546516878	1120	high zero count	0.09728133414401112
ENSDARG00000096769	0.1203049681309762	1337	high zero count	0.11612959263441328
ENSDARG00000096770	1.5919699108868972	657	other	0.05706592547554938
ENSDARG00000096792	5.264455590141586e-4	669	other	0.058108225484235214
ENSDARG00000096797	0.3092680342366425	599	other	0.052028142100234515
ENSDARG00000096803	1.130811819334494	304	other	0.026404933553374445
ENSDARG00000096808	0.16751092809997747	2096	high zero count	0.18205506818379225
ENSDARG00000096809	0.47299085395630297	721	other	0.06262485885520716
ENSDARG00000096829	0.8239132410587683	723	other	0.06279857552332146
ENSDARG00000096834	0.98355156299885	230	other	0.01997741683314514
ENSDARG00000096837	0.24183010079611517	724	other	0.06288543385737862
ENSDARG00000096849	1.2978979595085887	79	other	0.0068618083905150696
ENSDARG00000096858	0.6131175864187306	1578	high zero count	0.1370624511421871
ENSDARG00000096874	0.16447298867683358	647	other	0.05619734213497785
ENSDARG00000096877	0.7129361790859828	230	other	0.01997741683314514
ENSDARG00000096879	0.6087033614722599	174	other	0.015113350125944584
ENSDARG00000096887	-0.03271432651171958	505	other	0.04386345869886216
ENSDARG00000096901	-0.025258298878289842	294	other	0.025536350212802917
ENSDARG00000096905	0.2586277502480366	1319	high zero count	0.11456614262138452
ENSDARG00000096908	-0.21728076008692856	896	other	0.0778250673152089
ENSDARG00000096917	0.6176733371105934	235	other	0.020411708503430905
ENSDARG00000096920	-0.18358359218408635	1581	high zero count	0.13732302614435854
ENSDARG00000096932	0.0012964271436076173	1777	high zero count	0.1543472596195605
ENSDARG00000096941	-0.1782764213386929	1678	high zero count	0.14574828454790237
ENSDARG00000096951	0.18965764235257127	902	other	0.07834621731955181
ENSDARG00000096961	-0.13651318894489728	2364	high zero count	0.2053331017111092
ENSDARG00000096962	0.052675043428265775	366	other	0.03179015026491792
ENSDARG00000096972	0.18725536502636866	270	other	0.02345175019543125
ENSDARG00000096978	-0.03829669436635993	494	other	0.042908017024233476
ENSDARG00000096988	0.8214431135610303	310	other	0.026926083557717362
ENSDARG00000096989	-0.08225134823412064	631	other	0.054807608790063404
ENSDARG00000096990	-0.14133792479278506	1968	high zero count	0.1709372014244767
ENSDARG00000097006	-0.02009119190740493	1456	high zero count	0.12646573438721445
ENSDARG00000097017	-0.061984526159673266	313	other	0.027186658559888822
ENSDARG00000097019	0.41913600844690985	1489	high zero count	0.1293320594111005
ENSDARG00000097032	0.04727946805086986	1259	high zero count	0.10935464257795535
ENSDARG00000097039	0.9230945439202706	824	other	0.07157126726309389
ENSDARG00000097048	0.15720175162839622	157	other	0.013636758446972987
ENSDARG00000097055	0.747156685100264	110	other	0.009554416746286806
ENSDARG00000097057	1.580924810270095	53	other	0.004603491705029098
ENSDARG00000097060	1.2596629628788398	1167	high zero count	0.1013636758446973
ENSDARG00000097077	-0.2593119297660548	1216	high zero count	0.10561973421349778
ENSDARG00000097082	0.20520545940010443	467	other	0.04056284200469035
ENSDARG00000097086	0.3722006343950089	178	other	0.015460783462173196
ENSDARG00000097102	3.081750531899127	5	other	4.342916702857639e-4
ENSDARG00000097108	0.04224461595427806	634	other	0.05506818379223487
ENSDARG00000097112	-0.18264207044177933	1697	high zero count	0.14739859289498827
ENSDARG00000097123	-0.1696904380541425	538	other	0.0467297837227482
ENSDARG00000097134	0.22044416633529798	609	other	0.05289672544080604
ENSDARG00000097135	1.0464427312406281	867	other	0.07530617562755146
ENSDARG00000097137	2.1814711581879758	822	other	0.07139755059497958
ENSDARG00000097150	0.09355839528544277	1427	high zero count	0.12394684269955702
ENSDARG00000097155	-0.05510061591837687	3016	high zero count	0.2619647355163728
ENSDARG00000097158	0.49463160298529035	1602	high zero count	0.13914705115955875
ENSDARG00000097160	-0.0243412817299275	343	other	0.029792408581603404
ENSDARG00000097179	1.6285129668731715	2045	high zero count	0.17762529314687744
ENSDARG00000097180	0.5526480958350164	573	other	0.049769825414748545
ENSDARG00000097187	-0.16986038877090717	1179	high zero count	0.10240597585338314
ENSDARG00000097192	0.6563376820009674	532	other	0.04620863371840528
ENSDARG00000097197	1.409732118610029	923	other	0.08017024233475202
ENSDARG00000097203	-0.2781436457484784	1119	high zero count	0.09719447580995397
ENSDARG00000097205	0.7631196554739222	1291	high zero count	0.11213410926778425
ENSDARG00000097209	0.6513200376533139	3659	high zero count	0.317814644315122
ENSDARG00000097214	0.006849703487060881	1678	high zero count	0.14574828454790237
ENSDARG00000097215	1.0820111301071635	381	other	0.03309302527577521
ENSDARG00000097224	0.46951305671795485	1635	high zero count	0.1420133761834448
ENSDARG00000097236	-0.13888618931092425	282	other	0.024494050204117084
ENSDARG00000097244	0.11533017788129045	286	other	0.024841483540345696
ENSDARG00000097247	0.438361409388724	1438	high zero count	0.1249022843741857
ENSDARG00000097253	-0.19588833083361074	307	other	0.026665508555545905
ENSDARG00000097255	0.8774346074388001	830	other	0.07209241726743681
ENSDARG00000097256	0.1516876933703299	448	other	0.03891253365760445
ENSDARG00000097264	0.2128243003937686	131	other	0.011378441761487015
ENSDARG00000097275	0.7139665761887276	498	other	0.043255450360462085
ENSDARG00000097281	0.42533512384376204	182	other	0.015808216798401806
ENSDARG00000097301	1.1983184693748317	1112	high zero count	0.0965864674715539
ENSDARG00000097310	0.14440876078370912	1890	high zero count	0.16416225136801876
ENSDARG00000097336	0.27413608565245606	540	other	0.0469035003908625
ENSDARG00000097347	0.3324405147327667	1497	high zero count	0.13002692608355773
ENSDARG00000097365	0.8164688331093621	468	other	0.040649700338747506
ENSDARG00000097368	0.9541769807433973	934	other	0.0811256840093807
ENSDARG00000097373	0.20135590118490695	1527	high zero count	0.1326326761052723
ENSDARG00000097406	0.36544963370868555	238	other	0.02067228350560236
ENSDARG00000097414	0.17696550210197884	899	other	0.07808564231738035
ENSDARG00000097425	0.0717860711118523	3671	high zero count	0.31885694432380784
ENSDARG00000097441	0.48399689043915084	593	other	0.0515069920958916
ENSDARG00000097445	0.2642975349291211	155	other	0.013463041778858681
ENSDARG00000097452	1.421500579761752	736	other	0.06392773386606444
ENSDARG00000097465	-0.1660129535029247	1193	high zero count	0.10362199253018327
ENSDARG00000097467	1.7698966315830988	375	other	0.03257187527143229
ENSDARG00000097473	0.6709548120147494	49	other	0.004256058368800487
ENSDARG00000097478	1.2608655369057347	3	other	2.6057500217145836e-4
ENSDARG00000097483	-0.028860789522714116	3097	high zero count	0.26900026057500215
ENSDARG00000097485	-0.18287329966862179	712	other	0.061843133848692784
ENSDARG00000097489	0.15823809719357051	869	other	0.07547989229566576
ENSDARG00000097492	1.3736990407142269	1602	high zero count	0.13914705115955875
ENSDARG00000097496	0.6419138987193674	75	other	0.006514375054286459
ENSDARG00000097519	1.71941684786118	896	other	0.0778250673152089
ENSDARG00000097523	0.12050795744169857	3066	high zero count	0.2663076522192304
ENSDARG00000097526	0.015064390214916012	1986	high zero count	0.17250065143750543
ENSDARG00000097528	0.6105577912384108	1696	high zero count	0.14731173456093113
ENSDARG00000097530	0.1225296280877242	882	other	0.07660905063840875
ENSDARG00000097535	-0.23212385027216278	1379	high zero count	0.1197776426648137
ENSDARG00000097537	0.689106600152391	13	other	0.0011291583427429862
ENSDARG00000097549	0.3689581597532647	1202	high zero count	0.10440371753669765
ENSDARG00000097576	0.44287189282299416	941	other	0.08173369234778077
ENSDARG00000097583	0.32722841689772064	287	other	0.02492834187440285
ENSDARG00000097591	0.04302565883948146	650	other	0.05645791713714931
ENSDARG00000097595	1.275318212429186	1382	high zero count	0.12003821766698515
ENSDARG00000097596	-0.09360033570784315	3746	high zero count	0.3253713193780943
ENSDARG00000097613	0.15996121829244683	495	other	0.04299487535829063
ENSDARG00000097615	0.06695571731885833	158	other	0.013723616781030139
ENSDARG00000097617	0.5567839698379435	228	other	0.019803700165030833
ENSDARG00000097620	0.16606630031596914	185	other	0.016068791800573266
ENSDARG00000097630	0.9501997865793743	92	other	0.007990966733258055
ENSDARG00000097635	0.7530945844082685	167	other	0.014505341787544515
ENSDARG00000097637	0.9345285448859042	817	other	0.07096325892469382
ENSDARG00000097645	0.23518932529891312	1543	high zero count	0.13402240945018676
ENSDARG00000097648	0.40861532966469444	2285	high zero count	0.1984712933205941
ENSDARG00000097654	-0.1641637332861061	1367	high zero count	0.11873534265612785
ENSDARG00000097660	0.6533122852344421	185	other	0.016068791800573266
ENSDARG00000097665	-0.24753102430684734	328	other	0.028489533570746114
ENSDARG00000097685	0.08567480664858464	1431	high zero count	0.12429427603578563
ENSDARG00000097689	0.641874139087256	1616	high zero count	0.1403630678363589
ENSDARG00000097691	1.2694786627214343	341	other	0.0296186919134891
ENSDARG00000097692	0.5878230932608831	2011	high zero count	0.17467210978893424
ENSDARG00000097693	0.013527550267052943	2467	high zero count	0.21427951011899593
ENSDARG00000097696	0.8129924688652373	151	other	0.01311560844263007
ENSDARG00000097706	-8.581197395198406e-4	1490	high zero count	0.12941891774515765
ENSDARG00000097718	0.022004006760185	224	other	0.019456266828802225
ENSDARG00000097721	0.5026968983628851	768	other	0.06670720055589334
ENSDARG00000097733	-0.06887622372189964	1107	high zero count	0.09615217580126813
ENSDARG00000097740	0.06292723498353943	404	other	0.03509076695908973
ENSDARG00000097746	0.16857571461985754	1337	high zero count	0.11612959263441328
ENSDARG00000097750	0.4050525263919021	1686	high zero count	0.14644315122035959
ENSDARG00000097753	1.259551705968178	138	other	0.011986450099887084
ENSDARG00000097765	0.23221746785190556	1029	other	0.08937722574481022
ENSDARG00000097767	0.4496420192549969	1975	high zero count	0.17154520976287674
ENSDARG00000097770	1.1030890768259423	396	other	0.0343959002866325
ENSDARG00000097772	-0.05258352610757729	1192	high zero count	0.10353513419612612
ENSDARG00000097794	-0.17922290169576754	1027	other	0.08920350907669591
ENSDARG00000097795	0.6706873798636999	262	other	0.02275688352297403
ENSDARG00000097797	2.038937617708559	174	other	0.015113350125944584
ENSDARG00000097799	0.1673513558137555	1950	high zero count	0.16937375141144792
ENSDARG00000097803	0.20748467642839824	583	other	0.05063840875532007
ENSDARG00000097819	0.12434327876521542	108	other	0.0093807000781725
ENSDARG00000097824	0.5585829451540273	313	other	0.027186658559888822
ENSDARG00000097825	0.32928730514224136	439	other	0.03813080865109007
ENSDARG00000097826	0.4932339245020168	2030	high zero count	0.17632241813602015
ENSDARG00000097827	1.0279068466794898	1054	high zero count	0.09154868409623904
ENSDARG00000097842	0.016548572682459576	1004	other	0.0872057673933814
ENSDARG00000097853	0.2946957555097962	1376	high zero count	0.11951706766264224
ENSDARG00000097855	-0.12710566652610905	354	other	0.030747850256232084
ENSDARG00000097856	0.5117148080563958	1395	high zero count	0.12116737600972813
ENSDARG00000097863	0.36873001625247914	126	other	0.010944150091201251
ENSDARG00000097877	0.24860576319781438	1886	high zero count	0.16381481803179015
ENSDARG00000097883	0.40084061857950376	540	other	0.0469035003908625
ENSDARG00000097886	-0.09433862722180437	421	other	0.03656735863806132
ENSDARG00000097897	0.35352910951234784	157	other	0.013636758446972987
ENSDARG00000097902	0.282691861945291	486	other	0.04221315035177625
ENSDARG00000097911	-0.08217292780069808	913	other	0.07930165899418049
ENSDARG00000097931	-0.2322212041475328	986	other	0.08564231738035265
ENSDARG00000097938	-0.23356116059382173	1626	high zero count	0.14123165117693043
ENSDARG00000097953	0.5960814182639358	960	other	0.08338400069486668
ENSDARG00000097959	1.1487733917022602	1115	high zero count	0.09684704247372536
ENSDARG00000097966	-0.061712158601807836	889	other	0.07721705897680882
ENSDARG00000097973	0.3106254273635871	693	other	0.06019282550160688
ENSDARG00000097976	0.4795296999514594	1501	high zero count	0.13037435941978634
ENSDARG00000097992	0.22022052428428965	452	other	0.03925996699383306
ENSDARG00000098000	-0.22848491104087396	1666	high zero count	0.14470598453921654
ENSDARG00000098013	0.1723839207866773	1648	high zero count	0.14314253452618778
ENSDARG00000098017	1.165929215617014	1389	high zero count	0.12064622600538522
ENSDARG00000098021	-0.18694807936842497	537	other	0.046642925388691046
ENSDARG00000098024	0.5955305557172283	201	other	0.01745852514548771
ENSDARG00000098027	-0.20286520677351375	611	other	0.053070442108920354
ENSDARG00000098029	-0.16302510866533418	1774	high zero count	0.15408668461738903
ENSDARG00000098032	0.1905568925757336	1519	high zero count	0.13193780943281508
ENSDARG00000098044	0.23834958724217892	312	other	0.02709980022583167
ENSDARG00000098046	0.892682972912679	1078	high zero count	0.0936332841136107
ENSDARG00000098059	2.04619847162591	119	other	0.01033614175280118
ENSDARG00000098068	0.28864465522706206	789	other	0.06853122557109355
ENSDARG00000098070	0.22342648797446876	348	other	0.030226700251889168
ENSDARG00000098074	0.017626106801236222	1014	other	0.08807435073395292
ENSDARG00000098075	1.3135011702005808	45	other	0.0039086250325718755
ENSDARG00000098080	0.30424314676239206	30	other	0.0026057500217145837
ENSDARG00000098090	0.3311244450143571	1416	high zero count	0.12299140102492834
ENSDARG00000098099	-0.05536719073823999	903	other	0.07843307565360896
ENSDARG00000098105	0.34579233074927107	349	other	0.03031355858594632
ENSDARG00000098108	0.4427743954996682	3363	high zero count	0.2921045774342048
ENSDARG00000098112	-0.22668633843002534	278	other	0.024146616867888476
ENSDARG00000098113	0.05193915816367754	645	other	0.05602362546686355
ENSDARG00000098114	1.3052807008736393	191	other	0.016589941804916183
ENSDARG00000098118	0.9112519543789025	55	other	0.004777208373143403
ENSDARG00000098130	0.43893550134387643	211	other	0.018327108486059236
ENSDARG00000098141	0.6107605890477084	21	other	0.0018240250152002084
ENSDARG00000098153	0.5495440359251847	769	other	0.06679405888995049
ENSDARG00000098158	0.5238229481893292	1621	high zero count	0.14079735950664465
ENSDARG00000098161	-0.21290875058623565	783	other	0.06801007556675064
ENSDARG00000098171	0.025702736972928433	113	other	0.009814991748458264
ENSDARG00000098174	0.7654216983295947	577	other	0.05011725875097715
ENSDARG00000098186	0.9863693554131989	560	other	0.04864066707200556
ENSDARG00000098189	0.35424846974703444	541	other	0.046990358724919655
ENSDARG00000098191	1.098778295007928	1107	high zero count	0.09615217580126813
ENSDARG00000098194	-0.20616240225836455	1303	high zero count	0.11317640927647007
ENSDARG00000098201	-0.13122982381918077	838	other	0.07278728393989403
ENSDARG00000098211	-0.25028950961737867	1358	high zero count	0.11795361764961348
ENSDARG00000098213	0.8879621227860703	1170	high zero count	0.10162425084686875
ENSDARG00000098215	1.2850648725799374	3240	high zero count	0.28142100234517503
ENSDARG00000098221	0.09080688049386275	167	other	0.014505341787544515
ENSDARG00000098224	0.5058240515068491	110	other	0.009554416746286806
ENSDARG00000098228	1.0889815468943904	3	other	2.6057500217145836e-4
ENSDARG00000098235	0.03526947347113065	820	other	0.07122383392686528
ENSDARG00000098237	-0.059500926691303496	1986	high zero count	0.17250065143750543
ENSDARG00000098239	0.1405391294799815	1205	high zero count	0.10466429253886911
ENSDARG00000098240	0.813936268410265	312	other	0.02709980022583167
ENSDARG00000098241	0.14337380604142116	821	other	0.07131069226092243
ENSDARG00000098243	0.09817581426133846	1131	high zero count	0.0982367758186398
ENSDARG00000098247	0.1082895335139745	1375	high zero count	0.11943020932858507
ENSDARG00000098257	-0.06131479370736178	430	other	0.0373490836445757
ENSDARG00000098263	-0.08562680450827595	1419	high zero count	0.1232519760270998
ENSDARG00000098272	0.750777276154546	8	other	6.948666724572223e-4
ENSDARG00000098280	1.3230065810175264	21	other	0.0018240250152002084
ENSDARG00000098288	0.2766068831545946	143	other	0.012420741770172848
ENSDARG00000098289	-0.08277243055984877	1099	high zero count	0.09545730912881091
ENSDARG00000098294	-0.038035181647847895	333	other	0.02892382524103188
ENSDARG00000098295	0.07919382580617403	1820	high zero count	0.15808216798401806
ENSDARG00000098296	0.07915034521132917	649	other	0.05637105880309216
ENSDARG00000098304	0.9896132315791946	32	other	0.0027794666898288893
ENSDARG00000098312	0.6525229199293304	11	other	9.554416746286806e-4
ENSDARG00000098313	-0.22540827571367356	905	other	0.07860679232172327
ENSDARG00000098315	0.5918630168123901	3069	high zero count	0.2665682272214019
ENSDARG00000098317	0.37613556939089937	81	other	0.007035525058629376
ENSDARG00000098324	0.06518498777081676	1304	high zero count	0.11326326761052723
ENSDARG00000098334	0.16094895468254153	256	other	0.022235733518631114
ENSDARG00000098338	0.3881687247112679	590	other	0.051246417093720145
ENSDARG00000098342	0.666479850554302	493	other	0.042821158690176324
ENSDARG00000098344	1.2724926555692455	523	other	0.04542690871189091
ENSDARG00000098348	0.021979160538493237	2457	high zero count	0.21341092677842438
ENSDARG00000098349	0.10322945212299764	295	other	0.025623208546860073
ENSDARG00000098350	0.7881259311768347	47	other	0.004082341700686181
ENSDARG00000098355	2.3159875243686683	7	other	6.080083384000695e-4
ENSDARG00000098359	0.4807758015812615	17	other	0.0014765916789715972
ENSDARG00000098361	1.2589302661745494	51	other	0.004429775036914792
ENSDARG00000098362	0.21676205994108974	848	other	0.07365586728046557
ENSDARG00000098367	1.5956296077277057	28	other	0.002432033353600278
ENSDARG00000098368	1.3552300539292772	380	other	0.03300616694171806
ENSDARG00000098369	0.15804767572580278	1019	other	0.08850864240423868
ENSDARG00000098375	0.4126336778133073	13	other	0.0011291583427429862
ENSDARG00000098377	0.22500512710798815	700	other	0.06080083384000695
ENSDARG00000098378	1.5814323050036247	14	other	0.001216016676800139
ENSDARG00000098379	-0.11655058343311978	709	other	0.06158255884652132
ENSDARG00000098386	0.2783841264680042	1388	high zero count	0.12055936767132806
ENSDARG00000098387	0.3331155417240999	166	other	0.014418483453487362
ENSDARG00000098389	-0.010894051822635597	401	other	0.03483019195691826
ENSDARG00000098390	0.7773863409803564	177	other	0.015373925128116042
ENSDARG00000098391	0.8743966845889699	741	other	0.06436202553635022
ENSDARG00000098392	0.3974842531767294	2605	high zero count	0.226265960218883
ENSDARG00000098397	0.6528215353720264	319	other	0.027707808564231738
ENSDARG00000098398	1.031086818412853	87	other	0.007556675062972292
ENSDARG00000098401	0.5048955134218798	3146	high zero count	0.27325631894380265
ENSDARG00000098406	0.6514546084533351	2002	high zero count	0.17389038478241986
ENSDARG00000098414	-0.2212833461833689	456	other	0.039607400330061666
ENSDARG00000098431	0.12118259301801729	150	other	0.013028750108572918
ENSDARG00000098432	1.2432419320317238	850	other	0.07382958394857987
ENSDARG00000098433	0.5974470340498444	139	other	0.012073308433944238
ENSDARG00000098435	-0.23155634270155503	582	other	0.05055155042126292
ENSDARG00000098439	0.5915515661085442	43	other	0.00373490836445757
ENSDARG00000098443	0.700502652024446	118	other	0.010249283418744029
ENSDARG00000098453	0.5241123548321109	363	other	0.03152957526274646
ENSDARG00000098465	1.5973626488048807	686	other	0.05958481716320681
ENSDARG00000098466	1.7259208729182924	43	other	0.00373490836445757
ENSDARG00000098473	0.47146780278151323	1496	high zero count	0.12994006774950057
ENSDARG00000098475	0.29325768229097465	491	other	0.04264744202206202
ENSDARG00000098481	0.1257442083364516	996	other	0.08651090072092417
ENSDARG00000098485	0.10577061965167753	1425	high zero count	0.12377312603144272
ENSDARG00000098486	0.7986774964317791	834	other	0.07243985060366542
ENSDARG00000098507	0.5602629664795019	41	other	0.0035611916963432643
ENSDARG00000098508	0.34214307042152625	604	other	0.05246243377052028
ENSDARG00000098526	0.16914493095223804	3476	high zero count	0.30191956918266305
ENSDARG00000098529	0.8305592695123365	42	other	0.003648050030400417
ENSDARG00000098530	-0.22747679758363298	1294	high zero count	0.1123946842699557
ENSDARG00000098537	-0.1086419563129729	168	other	0.014592200121601668
ENSDARG00000098544	0.45363529254889357	144	other	0.01250760010423
ENSDARG00000098557	1.9695494353399723	595	other	0.051680708764005906
ENSDARG00000098573	0.20938933208439173	1628	high zero count	0.14140536784504473
ENSDARG00000098574	1.7182793803110505	1	other	8.685833405715279e-5
ENSDARG00000098578	0.10208531804530524	579	other	0.050290975419091465
ENSDARG00000098583	1.2154013811917246	39	other	0.0033874750282289587
ENSDARG00000098584	1.5079864384165969	488	other	0.042386867019890556
ENSDARG00000098585	1.787137057163259	730	other	0.06340658386172153
ENSDARG00000098588	0.4922404639379683	3684	high zero count	0.31998610266655086
ENSDARG00000098589	1.3947787132543672	241	other	0.02093285850777382
ENSDARG00000098591	3.248541602383993	21	other	0.0018240250152002084
ENSDARG00000098592	0.7469447510405551	43	other	0.00373490836445757
ENSDARG00000098597	0.26122731472882976	412	other	0.035785633631546944
ENSDARG00000098600	0.40906481688064966	628	other	0.05454703378789195
ENSDARG00000098605	0.1736694550815268	1797	high zero count	0.15608442630070354
ENSDARG00000098608	1.7034753759955765	991	other	0.08607660905063841
ENSDARG00000098612	0.07014812478751932	3666	high zero count	0.3184226526535221
ENSDARG00000098613	0.4759099916489066	295	other	0.025623208546860073
ENSDARG00000098622	0.3511089933741781	247	other	0.021454008512116738
ENSDARG00000098623	0.020772087098616974	311	other	0.027012941891774517
ENSDARG00000098627	1.9977517604341537	3	other	2.6057500217145836e-4
ENSDARG00000098628	0.9110001084420287	1669	high zero count	0.14496655954138798
ENSDARG00000098635	0.8560515460074101	151	other	0.01311560844263007
ENSDARG00000098639	1.1688412023072214	7	other	6.080083384000695e-4
ENSDARG00000098644	0.09255427702682027	268	other	0.023278033527316947
ENSDARG00000098645	1.157817713495285	617	other	0.05359159211326327
ENSDARG00000098646	0.8722976612821973	183	other	0.01589507513245896
ENSDARG00000098647	-0.19521334957329908	404	other	0.03509076695908973
ENSDARG00000098652	0.3120132242145216	258	other	0.02240945018674542
ENSDARG00000098660	0.41500986956123814	171	other	0.014852775123773126
ENSDARG00000098662	0.08687544500674056	3278	high zero count	0.28472161903934684
ENSDARG00000098666	0.5596533657836428	232	other	0.020151133501259445
ENSDARG00000098667	0.2520336773916985	297	other	0.025796925214974377
ENSDARG00000098670	0.7805922068269715	819	other	0.07113697559280813
ENSDARG00000098671	0.7370953469232363	33	other	0.002866325023886042
ENSDARG00000098673	0.5515467160670067	1882	high zero count	0.16346738469556155
ENSDARG00000098680	0.10334413904784119	209	other	0.018153391817944932
ENSDARG00000098681	0.5034491531254845	251	other	0.02180144184834535
ENSDARG00000098688	0.5288290795960874	694	other	0.06027968383566403
ENSDARG00000098691	0.9502703262690959	309	other	0.02683922522366021
ENSDARG00000098694	0.23951607668906308	1800	high zero count	0.15634500130287501
ENSDARG00000098696	-0.10667172417374109	2070	high zero count	0.17979675149830626
ENSDARG00000098700	0.44762474811262776	1079	high zero count	0.09372014244766785
ENSDARG00000098702	0.8280523159617992	915	other	0.0794753756622948
ENSDARG00000098711	-0.1250501740918843	1414	high zero count	0.12281768435681403
ENSDARG00000098722	0.38266387206808317	949	other	0.08242855902023799
ENSDARG00000098724	0.34595861324291527	547	other	0.047511508729262575
ENSDARG00000098726	-0.07257745602410821	299	other	0.02597064188308868
ENSDARG00000098730	0.2167712094589496	1256	high zero count	0.1090940675757839
ENSDARG00000098734	-0.17067484593237725	264	other	0.022930600191088335
ENSDARG00000098746	0.9165924313154893	1207	high zero count	0.10483800920698341
ENSDARG00000098753	1.2975072831658923	9	other	7.81725006514375e-4
ENSDARG00000098761	0.2331420072157014	2055	high zero count	0.17849387648744897
ENSDARG00000098764	0.15031316215913645	222	other	0.019282550160687917
ENSDARG00000098766	0.6526089127844009	47	other	0.004082341700686181
ENSDARG00000098769	0.3044863742107231	1449	high zero count	0.12585772604881437
ENSDARG00000098771	0.1337915375192158	2078	high zero count	0.18049161817076348
ENSDARG00000098772	-0.05673990052489464	2382	high zero count	0.20689655172413793
ENSDARG00000098780	-0.09024087521577122	653	other	0.056718492139320766
ENSDARG00000098782	0.2549412582991175	1467	high zero count	0.12742117606184314
ENSDARG00000098783	0.8083417854291901	13	other	0.0011291583427429862
ENSDARG00000098785	1.0644084521827295	45	other	0.0039086250325718755
ENSDARG00000098786	0.23151418425108095	63	other	0.0054720750456006256
ENSDARG00000098788	0.6368957950342549	160	other	0.013897333449144445
ENSDARG00000098800	1.1780899084726568	1561	high zero count	0.1355858594632155
ENSDARG00000098801	-0.08435809547597597	2034	high zero count	0.17666985147224876
ENSDARG00000098802	0.4840617584811196	24	other	0.002084600017371667
ENSDARG00000098809	0.5037056999397569	935	other	0.08121254234343785
ENSDARG00000098813	0.8831051984099161	114	other	0.009901850082515417
ENSDARG00000098817	0.8063148704167459	582	other	0.05055155042126292
ENSDARG00000098820	0.4486458571792235	822	other	0.07139755059497958
ENSDARG00000098821	0.4413335074253655	1199	high zero count	0.10414314253452618
ENSDARG00000098822	1.2791630588548994	68	other	0.005906366715886389
ENSDARG00000098825	1.1131608651992633	36	other	0.0031269000260575
ENSDARG00000098831	0.416792467469911	260	other	0.022583166854859723
ENSDARG00000098832	1.178457670575448	180	other	0.015634500130287502
ENSDARG00000098834	-0.09784741202340336	148	other	0.012855033440458612
ENSDARG00000098838	0.3728906053824684	791	other	0.06870494223920785
ENSDARG00000098841	0.044329780334659986	1664	high zero count	0.14453226787110224
ENSDARG00000098843	0.7876824768378213	709	other	0.06158255884652132
ENSDARG00000098845	0.17699692653313223	43	other	0.00373490836445757
ENSDARG00000098852	1.5100798213451843	331	other	0.02875010857291757
ENSDARG00000098853	0.9863855198658386	9	other	7.81725006514375e-4
ENSDARG00000098855	0.35584600443547365	423	other	0.036741075306175625
ENSDARG00000098856	-0.07151681796446879	205	other	0.01780595848171632
ENSDARG00000098859	-0.07860228533859347	753	other	0.06540432554503604
ENSDARG00000098871	-0.16924676319573323	1224	high zero count	0.10631460088595501
ENSDARG00000098874	0.519264598254451	94	other	0.008164683401372361
ENSDARG00000098880	0.5182657904778417	465	other	0.04038912533657604
ENSDARG00000098883	-0.06990503842263694	427	other	0.03708850864240424
ENSDARG00000098890	0.030036223952062558	2663	high zero count	0.23130374359419786
ENSDARG00000098892	0.22614871182691018	411	other	0.03569877529748979
ENSDARG00000098897	0.9440844603177639	9	other	7.81725006514375e-4
ENSDARG00000098903	0.3073547313135537	2498	high zero count	0.21697211847476766
ENSDARG00000098904	-0.13758312864158947	1431	high zero count	0.12429427603578563
ENSDARG00000098906	0.14455469754703462	788	other	0.0684443672370364
ENSDARG00000098907	0.12372469911833353	1514	high zero count	0.1315035177625293
ENSDARG00000098908	0.26204961301404534	1411	high zero count	0.12255710935464258
ENSDARG00000098911	0.16820123334710613	329	other	0.028576391904803267
ENSDARG00000098916	0.19776645229666456	286	other	0.024841483540345696
ENSDARG00000098919	-0.015470571835204547	74	other	0.006427516720229306
ENSDARG00000098924	0.6909611849770809	392	other	0.034048466950403894
ENSDARG00000098932	0.5407475686177026	199	other	0.017284808477373403
ENSDARG00000098934	0.7134809912894774	170	other	0.014765916789715974
ENSDARG00000098935	1.390238155174175	47	other	0.004082341700686181
ENSDARG00000098936	0.6589480440504627	1141	high zero count	0.09910535915921133
ENSDARG00000098941	0.638585492260557	421	other	0.03656735863806132
ENSDARG00000098942	0.35692558958407844	95	other	0.008251541735429515
ENSDARG00000098946	0.6789471648769736	976	other	0.08477373403978111
ENSDARG00000098954	0.33758329345697724	944	other	0.08199426734995223
ENSDARG00000098967	0.3353304868440684	56	other	0.004864066707200556
ENSDARG00000098968	-0.0788672202971225	82	other	0.007122383392686529
ENSDARG00000098971	-0.10371470394127814	553	other	0.04803265873360549
ENSDARG00000098972	0.3368838909454992	369	other	0.03205072526708938
ENSDARG00000098989	1.232968843923171	796	other	0.06913923390949361
ENSDARG00000098990	1.3808124917210558	1961	high zero count	0.1703291930860766
ENSDARG00000098992	0.22134875025641745	552	other	0.047945800399548336
ENSDARG00000098999	0.2625072173553965	170	other	0.014765916789715974
ENSDARG00000099004	0.7236726374640251	76	other	0.006601233388343611
ENSDARG00000099005	0.13284146276318842	368	other	0.03196386693303222
ENSDARG00000099006	-0.10467604121673929	443	other	0.03847824198731868
ENSDARG00000099014	1.4316832953136058	808	other	0.07018153391817945
ENSDARG00000099021	0.47108144708476724	34	other	0.0029531833579431945
ENSDARG00000099022	3.0578991614342947	1	other	8.685833405715279e-5
ENSDARG00000099038	-0.22912150761701797	1320	high zero count	0.11465300095544168
ENSDARG00000099045	-0.03197642411504965	561	other	0.04872752540606271
ENSDARG00000099056	1.2116257781329847	1191	high zero count	0.10344827586206896
ENSDARG00000099069	-0.08954202068657707	3648	high zero count	0.31685920264049333
ENSDARG00000099078	-0.011471346159876368	1140	high zero count	0.09901850082515418
ENSDARG00000099079	0.6217437372925054	6	other	5.211500043429167e-4
ENSDARG00000099080	0.050166831832156276	113	other	0.009814991748458264
ENSDARG00000099091	2.420352785273436	54	other	0.00469035003908625
ENSDARG00000099093	0.10723717746786826	125	other	0.010857291757144097
ENSDARG00000099099	0.6938202990162909	730	other	0.06340658386172153
ENSDARG00000099101	0.38332556413093477	1012	other	0.08790063406583862
ENSDARG00000099104	3.0834035699608364	2	other	1.7371666811430558e-4
ENSDARG00000099106	-0.0049843973255412136	325	other	0.028228958568574655
ENSDARG00000099116	0.37601980241800803	367	other	0.03187700859897507
ENSDARG00000099117	0.26430784012601943	938	other	0.08147311734560932
ENSDARG00000099122	0.5227184512376066	181	other	0.015721358464344654
ENSDARG00000099124	0.1343132925344862	965	other	0.08381829236515244
ENSDARG00000099129	-0.1765591907862878	431	other	0.03743594197863285
ENSDARG00000099137	0.2796067238588294	572	other	0.04968296708069139
ENSDARG00000099139	0.983210192964368	35	other	0.0030400416920003475
ENSDARG00000099143	0.6727439169780326	10	other	8.685833405715278e-4
ENSDARG00000099144	0.1075267550546961	1849	high zero count	0.16060105967167548
ENSDARG00000099148	1.3695554864658406	2	other	1.7371666811430558e-4
ENSDARG00000099154	2.4360592010586037	16	other	0.0013897333449144446
ENSDARG00000099155	0.7298974087252169	1901	high zero count	0.16511769304264745
ENSDARG00000099156	0.21430421037940803	1246	high zero count	0.10822548423521237
ENSDARG00000099160	0.3819854931151247	357	other	0.031008425258403544
ENSDARG00000099169	0.10535991979243722	427	other	0.03708850864240424
ENSDARG00000099175	2.555681546571246	3	other	2.6057500217145836e-4
ENSDARG00000099177	0.07400188324022744	3750	high zero count	0.32571875271432293
ENSDARG00000099184	0.8178062821292242	15	other	0.0013028750108572918
ENSDARG00000099186	1.4233943018873494	36	other	0.0031269000260575
ENSDARG00000099194	0.19845413646918442	69	other	0.005993225049943542
ENSDARG00000099195	0.9890908616118415	750	other	0.06514375054286459
ENSDARG00000099197	1.8665204667763258	113	other	0.009814991748458264
ENSDARG00000099200	1.2297477334844915	782	other	0.06792321723269348
ENSDARG00000099201	0.2772148470467825	1174	high zero count	0.10197168418309736
ENSDARG00000099203	1.2693259451557422	340	other	0.029531833579431947
ENSDARG00000099213	0.9854544223331199	14	other	0.001216016676800139
ENSDARG00000099220	0.1608455318595223	1223	high zero count	0.10622774255189786
ENSDARG00000099227	0.0586827060970003	350	other	0.030400416920003476
ENSDARG00000099235	-0.2125323782174689	296	other	0.025710066880917225
ENSDARG00000099236	0.807104133491874	72	other	0.006253800052115
ENSDARG00000099238	-0.1467760201387221	745	other	0.06470945887257883
ENSDARG00000099240	0.04144722746742012	3536	high zero count	0.30713106922609223
ENSDARG00000099241	2.142969753055399	5	other	4.342916702857639e-4
ENSDARG00000099245	0.1507298982212196	234	other	0.020324850169373753
ENSDARG00000099247	0.03414355794623684	541	other	0.046990358724919655
ENSDARG00000099252	0.055961413590167375	251	other	0.02180144184834535
ENSDARG00000099256	0.33907689519315043	9	other	7.81725006514375e-4
ENSDARG00000099258	0.3527280641337767	252	other	0.021888300182402502
ENSDARG00000099266	0.025255369216000884	309	other	0.02683922522366021
ENSDARG00000099269	0.6976559455833085	117	other	0.010162425084686877
ENSDARG00000099273	0.20977259567378462	706	other	0.061321983844349864
ENSDARG00000099279	0.8005806214790991	149	other	0.012941891774515765
ENSDARG00000099280	0.45253969893686935	228	other	0.019803700165030833
ENSDARG00000099281	0.8774621530345283	278	other	0.024146616867888476
ENSDARG00000099283	0.3116291209691261	143	other	0.012420741770172848
ENSDARG00000099291	0.40941044918601754	79	other	0.0068618083905150696
ENSDARG00000099294	-0.08624574039307527	124	other	0.010770433423086945
ENSDARG00000099298	0.3820229910454428	413	other	0.0358724919656041
ENSDARG00000099301	0.3776157222330119	218	other	0.018935116824459308
ENSDARG00000099306	1.2897045721867029	59	other	0.005124641709372014
ENSDARG00000099309	0.4493779654827631	314	other	0.027273516893945974
ENSDARG00000099312	1.5206561254774675	27	other	0.002345175019543125
ENSDARG00000099313	1.081846129328865	25	other	0.0021714583514288194
ENSDARG00000099315	0.045701717529052104	2408	high zero count	0.2091548684096239
ENSDARG00000099318	0.08155579487697806	670	other	0.058195083818292366
ENSDARG00000099321	0.44042194861920014	419	other	0.036393641969947016
ENSDARG00000099322	0.3623681478138748	220	other	0.019108833492573613
ENSDARG00000099323	0.3264482469762375	1416	high zero count	0.12299140102492834
ENSDARG00000099329	0.4504022440114277	182	other	0.015808216798401806
ENSDARG00000099331	0.9122565452410056	1787	high zero count	0.15521584296013202
ENSDARG00000099336	0.17815772258200305	1021	other	0.08868235907235299
ENSDARG00000099339	0.32516819827194765	133	other	0.01155215842960132
ENSDARG00000099345	-0.19460275458247633	582	other	0.05055155042126292
ENSDARG00000099351	0.886421167006139	360	other	0.031269000260575004
ENSDARG00000099352	-0.027709548555008408	1166	high zero count	0.10127681751064015
ENSDARG00000099355	0.6183994257427397	419	other	0.036393641969947016
ENSDARG00000099358	0.45428555472659143	206	other	0.017892816815773472
ENSDARG00000099359	0.6767986631079703	677	other	0.05880309215669244
ENSDARG00000099368	0.07090805523477424	552	other	0.047945800399548336
ENSDARG00000099371	0.7760338635193429	126	other	0.010944150091201251
ENSDARG00000099372	1.7641396742959023	195	other	0.01693737514114479
ENSDARG00000099373	-0.03980283383025336	2385	high zero count	0.2071571267263094
ENSDARG00000099374	0.5374728983286998	1451	high zero count	0.12603144271692868
ENSDARG00000099375	0.4099260920688077	869	other	0.07547989229566576
ENSDARG00000099377	0.6823113365848009	408	other	0.035438200295318335
ENSDARG00000099380	3.4350607146586185	1	other	8.685833405715279e-5
ENSDARG00000099383	0.1768578785458022	1245	high zero count	0.10813862590115522
ENSDARG00000099385	0.6833032188888433	43	other	0.00373490836445757
ENSDARG00000099389	1.2481719085239082	123	other	0.010683575089029793
ENSDARG00000099404	0.4647826267972718	1741	high zero count	0.151220359593503
ENSDARG00000099411	0.09793598457446101	1302	high zero count	0.11308955094241292
ENSDARG00000099418	0.8234090834900026	272	other	0.023625466863545556
ENSDARG00000099420	0.9452927892051255	390	other	0.03387475028228958
ENSDARG00000099423	0.08513972149526686	606	other	0.05263615043863459
ENSDARG00000099425	0.8264219580681262	1174	high zero count	0.10197168418309736
ENSDARG00000099428	0.027197223837296558	424	other	0.036827933640232784
ENSDARG00000099430	1.1834433821314527	78	other	0.006774950056457917
ENSDARG00000099432	0.19627291001995548	380	other	0.03300616694171806
ENSDARG00000099433	0.733799287365022	1312	high zero count	0.11395813428298446
ENSDARG00000099439	2.1096776525559093	18	other	0.00156345001302875
ENSDARG00000099441	0.0055029893385959375	934	other	0.0811256840093807
ENSDARG00000099445	0.15576565892578953	60	other	0.005211500043429167
ENSDARG00000099446	0.03258033708135101	1537	high zero count	0.13350125944584382
ENSDARG00000099448	0.30726884109564917	236	other	0.020498566837488057
ENSDARG00000099449	0.0888843294338134	114	other	0.009901850082515417
ENSDARG00000099453	1.0727278993603573	59	other	0.005124641709372014
ENSDARG00000099455	0.7563891748630914	66	other	0.005732650047772084
ENSDARG00000099458	0.36738609181622184	22	other	0.0019108833492573613
ENSDARG00000099464	0.7023134347034272	275	other	0.023886041865717016
ENSDARG00000099465	0.2233380098628614	155	other	0.013463041778858681
ENSDARG00000099469	0.44291942511578597	856	other	0.07435073395292278
ENSDARG00000099476	0.6373100034344935	2618	high zero count	0.22739511856162598
ENSDARG00000099478	0.57357349576381	70	other	0.006080083384000695
ENSDARG00000099491	1.1337257032616694	389	other	0.03378789194823243
ENSDARG00000099493	1.9503416543056398	210	other	0.018240250152002084
ENSDARG00000099510	1.4567519430642286	128	other	0.011117866759315557
ENSDARG00000099515	0.12632789208064732	1622	high zero count	0.14088421784070182
ENSDARG00000099516	0.004160590312813687	3783	high zero count	0.328585077738209
ENSDARG00000099517	0.21593098833612154	123	other	0.010683575089029793
ENSDARG00000099518	0.05335623799478247	423	other	0.036741075306175625
ENSDARG00000099519	0.4450726423518321	162	other	0.014071050117258751
ENSDARG00000099522	0.9361615494129633	584	other	0.050725267089377225
ENSDARG00000099527	0.09081847804818692	1816	high zero count	0.15773473464778945
ENSDARG00000099528	0.3040317579439524	67	other	0.005819508381829237
ENSDARG00000099532	1.5437846834893785	148	other	0.012855033440458612
ENSDARG00000099541	-0.03639309006431374	475	other	0.04125770867714757
ENSDARG00000099545	0.15318342701145246	1434	high zero count	0.12455485103795709
ENSDARG00000099546	0.3720736408735395	698	other	0.06062711717189264
ENSDARG00000099547	0.5639535227560755	3325	high zero count	0.288803960740033
ENSDARG00000099555	0.597924294012768	278	other	0.024146616867888476
ENSDARG00000099560	0.23458191455198107	1028	other	0.08929036741075307
ENSDARG00000099563	0.20538114663173523	2042	high zero count	0.17736471814470597
ENSDARG00000099566	0.1632036548145843	1586	high zero count	0.13775731781464431
ENSDARG00000099568	0.9422247836524442	34	other	0.0029531833579431945
ENSDARG00000099572	2.764521156208141	8	other	6.948666724572223e-4
ENSDARG00000099577	0.71096132139969	687	other	0.05967167549726396
ENSDARG00000099579	0.91484275849903	24	other	0.002084600017371667
ENSDARG00000099583	0.49681115223491845	259	other	0.02249630852080257
ENSDARG00000099586	0.5666699934068187	1311	high zero count	0.1138712759489273
ENSDARG00000099593	0.07980446932075591	166	other	0.014418483453487362
ENSDARG00000099596	-0.09019001969711202	1615	high zero count	0.14027620950230174
ENSDARG00000099614	0.47153056212686617	139	other	0.012073308433944238
ENSDARG00000099616	0.7102988466256449	1718	high zero count	0.14922261791018848
ENSDARG00000099617	0.2969117529558856	870	other	0.07556675062972293
ENSDARG00000099621	-0.1318951706938506	1588	high zero count	0.13793103448275862
ENSDARG00000099624	1.4174594404428165	23	other	0.001997741683314514
ENSDARG00000099630	0.2159185595665629	1768	high zero count	0.15356553461304612
ENSDARG00000099631	1.0804112992356063	73	other	0.006340658386172153
ENSDARG00000099633	0.7036070986013884	1344	high zero count	0.11673760097281334
ENSDARG00000099635	1.9159989376887288	6	other	5.211500043429167e-4
ENSDARG00000099640	0.6387017673199312	52	other	0.004516633370971945
ENSDARG00000099642	0.5310386431281199	811	other	0.07044210892035091
ENSDARG00000099645	0.021242344143441217	247	other	0.021454008512116738
ENSDARG00000099651	1.0067945260120077	52	other	0.004516633370971945
ENSDARG00000099652	0.5106804523807137	73	other	0.006340658386172153
ENSDARG00000099653	0.878350817709272	26	other	0.0022583166854859725
ENSDARG00000099663	1.534844812501401	24	other	0.002084600017371667
ENSDARG00000099664	1.8049636604637103	34	other	0.0029531833579431945
ENSDARG00000099667	1.252083092430091	76	other	0.006601233388343611
ENSDARG00000099672	0.7231140640548072	198	other	0.01719795014331625
ENSDARG00000099677	0.5833723795032832	1052	high zero count	0.09137496742812473
ENSDARG00000099679	0.26965126611312035	508	other	0.04412403370103361
ENSDARG00000099692	0.6150557702510134	283	other	0.024580908538174236
ENSDARG00000099694	-0.08052738852276085	424	other	0.036827933640232784
ENSDARG00000099695	0.5038125650214431	433	other	0.03760965864674715
ENSDARG00000099699	1.147121871502922	596	other	0.05176756709806306
ENSDARG00000099705	-0.16171269428840496	1005	other	0.08729262572743855
ENSDARG00000099710	0.7684358170849478	771	other	0.0669677755580648
ENSDARG00000099722	0.836862213665559	592	other	0.05142013376183445
ENSDARG00000099724	0.20465804094928855	276	other	0.023972900199774168
ENSDARG00000099727	-0.17710554970900702	1193	high zero count	0.10362199253018327
ENSDARG00000099728	0.01567004781477913	3133	high zero count	0.2721271606010597
ENSDARG00000099729	0.3350336576051205	601	other	0.052201858768348826
ENSDARG00000099730	1.793726392796066	428	other	0.03717536697646139
ENSDARG00000099732	0.10582224477686537	1458	high zero count	0.12663945105532876
ENSDARG00000099733	-0.1636032033260007	206	other	0.017892816815773472
ENSDARG00000099738	0.7029458715930761	1336	high zero count	0.11604273430035612
ENSDARG00000099741	0.5002984691631308	790	other	0.0686180839051507
ENSDARG00000099742	0.7609139846183166	132	other	0.011465300095544168
ENSDARG00000099743	0.4366657508506057	1252	high zero count	0.10874663423955529
ENSDARG00000099744	0.419011943243903	625	other	0.05428645878572049
ENSDARG00000099745	0.20843584240916785	36	other	0.0031269000260575
ENSDARG00000099746	0.6935034965381803	3670	high zero count	0.3187700859897507
ENSDARG00000099749	1.392797517555007	223	other	0.019369408494745072
ENSDARG00000099751	-0.02070304795353297	1265	high zero count	0.10987579258229827
ENSDARG00000099753	-0.05114249703705821	165	other	0.01433162511943021
ENSDARG00000099757	-0.22070287859838397	1572	high zero count	0.13654130113784418
ENSDARG00000099758	1.1033166539857246	334	other	0.02901068357508903
ENSDARG00000099761	0.23262954964016697	2433	high zero count	0.21132632676105273
ENSDARG00000099766	2.993386060740005	4	other	3.4743333622861116e-4
ENSDARG00000099767	0.08600046661074304	2124	high zero count	0.1844871015373925
ENSDARG00000099768	0.05794293471292404	589	other	0.05115955875966299
ENSDARG00000099771	0.1770676031689734	160	other	0.013897333449144445
ENSDARG00000099772	0.739708800498895	943	other	0.08190740901589508
ENSDARG00000099774	0.17856282563276515	162	other	0.014071050117258751
ENSDARG00000099776	2.0888507297226453	40	other	0.0034743333622861113
ENSDARG00000099779	-0.06095713566788218	104	other	0.00903326674194389
ENSDARG00000099786	1.2429426671371868	48	other	0.004169200034743334
ENSDARG00000099793	0.3726807361598665	527	other	0.04577434204811952
ENSDARG00000099798	0.376923727058594	21	other	0.0018240250152002084
ENSDARG00000099799	-0.02712837729742129	576	other	0.05003040041692
ENSDARG00000099812	0.09057505952223624	2056	high zero count	0.17858073482150613
ENSDARG00000099814	0.6028815252412184	659	other	0.057239642143663685
ENSDARG00000099817	0.21917699251889977	3094	high zero count	0.26873968557283073
ENSDARG00000099819	0.44823577284671584	2071	high zero count	0.17988360983236343
ENSDARG00000099833	0.7244889532019502	822	other	0.07139755059497958
ENSDARG00000099839	0.28002640089736924	585	other	0.05081212542343438
ENSDARG00000099840	0.14072161990943186	1172	high zero count	0.10179796751498306
ENSDARG00000099843	0.6314123827438373	193	other	0.016763658473030487
ENSDARG00000099845	1.570160954818413	1988	high zero count	0.17267436810561973
ENSDARG00000099846	-0.03175771717402202	65	other	0.005645791713714931
ENSDARG00000099849	-0.1737297519868602	474	other	0.04117085034309042
ENSDARG00000099850	0.0725024139686336	375	other	0.03257187527143229
ENSDARG00000099860	1.1217268264707556	1051	high zero count	0.09128810909406758
ENSDARG00000099865	2.5425384237827786	2	other	1.7371666811430558e-4
ENSDARG00000099870	0.10004532910256375	463	other	0.04021540866846174
ENSDARG00000099871	-0.08707334080949036	1666	high zero count	0.14470598453921654
ENSDARG00000099874	0.897872510231678	1808	high zero count	0.15703986797533223
ENSDARG00000099876	1.0787375205357472	702	other	0.060974550508121256
ENSDARG00000099885	-0.027962938520417233	137	other	0.011899591765829932
ENSDARG00000099888	0.10989344956719378	986	other	0.08564231738035265
ENSDARG00000099889	-0.22356537712285868	654	other	0.05680535047337792
ENSDARG00000099898	-0.15815798956165422	564	other	0.04898810040823417
ENSDARG00000099900	0.2614720401412906	162	other	0.014071050117258751
ENSDARG00000099902	0.36383379260548526	1335	high zero count	0.11595587596629897
ENSDARG00000099903	-0.2178292180676309	434	other	0.037696516980804305
ENSDARG00000099913	0.10620609345667315	1164	high zero count	0.10110310084252584
ENSDARG00000099917	0.024386767240411604	423	other	0.036741075306175625
ENSDARG00000099918	0.7673854518833557	97	other	0.00842525840354382
ENSDARG00000099921	0.049290273373713514	105	other	0.009120125076001042
ENSDARG00000099923	0.282589194252148	210	other	0.018240250152002084
ENSDARG00000099930	-0.26194564944488014	1247	high zero count	0.10831234256926953
ENSDARG00000099945	0.19156837678510782	553	other	0.04803265873360549
ENSDARG00000099946	0.11467973005187769	1567	high zero count	0.1361070094675584
ENSDARG00000099950	2.3871820361369447	16	other	0.0013897333449144446
ENSDARG00000099954	1.0138440908456519	95	other	0.008251541735429515
ENSDARG00000099959	0.3561785498935578	600	other	0.052115000434291674
ENSDARG00000099960	0.4898039645768122	503	other	0.04368974203074785
ENSDARG00000099961	0.6030286001300914	2552	high zero count	0.2216624685138539
ENSDARG00000099964	-0.13307720218379074	930	other	0.08077825067315209
ENSDARG00000099966	1.0151838355033271	1	other	8.685833405715279e-5
ENSDARG00000099970	2.974043953682703	46	other	0.003995483366629028
ENSDARG00000099972	0.7878120342782993	36	other	0.0031269000260575
ENSDARG00000099973	0.2658419933015247	135	other	0.011725875097715626
ENSDARG00000099974	0.9688935143114219	528	other	0.04586120038217667
ENSDARG00000099981	0.05024420433983598	1877	high zero count	0.16303309302527577
ENSDARG00000099985	0.6411157446950928	1319	high zero count	0.11456614262138452
ENSDARG00000099986	0.005833512109504333	2984	high zero count	0.2591852688265439
ENSDARG00000099995	-0.051085219890038724	575	other	0.04994354208286285
ENSDARG00000099996	0.6991578246666748	42	other	0.003648050030400417
ENSDARG00000099997	1.0007266865910607	696	other	0.060453400503778336
ENSDARG00000099999	1.610217631521963	12	other	0.0010423000086858334
ENSDARG00000100000	-0.0587137663970401	408	other	0.035438200295318335
ENSDARG00000100001	0.1395921869134007	1488	high zero count	0.12924520107704335
ENSDARG00000100003	1.3175953254171309	21	other	0.0018240250152002084
ENSDARG00000100011	0.5964672575581085	728	other	0.06323286719360723
ENSDARG00000100013	0.4765293555495277	34	other	0.0029531833579431945
ENSDARG00000100019	0.23042799631125394	330	other	0.02866325023886042
ENSDARG00000100020	1.8491087637370174	51	other	0.004429775036914792
ENSDARG00000100025	0.10480492786277529	568	other	0.049335533744462784
ENSDARG00000100028	0.15735909881828986	1110	high zero count	0.09641275080343958
ENSDARG00000100031	0.4749510169269076	195	other	0.01693737514114479
ENSDARG00000100037	0.050578286235233506	882	other	0.07660905063840875
ENSDARG00000100041	0.28670590607905905	1352	high zero count	0.11743246764527056
ENSDARG00000100047	0.1303160394498092	901	other	0.07825935898549466
ENSDARG00000100055	0.06690729369119341	512	other	0.04447146703726223
ENSDARG00000100056	0.16894212281813242	202	other	0.017545383479544863
ENSDARG00000100057	0.4633520520307708	25	other	0.0021714583514288194
ENSDARG00000100060	0.3500688487060119	558	other	0.048466950403891255
ENSDARG00000100065	0.414093838194845	303	other	0.026318075219317293
ENSDARG00000100072	0.5724044977326084	51	other	0.004429775036914792
ENSDARG00000100073	-0.17048892776085042	1623	high zero count	0.14097107617475896
ENSDARG00000100082	0.08537738917927014	107	other	0.009293841744115348
ENSDARG00000100083	0.8230658463729155	35	other	0.0030400416920003475
ENSDARG00000100088	0.35005687542832614	29	other	0.0025188916876574307
ENSDARG00000100093	0.651274863913468	560	other	0.04864066707200556
ENSDARG00000100095	0.8837702530138228	221	other	0.019195691826630765
ENSDARG00000100096	0.46844845743794067	982	other	0.08529488404412404
ENSDARG00000100097	-0.23047680020132	1165	high zero count	0.101189959176583
ENSDARG00000100104	0.09666388898836345	2072	high zero count	0.17997046816642057
ENSDARG00000100108	0.9624727700753466	24	other	0.002084600017371667
ENSDARG00000100114	1.2411761633177096	14	other	0.001216016676800139
ENSDARG00000100116	0.6847870017413682	185	other	0.016068791800573266
ENSDARG00000100119	0.7452670060504185	227	other	0.01971684183097368
ENSDARG00000100129	0.9106300627809428	7	other	6.080083384000695e-4
ENSDARG00000100131	0.8654622183755877	131	other	0.011378441761487015
ENSDARG00000100132	0.0707303038011046	697	other	0.06054025883783549
ENSDARG00000100133	0.5061770748095588	418	other	0.036306783635889864
ENSDARG00000100136	0.44987788908775633	17	other	0.0014765916789715972
ENSDARG00000100149	0.7360691963799639	13	other	0.0011291583427429862
ENSDARG00000100151	0.22234587536388123	26	other	0.0022583166854859725
ENSDARG00000100164	0.038821008977170494	1419	high zero count	0.1232519760270998
ENSDARG00000100170	1.4566923021567275	322	other	0.027968383566403198
ENSDARG00000100179	-0.2119308425561366	1814	high zero count	0.15756101797967514
ENSDARG00000100186	0.17933705949644546	226	other	0.01962998349691653
ENSDARG00000100188	2.276296071950429	980	other	0.08512116737600973
ENSDARG00000100199	0.5095587390878156	242	other	0.021019716841830974
ENSDARG00000100206	-0.017020847786733205	131	other	0.011378441761487015
ENSDARG00000100209	1.086832669974974	15	other	0.0013028750108572918
ENSDARG00000100222	1.0677328991321626	64	other	0.005558933379657779
ENSDARG00000100223	0.6870629518133781	187	other	0.01624250846868757
ENSDARG00000100225	-0.0257355532831782	154	other	0.013376183444801529
ENSDARG00000100227	0.4907881023232037	82	other	0.007122383392686529
ENSDARG00000100229	-0.1372733978584404	1709	high zero count	0.1484408929036741
ENSDARG00000100234	1.2432022605889734	825	other	0.07165812559715104
ENSDARG00000100236	-0.046770617360506556	343	other	0.029792408581603404
ENSDARG00000100242	0.2631805112014341	1230	high zero count	0.10683575089029793
ENSDARG00000100244	0.6871273629821497	289	other	0.025102058542517156
ENSDARG00000100246	0.3085960493012244	747	other	0.06488317554069313
ENSDARG00000100256	0.5021439094302482	376	other	0.032658733605489446
ENSDARG00000100260	0.20140923714267087	990	other	0.08598975071658126
ENSDARG00000100261	-0.22473951125695282	970	other	0.0842525840354382
ENSDARG00000100264	0.44802282217355643	141	other	0.012247025102058542
ENSDARG00000100269	-0.19829642062839292	897	other	0.07791192564926605
ENSDARG00000100270	0.6067976896549583	1848	high zero count	0.16051420133761835
ENSDARG00000100274	-0.02096400366364993	1914	high zero count	0.16624685138539042
ENSDARG00000100293	0.5057313377237503	352	other	0.03057413358811778
ENSDARG00000100294	0.4504437486971987	559	other	0.04855380873794841
ENSDARG00000100296	0.7810122749767829	822	other	0.07139755059497958
ENSDARG00000100301	0.11203411629270313	818	other	0.07105011725875097
ENSDARG00000100303	0.5593779467418287	1608	high zero count	0.1396682011639017
ENSDARG00000100311	0.17747654682126893	526	other	0.045687483714062366
ENSDARG00000100312	-0.1355886554944982	1973	high zero count	0.17137149309476243
ENSDARG00000100313	0.4818200679928569	261	other	0.022670025188916875
ENSDARG00000100317	0.7551582973542852	33	other	0.002866325023886042
ENSDARG00000100324	0.35030859350040056	1715	high zero count	0.148962042908017
ENSDARG00000100331	0.29328743946326197	1265	high zero count	0.10987579258229827
ENSDARG00000100332	0.8043970803561129	1014	other	0.08807435073395292
ENSDARG00000100342	-0.003126505764854897	408	other	0.035438200295318335
ENSDARG00000100349	1.6389657434198033	501	other	0.04351602536263355
ENSDARG00000100352	0.10039880762775348	1083	high zero count	0.09406757578389646
ENSDARG00000100359	0.9538017555548322	23	other	0.001997741683314514
ENSDARG00000100363	1.1864337971018142	8	other	6.948666724572223e-4
ENSDARG00000100366	0.7540883315541272	310	other	0.026926083557717362
ENSDARG00000100371	3.576386919956674	1	other	8.685833405715279e-5
ENSDARG00000100372	0.2741238469950156	372	other	0.03231130026926084
ENSDARG00000100374	0.9205077519728859	35	other	0.0030400416920003475
ENSDARG00000100376	0.22149649519406162	77	other	0.006688091722400764
ENSDARG00000100377	0.4943960651013053	404	other	0.03509076695908973
ENSDARG00000100385	0.27382751943095796	1254	high zero count	0.10892035090766959
ENSDARG00000100388	0.40260164272955834	1423	high zero count	0.12359940936332842
ENSDARG00000100394	0.482651487632611	82	other	0.007122383392686529
ENSDARG00000100396	0.026923513055938007	1046	other	0.09085381742378182
ENSDARG00000100398	-0.021842075746127863	250	other	0.021714583514288194
ENSDARG00000100400	-0.13680663202408938	1398	high zero count	0.1214279510118996
ENSDARG00000100402	-0.14166905427975748	1899	high zero count	0.16494397637453315
ENSDARG00000100406	0.3617690102620345	1002	other	0.0870320507252671
ENSDARG00000100407	0.7152565853246002	207	other	0.017979675149830628
ENSDARG00000100409	0.7846075108765211	102	other	0.008859550073829584
ENSDARG00000100412	-0.09491623094758764	955	other	0.0829497090245809
ENSDARG00000100419	0.8163490303117018	17	other	0.0014765916789715972
ENSDARG00000100422	0.19180286052801374	2810	high zero count	0.24407191870059933
ENSDARG00000100427	-0.1239344980956743	272	other	0.023625466863545556
ENSDARG00000100435	0.8128650649192316	124	other	0.010770433423086945
ENSDARG00000100442	0.10923758526441162	1299	high zero count	0.11282897594024147
ENSDARG00000100443	-0.10448257482735589	1616	high zero count	0.1403630678363589
ENSDARG00000100446	0.28243740372720216	148	other	0.012855033440458612
ENSDARG00000100452	1.9830412228170076	5	other	4.342916702857639e-4
ENSDARG00000100455	0.11892232532703943	192	other	0.016676800138973335
ENSDARG00000100456	0.08334695845458932	1275	high zero count	0.1107443759228698
ENSDARG00000100465	0.19488210494210714	305	other	0.026491791887431598
ENSDARG00000100470	-0.16590016816714326	3717	high zero count	0.32285242769043687
ENSDARG00000100478	1.9994385851029097	1337	high zero count	0.11612959263441328
ENSDARG00000100479	0.3051529957599599	1341	high zero count	0.11647702597064188
ENSDARG00000100481	-0.087357545776083	64	other	0.005558933379657779
ENSDARG00000100482	1.089117174885902	513	other	0.04455832537131938
ENSDARG00000100483	-0.08307791372178752	1145	high zero count	0.09945279249543994
ENSDARG00000100487	0.49024830238129813	926	other	0.08043081733692348
ENSDARG00000100492	1.0430345498850768	1868	high zero count	0.1622513680187614
ENSDARG00000100494	0.31251731582306097	31	other	0.0026926083557717363
ENSDARG00000100498	0.3335266054319926	847	other	0.0735690089464084
ENSDARG00000100499	0.4553630090080925	10	other	8.685833405715278e-4
ENSDARG00000100503	0.7937617189016541	70	other	0.006080083384000695
ENSDARG00000100504	2.2318219178368515	565	other	0.04907495874229132
ENSDARG00000100505	0.3152719181532275	56	other	0.004864066707200556
ENSDARG00000100508	0.3672307290256433	39	other	0.0033874750282289587
ENSDARG00000100513	1.467889883654271	94	other	0.008164683401372361
ENSDARG00000100514	0.6010061244460922	264	other	0.022930600191088335
ENSDARG00000100515	1.6681045283715716	125	other	0.010857291757144097
ENSDARG00000100519	0.8791374633197809	100	other	0.008685833405715278
ENSDARG00000100524	0.8893998283941437	386	other	0.033527316946060974
ENSDARG00000100529	0.7043992212778035	241	other	0.02093285850777382
ENSDARG00000100531	0.20605772599596092	1340	high zero count	0.11639016763658473
ENSDARG00000100536	0.5001088017851533	32	other	0.0027794666898288893
ENSDARG00000100553	1.5419824269751055	4	other	3.4743333622861116e-4
ENSDARG00000100555	0.6725684890899483	226	other	0.01962998349691653
ENSDARG00000100556	0.2492394313443678	1142	high zero count	0.09919221749326848
ENSDARG00000100558	0.9716517476578029	72	other	0.006253800052115
ENSDARG00000100560	-0.1444579589400125	1013	other	0.08798749239989577
ENSDARG00000100562	0.6292886329853851	14	other	0.001216016676800139
ENSDARG00000100563	0.21071808165752842	760	other	0.06601233388343612
ENSDARG00000100564	0.2875116816678539	285	other	0.024754625206288544
ENSDARG00000100573	0.5017733300638302	666	other	0.05784765048206376
ENSDARG00000100577	0.2608410061996367	526	other	0.045687483714062366
ENSDARG00000100582	1.6739793987878722	263	other	0.022843741857031183
ENSDARG00000100584	0.025810323462059526	1658	high zero count	0.14401111786675933
ENSDARG00000100585	0.8949381171058018	83	other	0.007209241726743681
ENSDARG00000100588	3.5391285350414496	5	other	4.342916702857639e-4
ENSDARG00000100594	0.17622506907019753	186	other	0.01615565013463042
ENSDARG00000100596	0.020809403184111962	1002	other	0.0870320507252671
ENSDARG00000100620	-0.20299473825704945	727	other	0.06314600885955007
ENSDARG00000100623	0.9696001292602996	27	other	0.002345175019543125
ENSDARG00000100624	0.40937199476151653	216	other	0.018761400156345
ENSDARG00000100633	0.5240357513786129	13	other	0.0011291583427429862
ENSDARG00000100635	0.1417506359537076	3650	high zero count	0.31703291930860766
ENSDARG00000100636	0.736221942138528	31	other	0.0026926083557717363
ENSDARG00000100642	-0.023724215461834595	248	other	0.02154086684617389
ENSDARG00000100651	0.902643213379699	102	other	0.008859550073829584
ENSDARG00000100666	0.32464935189123056	31	other	0.0026926083557717363
ENSDARG00000100669	0.266935786383484	1689	high zero count	0.14670372622253106
ENSDARG00000100677	0.18205953944778214	452	other	0.03925996699383306
ENSDARG00000100679	-0.06321844127779765	1895	high zero count	0.16459654303830454
ENSDARG00000100691	0.3304301908873541	817	other	0.07096325892469382
ENSDARG00000100693	-0.14946560341226103	328	other	0.028489533570746114
ENSDARG00000100697	0.9214225538076672	101	other	0.008772691739772432
ENSDARG00000100698	0.31778878440646685	565	other	0.04907495874229132
ENSDARG00000100708	0.7070217319139336	170	other	0.014765916789715974
ENSDARG00000100712	0.3957431008700267	1215	high zero count	0.10553287587944063
ENSDARG00000100715	0.5657597149508518	947	other	0.08225484235212369
ENSDARG00000100718	0.18555762817522012	1447	high zero count	0.12568400938070007
ENSDARG00000100719	0.8877382792143129	1439	high zero count	0.12498914270824285
ENSDARG00000100722	0.22239739293094793	1539	high zero count	0.13367497611395812
ENSDARG00000100725	0.15292652492127537	1236	high zero count	0.10735690089464084
ENSDARG00000100729	1.325270607207453	13	other	0.0011291583427429862
ENSDARG00000100731	0.118629441035379	321	other	0.027881525232346042
ENSDARG00000100737	-0.21796056778309567	1416	high zero count	0.12299140102492834
ENSDARG00000100741	0.5517729076019969	348	other	0.030226700251889168
ENSDARG00000100742	1.978721729540759	51	other	0.004429775036914792
ENSDARG00000100743	-0.1042377159771215	926	other	0.08043081733692348
ENSDARG00000100752	1.1979191416572625	2998	high zero count	0.26040128550334407
ENSDARG00000100753	1.124543117051979	128	other	0.011117866759315557
ENSDARG00000100757	0.41114484066764984	167	other	0.014505341787544515
ENSDARG00000100766	1.177777700384113	209	other	0.018153391817944932
ENSDARG00000100769	-0.1305464886997254	1462	high zero count	0.12698688439155736
ENSDARG00000100771	-0.10061356057886862	427	other	0.03708850864240424
ENSDARG00000100773	0.38799423054911203	93	other	0.00807782506731521
ENSDARG00000100782	-0.006442568553946262	2365	high zero count	0.20541996004516633
ENSDARG00000100789	0.6701469518289275	79	other	0.0068618083905150696
ENSDARG00000100791	-0.23339451952363016	692	other	0.06010596716754973
ENSDARG00000100803	0.8624648639375504	111	other	0.009641275080343958
ENSDARG00000100813	0.6447731585910011	233	other	0.020237991835316597
ENSDARG00000100819	-0.21367162159289496	752	other	0.06531746721097889
ENSDARG00000100823	1.3929290450931882	104	other	0.00903326674194389
ENSDARG00000100825	1.0582206162499148	68	other	0.005906366715886389
ENSDARG00000100826	1.6177717827093314	1	other	8.685833405715279e-5
ENSDARG00000100836	0.6047804684983771	446	other	0.038738816989490145
ENSDARG00000100850	0.5590637656980939	639	other	0.05550247546252063
ENSDARG00000100851	0.038982867986068835	1525	high zero count	0.132458959437158
ENSDARG00000100854	0.002314983942557813	245	other	0.021280291844002434
ENSDARG00000100857	0.835376917378128	485	other	0.0421262920177191
ENSDARG00000100867	0.3385090476307485	105	other	0.009120125076001042
ENSDARG00000100887	-0.20158647621756745	1216	high zero count	0.10561973421349778
ENSDARG00000100897	1.0978535631634956	253	other	0.021975158516459654
ENSDARG00000100908	0.12041722742664926	619	other	0.05376530878137757
ENSDARG00000100913	0.10923762086172945	103	other	0.008946408407886736
ENSDARG00000100915	0.6847690889040787	116	other	0.010075566750629723
ENSDARG00000100916	-0.11716727888759562	727	other	0.06314600885955007
ENSDARG00000100917	0.7530999879709926	272	other	0.023625466863545556
ENSDARG00000100918	0.3999836685588943	7	other	6.080083384000695e-4
ENSDARG00000100925	0.6528914267671533	277	other	0.02405975853383132
ENSDARG00000100938	0.9134192324787015	807	other	0.0700946755841223
ENSDARG00000100939	1.7650044820588053	1437	high zero count	0.12481542604012855
ENSDARG00000100940	0.09215771648151858	799	other	0.06939980891166507
ENSDARG00000100946	0.06230900982984955	1179	high zero count	0.10240597585338314
ENSDARG00000100947	-0.058513156914731565	966	other	0.08390515069920959
ENSDARG00000100952	1.212387428507702	703	other	0.06106140884217841
ENSDARG00000100953	-0.20617234173790272	1353	high zero count	0.11751932597932771
ENSDARG00000100954	0.5465671186104661	227	other	0.01971684183097368
ENSDARG00000100956	-0.10725488391480974	1108	high zero count	0.09623903413532528
ENSDARG00000100960	-0.04753591227871461	1399	high zero count	0.12151480934595675
ENSDARG00000100961	-0.08447194266491677	1540	high zero count	0.1337618344480153
ENSDARG00000100965	-0.06556916694351506	211	other	0.018327108486059236
ENSDARG00000100968	0.5100123251617011	412	other	0.035785633631546944
ENSDARG00000100973	0.010958210752686132	563	other	0.048901242074177016
ENSDARG00000100981	0.13749860616730378	1320	high zero count	0.11465300095544168
ENSDARG00000100987	0.6274970366232343	1642	high zero count	0.14262138452184486
ENSDARG00000100990	0.9973284663821953	120	other	0.010423000086858335
ENSDARG00000101009	0.8967180978984972	42	other	0.003648050030400417
ENSDARG00000101010	0.08565563356645355	1591	high zero count	0.1381916094849301
ENSDARG00000101012	0.3028235997878875	793	other	0.06887865890732216
ENSDARG00000101018	1.1678443543191646	20	other	0.0017371666811430556
ENSDARG00000101023	-0.025232974233576105	1807	high zero count	0.1569530096412751
ENSDARG00000101024	0.20878327693537135	745	other	0.06470945887257883
ENSDARG00000101029	0.11609381352461665	47	other	0.004082341700686181
ENSDARG00000101030	0.11356704567530766	1620	high zero count	0.14071050117258752
ENSDARG00000101032	0.14957588074583028	1667	high zero count	0.14479284287327368
ENSDARG00000101034	0.1572612700077605	1779	high zero count	0.1545209762876748
ENSDARG00000101035	0.9770660481252302	244	other	0.021193433509945278
ENSDARG00000101037	0.5507956644077553	204	other	0.017719100147659168
ENSDARG00000101043	1.1254496765113076	91	other	0.007904108399200903
ENSDARG00000101044	1.0149084941329662	95	other	0.008251541735429515
ENSDARG00000101047	0.57143481636521265	229	other	0.01989055849908799
ENSDARG00000101059	0.11629821782550805	2117	high zero count	0.18387909319899245
ENSDARG00000101060	0.2877696941477855	1534	high zero count	0.13324068444367237
ENSDARG00000101061	0.731773980251149	73	other	0.006340658386172153
ENSDARG00000101063	0.5024081905679475	586	other	0.05089898375749153
ENSDARG00000101072	0.36500886934433185	107	other	0.009293841744115348
ENSDARG00000101074	2.1418009700508476	69	other	0.005993225049943542
ENSDARG00000101076	0.5848821072190314	99	other	0.008598975071658126
ENSDARG00000101080	0.507453402740082	5	other	4.342916702857639e-4
ENSDARG00000101081	-0.13237079263079182	1095	high zero count	0.0951098757925823
ENSDARG00000101082	2.2075240889420256	5	other	4.342916702857639e-4
ENSDARG00000101083	0.6127523194069734	256	other	0.022235733518631114
ENSDARG00000101085	0.7706386663625192	1419	high zero count	0.1232519760270998
ENSDARG00000101089	-0.13770659300822125	1312	high zero count	0.11395813428298446
ENSDARG00000101094	0.8227537052760602	5	other	4.342916702857639e-4
ENSDARG00000101095	0.2157793709186698	1937	high zero count	0.16824459306870493
ENSDARG00000101104	-0.28135110697734045	1838	high zero count	0.15964561799704682
ENSDARG00000101106	0.4702527328043186	138	other	0.011986450099887084
ENSDARG00000101109	0.768707022642112	995	other	0.08642404238686702
ENSDARG00000101110	0.08189591753668807	3479	high zero count	0.3021801441848345
ENSDARG00000101115	0.377453126230309	2040	high zero count	0.17719100147659167
ENSDARG00000101116	0.42183308474519166	2016	high zero count	0.17510640145922002
ENSDARG00000101120	0.2839057623830253	57	other	0.004950925041257708
ENSDARG00000101126	-0.016701688891639394	106	other	0.009206983410058196
ENSDARG00000101127	1.8346478104143638	88	other	0.007643533397029445
ENSDARG00000101131	-0.1208964338129025	1193	high zero count	0.10362199253018327
ENSDARG00000101134	0.08760025203621802	1736	high zero count	0.15078606792321722
ENSDARG00000101135	0.5061114058218722	566	other	0.04916181707634847
ENSDARG00000101139	1.0187453673907723	89	other	0.007730391731086598
ENSDARG00000101144	0.6314230083767515	110	other	0.009554416746286806
ENSDARG00000101146	0.44485191000439733	391	other	0.03396160861634674
ENSDARG00000101160	0.16127352781068868	1454	high zero count	0.12629201771910015
ENSDARG00000101161	1.1534630640570316	165	other	0.01433162511943021
ENSDARG00000101164	-0.2046979572937906	1718	high zero count	0.14922261791018848
ENSDARG00000101166	0.40486210737835837	682	other	0.0592373838269782
ENSDARG00000101169	0.0701458709281696	3471	high zero count	0.3014852775123773
ENSDARG00000101175	0.24153531652989071	2964	high zero count	0.25744810214540087
ENSDARG00000101176	-0.15281425784260605	1609	high zero count	0.13975505949795883
ENSDARG00000101178	-0.15743454139746416	530	other	0.046034917050290974
ENSDARG00000101180	1.115832749068494	413	other	0.0358724919656041
ENSDARG00000101181	0.4891720848383602	345	other	0.02996612524971771
ENSDARG00000101188	-0.17142208907258594	505	other	0.04386345869886216
ENSDARG00000101199	1.957942867864958	592	other	0.05142013376183445
ENSDARG00000101200	0.14006765190715897	1125	high zero count	0.09771562581429688
ENSDARG00000101205	0.636094518641474	14	other	0.001216016676800139
ENSDARG00000101206	0.5006528360202476	676	other	0.05871623382263528
ENSDARG00000101209	1.0374338159487837	1400	high zero count	0.1216016676800139
ENSDARG00000101212	0.7687954985672181	341	other	0.0296186919134891
ENSDARG00000101214	0.15031707825556714	494	other	0.042908017024233476
ENSDARG00000101215	0.16720791003054136	1580	high zero count	0.1372361678103014
ENSDARG00000101216	1.1643127814609553	62	other	0.0053852167115434725
ENSDARG00000101220	-0.07605669835766085	1556	high zero count	0.13515156779292972
ENSDARG00000101222	0.8701344395463422	493	other	0.042821158690176324
ENSDARG00000101225	0.08020044351020425	1859	high zero count	0.16146964301224703
ENSDARG00000101234	0.3944146411721635	442	other	0.03839138365326153
ENSDARG00000101236	-0.11795396667872826	230	other	0.01997741683314514
ENSDARG00000101244	-0.04521100812599949	521	other	0.0452531920437766
ENSDARG00000101251	1.6252211332454245	229	other	0.01989055849908799
ENSDARG00000101256	-0.06152687265209693	165	other	0.01433162511943021
ENSDARG00000101259	0.25155235091150474	92	other	0.007990966733258055
ENSDARG00000101260	1.1522339416323921	39	other	0.0033874750282289587
ENSDARG00000101270	0.3238720761418555	123	other	0.010683575089029793
ENSDARG00000101271	0.06084578455693023	2105	high zero count	0.1828367931903066
ENSDARG00000101277	1.0228165325193235	44	other	0.0038217666985147225
ENSDARG00000101279	-0.05928278640209501	2166	high zero count	0.18813515156779292
ENSDARG00000101285	0.21216534299721998	168	other	0.014592200121601668
ENSDARG00000101289	1.4624547730462836	4	other	3.4743333622861116e-4
ENSDARG00000101291	-0.06833085712087454	393	other	0.034135325284461046
ENSDARG00000101293	0.7357632147241653	22	other	0.0019108833492573613
ENSDARG00000101295	1.1686311169631771	72	other	0.006253800052115
ENSDARG00000101297	0.1065734052588692	2622	high zero count	0.2277425518978546
ENSDARG00000101299	0.026809196900800726	770	other	0.06688091722400764
ENSDARG00000101306	0.8488163910426904	123	other	0.010683575089029793
ENSDARG00000101308	0.00616125106568738	1445	high zero count	0.12551029271258576
ENSDARG00000101309	0.8248604778271276	125	other	0.010857291757144097
ENSDARG00000101318	0.06985116870249693	401	other	0.03483019195691826
ENSDARG00000101319	0.03271909123848757	1727	high zero count	0.15000434291670287
ENSDARG00000101323	0.39377823261219064	776	other	0.06740206722835056
ENSDARG00000101324	1.8792802174455945	12	other	0.0010423000086858334
ENSDARG00000101331	-0.09730948432414932	3433	high zero count	0.2981846608182055
ENSDARG00000101332	1.4355464305475836	34	other	0.0029531833579431945
ENSDARG00000101334	1.280323901461559	356	other	0.030921566924346392
ENSDARG00000101341	0.5790353738923356	607	other	0.05272300877269174
ENSDARG00000101347	0.3448568804611934	1311	high zero count	0.1138712759489273
ENSDARG00000101361	0.1722088003511224	96	other	0.008338400069486667
ENSDARG00000101362	1.2370430507161068	162	other	0.014071050117258751
ENSDARG00000101363	0.4610042209307666	515	other	0.044732042039433685
ENSDARG00000101365	-0.11114929900030751	388	other	0.03370103361417528
ENSDARG00000101367	0.37395123286097565	626	other	0.054373317119777644
ENSDARG00000101368	-0.22946128565928522	1233	high zero count	0.10709632589246938
ENSDARG00000101374	0.3792516662988868	833	other	0.07235299226960827
ENSDARG00000101377	0.11608156880158366	1135	high zero count	0.09858420915486842
ENSDARG00000101380	0.5865684017784472	1136	high zero count	0.09867106748892557
ENSDARG00000101399	-0.03572509645409917	1559	high zero count	0.1354121427951012
ENSDARG00000101406	2.942009450502357	10	other	8.685833405715278e-4
ENSDARG00000101407	-0.018140043984423777	1941	high zero count	0.16859202640493356
ENSDARG00000101411	0.7429469563726993	70	other	0.006080083384000695
ENSDARG00000101413	0.39304458759071975	200	other	0.017371666811430556
ENSDARG00000101421	-0.05299516677762664	604	other	0.05246243377052028
ENSDARG00000101422	0.0019004285678010373	2031	high zero count	0.17640927647007731
ENSDARG00000101423	0.28874449807812563	382	other	0.033179883609832365
ENSDARG00000101431	-0.17585042688490377	242	other	0.021019716841830974
ENSDARG00000101432	0.017057228389081563	1658	high zero count	0.14401111786675933
ENSDARG00000101434	-0.36461342919801565	699	other	0.0607139755059498
ENSDARG00000101438	0.23664633535691704	721	other	0.06262485885520716
ENSDARG00000101441	1.1243388130472323	43	other	0.00373490836445757
ENSDARG00000101443	0.2363920517405564	69	other	0.005993225049943542
ENSDARG00000101446	1.7162758952222197	216	other	0.018761400156345
ENSDARG00000101457	0.2905536916583986	462	other	0.040128550334404586
ENSDARG00000101458	0.8355905191236235	12	other	0.0010423000086858334
ENSDARG00000101459	0.8142134499367977	63	other	0.0054720750456006256
ENSDARG00000101462	0.017718358909247698	1667	high zero count	0.14479284287327368
ENSDARG00000101465	0.3179184086717486	2978	high zero count	0.258664118822201
ENSDARG00000101469	-0.06260553891060071	1382	high zero count	0.12003821766698515
ENSDARG00000101471	-0.146163799008181	676	other	0.05871623382263528
ENSDARG00000101472	0.489479104533605	183	other	0.01589507513245896
ENSDARG00000101474	0.5021000917921958	476	other	0.04134456701120472
ENSDARG00000101481	0.5115464996634232	237	other	0.02058542517154521
ENSDARG00000101482	0.3452102484572687	180	other	0.015634500130287502
ENSDARG00000101484	0.7129509009876911	223	other	0.019369408494745072
ENSDARG00000101501	-0.19569074715341167	1454	high zero count	0.12629201771910015
ENSDARG00000101510	1.2341037266892256	1501	high zero count	0.13037435941978634
ENSDARG00000101512	0.5742412081398256	1376	high zero count	0.11951706766264224
ENSDARG00000101521	0.8426530477150057	431	other	0.03743594197863285
ENSDARG00000101522	-0.21801576182374713	1280	high zero count	0.11117866759315556
ENSDARG00000101527	0.3282295602531981	788	other	0.0684443672370364
ENSDARG00000101540	-0.04872798379339928	1933	high zero count	0.16789715973247632
ENSDARG00000101543	0.27131282095365	908	other	0.07886736732389472
ENSDARG00000101549	-0.1305512929691114	3030	high zero count	0.26318075219317294
ENSDARG00000101553	0.07817832578308086	990	other	0.08598975071658126
ENSDARG00000101557	0.2767342948440762	7	other	6.080083384000695e-4
ENSDARG00000101560	1.4903110087383218	31	other	0.0026926083557717363
ENSDARG00000101561	0.9001445417742562	67	other	0.005819508381829237
ENSDARG00000101562	0.2903754010677574	158	other	0.013723616781030139
ENSDARG00000101565	0.21434206775276396	1495	high zero count	0.1298532094154434
ENSDARG00000101566	0.06972875783094316	460	other	0.03995483366629028
ENSDARG00000101567	-0.05446461598399776	378	other	0.03283245027360375
ENSDARG00000101569	0.40395690358423897	137	other	0.011899591765829932
ENSDARG00000101571	0.6218811139657833	285	other	0.024754625206288544
ENSDARG00000101576	0.318810840318502	766	other	0.06653348388777904
ENSDARG00000101578	0.7753191151892874	112	other	0.009728133414401112
ENSDARG00000101584	0.83442218726405	964	other	0.08373143403109529
ENSDARG00000101585	0.3919750240646196	1897	high zero count	0.16477025970641884
ENSDARG00000101593	0.4860504069936397	1398	high zero count	0.1214279510118996
ENSDARG00000101595	0.007991151670819574	234	other	0.020324850169373753
ENSDARG00000101602	0.39910721058939885	15	other	0.0013028750108572918
ENSDARG00000101606	0.3835364363453429	914	other	0.07938851732823765
ENSDARG00000101609	0.040317770288801145	1490	high zero count	0.12941891774515765
ENSDARG00000101619	0.6739150844399201	195	other	0.01693737514114479
ENSDARG00000101621	0.560658644218497	271	other	0.023538608529488404
ENSDARG00000101622	0.5154056954857839	137	other	0.011899591765829932
ENSDARG00000101624	0.8091152438755433	2	other	1.7371666811430558e-4
ENSDARG00000101626	0.5993555570295481	59	other	0.005124641709372014
ENSDARG00000101627	0.10687194328974403	69	other	0.005993225049943542
ENSDARG00000101628	0.11110323918139221	1411	high zero count	0.12255710935464258
ENSDARG00000101630	1.0928781375981924	650	other	0.05645791713714931
ENSDARG00000101631	1.521922194185303	79	other	0.0068618083905150696
ENSDARG00000101637	1.5861317670170798	45	other	0.0039086250325718755
ENSDARG00000101642	0.65469407717297	1459	high zero count	0.12672630938938592
ENSDARG00000101644	0.9201263641689472	89	other	0.007730391731086598
ENSDARG00000101652	0.2854344131086915	362	other	0.03144271692868931
ENSDARG00000101655	-0.05783659307983617	3551	high zero count	0.30843394423694953
ENSDARG00000101660	-0.15658396552015824	270	other	0.02345175019543125
ENSDARG00000101663	-0.17277127491201538	707	other	0.061408842178407017
ENSDARG00000101669	1.0391485493959476	206	other	0.017892816815773472
ENSDARG00000101670	-0.014528121277373886	1687	high zero count	0.14653000955441675
ENSDARG00000101680	1.1754920621587563	34	other	0.0029531833579431945
ENSDARG00000101682	0.021397890249503976	1333	high zero count	0.11578215929818467
ENSDARG00000101687	-0.08295772466305658	115	other	0.00998870841657257
ENSDARG00000101688	0.5797996939812399	1934	high zero count	0.16798401806653349
ENSDARG00000101690	0.12867466111745213	697	other	0.06054025883783549
ENSDARG00000101693	1.227679211390617	165	other	0.01433162511943021
ENSDARG00000101695	0.10552249334623044	1316	high zero count	0.11430556761921307
ENSDARG00000101701	0.22857908841202446	2535	high zero count	0.2201858768348823
ENSDARG00000101707	0.8078619276579957	168	other	0.014592200121601668
ENSDARG00000101710	0.9861617213901664	2	other	1.7371666811430558e-4
ENSDARG00000101715	0.32673679145109774	2017	high zero count	0.17519325979327716
ENSDARG00000101717	-0.11810185699555555	2163	high zero count	0.18787457656562148
ENSDARG00000101719	-0.019005907022417105	930	other	0.08077825067315209
ENSDARG00000101721	0.15879280169953944	989	other	0.0859028923825241
ENSDARG00000101722	-0.1212012756444351	1344	high zero count	0.11673760097281334
ENSDARG00000101725	0.49868026399171794	331	other	0.02875010857291757
ENSDARG00000101733	1.2875962610573635	39	other	0.0033874750282289587
ENSDARG00000101735	0.633109804225083	28	other	0.002432033353600278
ENSDARG00000101744	1.206629410289444	12	other	0.0010423000086858334
ENSDARG00000101749	0.016578217264837023	1271	high zero count	0.11039694258664119
ENSDARG00000101750	-0.004088517473108942	186	other	0.01615565013463042
ENSDARG00000101752	-0.20587661386340805	1755	high zero count	0.15243637627030313
ENSDARG00000101754	0.2637808724509393	364	other	0.03161643359680361
ENSDARG00000101755	0.1567453740349796	176	other	0.01528706679405889
ENSDARG00000101757	0.208512766403041	278	other	0.024146616867888476
ENSDARG00000101759	-0.03945903595245168	375	other	0.03257187527143229
ENSDARG00000101766	2.5126317783663223	3	other	2.6057500217145836e-4
ENSDARG00000101777	0.7772838729771614	183	other	0.01589507513245896
ENSDARG00000101791	0.7376677291651716	550	other	0.04777208373143403
ENSDARG00000101794	1.4840985132367215	18	other	0.00156345001302875
ENSDARG00000101795	0.5187327829865516	1334	high zero count	0.11586901763224182
ENSDARG00000101808	0.5228488232259251	26	other	0.0022583166854859725
ENSDARG00000101813	1.9722814970633469	3	other	2.6057500217145836e-4
ENSDARG00000101814	0.025509759131842242	921	other	0.07999652566663772
ENSDARG00000101816	0.6968956016102765	1029	other	0.08937722574481022
ENSDARG00000101823	-0.11871381951104436	460	other	0.03995483366629028
ENSDARG00000101826	0.30277748657613235	1448	high zero count	0.12577086771475723
ENSDARG00000101831	0.3537425674293685	487	other	0.042300008685833404
ENSDARG00000101844	2.943971866758994	3	other	2.6057500217145836e-4
ENSDARG00000101845	-0.11609979807797058	388	other	0.03370103361417528
ENSDARG00000101849	0.8866817179396741	6	other	5.211500043429167e-4
ENSDARG00000101858	0.8484604843319193	1726	high zero count	0.1499174845826457
ENSDARG00000101859	0.4629445191602172	145	other	0.012594458438287154
ENSDARG00000101861	0.004809115938738668	758	other	0.0658386172153218
ENSDARG00000101867	-0.18296569672214635	392	other	0.034048466950403894
ENSDARG00000101868	-0.06559348583362698	1382	high zero count	0.12003821766698515
ENSDARG00000101869	-0.15763875053213516	1977	high zero count	0.17171892643099104
ENSDARG00000101873	-0.28182248107760416	984	other	0.08546860071223834
ENSDARG00000101877	0.9815678286407489	17	other	0.0014765916789715972
ENSDARG00000101883	0.20952525728496063	194	other	0.01685051680708764
ENSDARG00000101886	0.542486390664616	89	other	0.007730391731086598
ENSDARG00000101888	0.2974509663195275	179	other	0.015547641796230348
ENSDARG00000101891	1.2138950185621844	6	other	5.211500043429167e-4
ENSDARG00000101892	0.3121292127906689	221	other	0.019195691826630765
ENSDARG00000101894	-0.12751179282473776	520	other	0.045166333709719446
ENSDARG00000101900	0.6107882764594031	7	other	6.080083384000695e-4
ENSDARG00000101901	-0.17791489702903435	1739	high zero count	0.1510466429253887
ENSDARG00000101903	-0.023659406722053654	129	other	0.01120472509337271
ENSDARG00000101908	0.6346291501154693	65	other	0.005645791713714931
ENSDARG00000101910	0.09583935506463835	1036	other	0.08998523408321028
ENSDARG00000101914	0.537542837697234	173	other	0.015026491791887432
ENSDARG00000101915	1.9133041664338182	61	other	0.0052983583774863195
ENSDARG00000101918	-0.07066148793956538	1479	high zero count	0.12846347607052896
ENSDARG00000101919	-0.13888664348934807	451	other	0.039173108659775906
ENSDARG00000101926	-0.12058347897500847	299	other	0.02597064188308868
ENSDARG00000101936	0.8981439583935139	377	other	0.0327455919395466
ENSDARG00000101939	0.5513356213713976	479	other	0.04160514201337619
ENSDARG00000101942	0.4765570058202344	206	other	0.017892816815773472
ENSDARG00000101947	0.47908231418357344	1382	high zero count	0.12003821766698515
ENSDARG00000101954	-0.08263489620859606	1279	high zero count	0.11109180925909841
ENSDARG00000101959	0.4351884327496725	218	other	0.018935116824459308
ENSDARG00000101961	0.19762453638309016	478	other	0.04151828367931903
ENSDARG00000101963	0.5153160898153588	1613	high zero count	0.14010249283418744
ENSDARG00000101975	0.3047918301303017	1104	high zero count	0.09589160079909667
ENSDARG00000101979	0.08235034116125041	455	other	0.039520541996004514
ENSDARG00000101982	-0.1508321330736533	412	other	0.035785633631546944
ENSDARG00000101983	0.5336830746935861	2377	high zero count	0.20646226005385215
ENSDARG00000101984	0.8944934466087067	2475	high zero count	0.21497437679145315
ENSDARG00000101986	-0.017904638368260936	217	other	0.018848258490402153
ENSDARG00000101989	-0.2785443805387936	827	other	0.07183184226526536
ENSDARG00000101992	0.6539329696223526	524	other	0.04551376704594806
ENSDARG00000101994	0.6233574756785961	1354	high zero count	0.11760618431338488
ENSDARG00000101996	0.7574505776638708	79	other	0.0068618083905150696
ENSDARG00000101997	0.6654371129785192	1187	high zero count	0.10310084252584036
ENSDARG00000101999	0.16775501727061987	480	other	0.04169200034743334
ENSDARG00000102004	0.6197117506558355	910	other	0.07904108399200903
ENSDARG00000102009	0.8405298632821103	13	other	0.0011291583427429862
ENSDARG00000102012	1.2303911004373584	2926	high zero count	0.25414748545122906
ENSDARG00000102015	0.029645954554995843	3102	high zero count	0.26943455224528795
ENSDARG00000102023	-0.08497798734258416	322	other	0.027968383566403198
ENSDARG00000102024	1.1040015714772096	39	other	0.0033874750282289587
ENSDARG00000102025	0.1425147155576121	269	other	0.0233648918613741
ENSDARG00000102027	0.15752379787132992	224	other	0.019456266828802225
ENSDARG00000102040	0.22619834125227642	362	other	0.03144271692868931
ENSDARG00000102047	0.8890848000420157	830	other	0.07209241726743681
ENSDARG00000102048	0.45642610697834135	1986	high zero count	0.17250065143750543
ENSDARG00000102051	1.6250955273407124	1552	high zero count	0.1348041344567011
ENSDARG00000102055	1.7879133702139927	4	other	3.4743333622861116e-4
ENSDARG00000102056	-0.015551215078063995	113	other	0.009814991748458264
ENSDARG00000102058	0.15700534312064557	1313	high zero count	0.11404499261704161
ENSDARG00000102061	0.6520839031455267	587	other	0.05098584209154868
ENSDARG00000102068	0.08482881291425666	1153	high zero count	0.10014765916789715
ENSDARG00000102070	0.5814003895410805	27	other	0.002345175019543125
ENSDARG00000102076	0.6506436967450565	3328	high zero count	0.2890645357422045
ENSDARG00000102078	0.4464317019824065	297	other	0.025796925214974377
ENSDARG00000102080	0.15020812660673316	1416	high zero count	0.12299140102492834
ENSDARG00000102081	0.7526771204918353	34	other	0.0029531833579431945
ENSDARG00000102091	0.663871643128351	389	other	0.03378789194823243
ENSDARG00000102096	0.06007611504900168	2812	high zero count	0.24424563536871363
ENSDARG00000102097	-0.09491668144938535	2421	high zero count	0.21028402675236688
ENSDARG00000102105	1.7226534111260126	35	other	0.0030400416920003475
ENSDARG00000102106	0.2864030832759873	189	other	0.016416225136801875
ENSDARG00000102115	1.9366691055385903	46	other	0.003995483366629028
ENSDARG00000102118	-0.08589511906666612	1466	high zero count	0.12733431772778597
ENSDARG00000102119	-0.014063195110093301	3494	high zero count	0.3034830191956918
ENSDARG00000102128	0.11633783231108337	467	other	0.04056284200469035
ENSDARG00000102138	0.17455116490990955	540	other	0.0469035003908625
ENSDARG00000102139	0.557232814531999	121	other	0.010509858420915487
ENSDARG00000102142	0.12465943879637398	2205	high zero count	0.1915226265960219
ENSDARG00000102145	0.1581113146748822	1650	high zero count	0.14331625119430208
ENSDARG00000102146	0.0827428031089793	851	other	0.07391644228263702
ENSDARG00000102147	0.0744043964085764	105	other	0.009120125076001042
ENSDARG00000102153	0.34498410335745394	229	other	0.01989055849908799
ENSDARG00000102154	0.6897945457187156	455	other	0.039520541996004514
ENSDARG00000102171	0.37120134657157444	268	other	0.023278033527316947
ENSDARG00000102173	-0.0031547341263455397	1256	high zero count	0.1090940675757839
ENSDARG00000102178	-0.23837802595617855	712	other	0.061843133848692784
ENSDARG00000102184	0.08084372979982347	26	other	0.0022583166854859725
ENSDARG00000102191	0.1465170524006382	180	other	0.015634500130287502
ENSDARG00000102195	0.5113083919117745	374	other	0.03248501693737514
ENSDARG00000102199	0.3199964630237539	116	other	0.010075566750629723
ENSDARG00000102202	0.3033394936243785	330	other	0.02866325023886042
ENSDARG00000102204	0.14274933609354704	1188	high zero count	0.10318770085989751
ENSDARG00000102206	0.4748832345793354	2050	high zero count	0.17805958481716322
ENSDARG00000102212	0.418741891417804	524	other	0.04551376704594806
ENSDARG00000102216	0.6206307552308563	39	other	0.0033874750282289587
ENSDARG00000102219	0.06668579811958651	1334	high zero count	0.11586901763224182
ENSDARG00000102226	0.06193726887470432	939	other	0.08155997567966647
ENSDARG00000102228	-0.055430006474013596	1974	high zero count	0.1714583514288196
ENSDARG00000102241	0.34834903730032407	1766	high zero count	0.1533918179449318
ENSDARG00000102245	0.19506266087019483	2826	high zero count	0.24546165204551376
ENSDARG00000102247	0.2285392473282713	1678	high zero count	0.14574828454790237
ENSDARG00000102249	0.7731540133110685	54	other	0.00469035003908625
ENSDARG00000102254	0.16978371863254133	394	other	0.0342221836185182
ENSDARG00000102257	1.3560081610201737	340	other	0.029531833579431947
ENSDARG00000102266	-0.12132110887778444	239	other	0.020759141839659514
ENSDARG00000102267	0.10989507210101078	576	other	0.05003040041692
ENSDARG00000102274	0.12905134748960828	143	other	0.012420741770172848
ENSDARG00000102288	-0.0217055027709954	845	other	0.0733952922782941
ENSDARG00000102291	2.3403806262984324	1	other	8.685833405715279e-5
ENSDARG00000102294	0.8015232450056095	18	other	0.00156345001302875
ENSDARG00000102295	0.07554704458742965	2124	high zero count	0.1844871015373925
ENSDARG00000102296	0.10737449964564658	544	other	0.04725093372709111
ENSDARG00000102302	-0.19042223680118703	718	other	0.0623642838530357
ENSDARG00000102305	0.9615310730803744	218	other	0.018935116824459308
ENSDARG00000102307	0.3352235659477051	82	other	0.007122383392686529
ENSDARG00000102308	0.33203119064639547	333	other	0.02892382524103188
ENSDARG00000102312	-0.25024230990950436	902	other	0.07834621731955181
ENSDARG00000102317	2.123149536524927	26	other	0.0022583166854859725
ENSDARG00000102320	0.7421779644011797	324	other	0.028142100234517502
ENSDARG00000102325	0.16855696238932089	1753	high zero count	0.15226265960218882
ENSDARG00000102332	1.2331630433418952	142	other	0.012333883436115696
ENSDARG00000102333	0.7286587989910556	42	other	0.003648050030400417
ENSDARG00000102340	0.6088797694150115	331	other	0.02875010857291757
ENSDARG00000102349	0.06570642678648092	195	other	0.01693737514114479
ENSDARG00000102353	1.0372397615180777	64	other	0.005558933379657779
ENSDARG00000102356	-0.011551009598658214	1036	other	0.08998523408321028
ENSDARG00000102362	1.073925303030948	72	other	0.006253800052115
ENSDARG00000102365	0.023140443003273906	234	other	0.020324850169373753
ENSDARG00000102366	0.025701845115449554	2215	high zero count	0.19239120993659342
ENSDARG00000102367	0.20806016260955087	268	other	0.023278033527316947
ENSDARG00000102370	-0.24928567807059188	492	other	0.04273430035611917
ENSDARG00000102371	0.5115797379272855	421	other	0.03656735863806132
ENSDARG00000102375	-0.05132618509960731	1898	high zero count	0.16485711804047598
ENSDARG00000102376	0.3772569277849122	1640	high zero count	0.14244766785373056
ENSDARG00000102387	-0.03422952123873869	260	other	0.022583166854859723
ENSDARG00000102394	0.8702782634362423	63	other	0.0054720750456006256
ENSDARG00000102402	0.032631573212310236	795	other	0.06905237557543646
ENSDARG00000102403	0.6584149445652095	83	other	0.007209241726743681
ENSDARG00000102407	0.12726686410175064	196	other	0.017024233475201947
ENSDARG00000102412	0.7610031337988684	200	other	0.017371666811430556
ENSDARG00000102414	-0.14058517722834726	1869	high zero count	0.16233822635281855
ENSDARG00000102415	0.5306242471447679	1078	high zero count	0.0936332841136107
ENSDARG00000102417	2.00217831356437	12	other	0.0010423000086858334
ENSDARG00000102428	-0.023659803500112736	2229	high zero count	0.19360722661339355
ENSDARG00000102430	0.9705495188702293	491	other	0.04264744202206202
ENSDARG00000102435	0.13943922696664904	2530	high zero count	0.21975158516459653
ENSDARG00000102436	0.1818635269627825	310	other	0.026926083557717362
ENSDARG00000102441	1.4285555814146873	65	other	0.005645791713714931
ENSDARG00000102442	0.20692136997295532	908	other	0.07886736732389472
ENSDARG00000102449	0.7441252928245371	156	other	0.013549900112915835
ENSDARG00000102452	1.8189787682011926	19	other	0.0016503083470859028
ENSDARG00000102453	1.314239368528266	1003	other	0.08711890905932425
ENSDARG00000102455	0.962117750791602	991	other	0.08607660905063841
ENSDARG00000102456	0.5907888269370813	1623	high zero count	0.14097107617475896
ENSDARG00000102458	-0.0036837167373948974	1259	high zero count	0.10935464257795535
ENSDARG00000102463	0.3896577456135207	798	other	0.06931295057760792
ENSDARG00000102470	0.27436903806829444	2079	high zero count	0.18057847650482065
ENSDARG00000102471	0.312581399404835	1400	high zero count	0.1216016676800139
ENSDARG00000102473	0.2004269542234188	824	other	0.07157126726309389
ENSDARG00000102474	0.1764710965421913	167	other	0.014505341787544515
ENSDARG00000102477	0.07877736048058358	557	other	0.0483800920698341
ENSDARG00000102480	-0.15397895324829652	625	other	0.05428645878572049
ENSDARG00000102482	0.9906113182879958	783	other	0.06801007556675064
ENSDARG00000102483	0.12978395122854275	172	other	0.01493963345783028
ENSDARG00000102490	-0.11014442696524714	582	other	0.05055155042126292
ENSDARG00000102493	-0.06900925854908659	1862	high zero count	0.16173021801441848
ENSDARG00000102496	-0.07873210899608082	737	other	0.0640145922001216
ENSDARG00000102506	0.34463280226903953	126	other	0.010944150091201251
ENSDARG00000102511	1.0177768269639562	1240	high zero count	0.10770433423086945
ENSDARG00000102512	-0.0031452454342442023	1731	high zero count	0.15035177625293147
ENSDARG00000102531	0.9159644292098085	81	other	0.007035525058629376
ENSDARG00000102538	1.0903015754602345	955	other	0.0829497090245809
ENSDARG00000102546	0.37805550057620047	23	other	0.001997741683314514
ENSDARG00000102550	0.04813987969070123	144	other	0.01250760010423
ENSDARG00000102558	0.7902407803956252	3771	high zero count	0.32754277772952317
ENSDARG00000102565	0.27638756191182046	574	other	0.0498566837488057
ENSDARG00000102566	-0.05698614056344914	1462	high zero count	0.12698688439155736
ENSDARG00000102569	-0.05849487853468214	268	other	0.023278033527316947
ENSDARG00000102570	-0.0032959587550553684	619	other	0.05376530878137757
ENSDARG00000102571	1.1137979866300327	4	other	3.4743333622861116e-4
ENSDARG00000102572	0.6818960143593037	361	other	0.031355858594632156
ENSDARG00000102578	-0.06016870635839332	796	other	0.06913923390949361
ENSDARG00000102586	-0.011937287771032269	83	other	0.007209241726743681
ENSDARG00000102587	0.006437324801465995	746	other	0.06479631720663598
ENSDARG00000102590	0.052307360450751655	720	other	0.06253800052115001
ENSDARG00000102595	0.4523027154773654	868	other	0.07539303396160861
ENSDARG00000102599	1.2652452583064657	50	other	0.004342916702857639
ENSDARG00000102608	0.8609924009317702	330	other	0.02866325023886042
ENSDARG00000102612	0.3698725837852672	936	other	0.08129940067749501
ENSDARG00000102615	0.24197099624601123	457	other	0.039694258664118826
ENSDARG00000102624	0.7607412604730794	255	other	0.02214887518457396
ENSDARG00000102631	-0.11950341862989249	1007	other	0.08746634239555286
ENSDARG00000102634	1.1567734860679044	27	other	0.002345175019543125
ENSDARG00000102640	1.4533551401998115	1	other	8.685833405715279e-5
ENSDARG00000102645	0.4297235016145144	11	other	9.554416746286806e-4
ENSDARG00000102650	0.8671527223430749	255	other	0.02214887518457396
ENSDARG00000102665	-0.2286209530642244	870	other	0.07556675062972293
ENSDARG00000102669	0.682598459105428	280	other	0.02432033353600278
ENSDARG00000102674	0.41377162072397405	41	other	0.0035611916963432643
ENSDARG00000102679	-0.06635397196855512	1901	high zero count	0.16511769304264745
ENSDARG00000102684	0.4895204718772989	387	other	0.033614175280118126
ENSDARG00000102690	-0.1481156891679405	389	other	0.03378789194823243
ENSDARG00000102696	0.07074593896793575	422	other	0.03665421697211847
ENSDARG00000102701	0.7122004997147116	1334	high zero count	0.11586901763224182
ENSDARG00000102704	0.5521351550871195	514	other	0.04464518370537653
ENSDARG00000102705	0.5460172174722872	162	other	0.014071050117258751
ENSDARG00000102711	0.599257220220914	306	other	0.026578650221488753
ENSDARG00000102717	0.06354869009084824	2679	high zero count	0.2326934769391123
ENSDARG00000102724	-0.15877292442883473	1193	high zero count	0.10362199253018327
ENSDARG00000102728	0.10742391132638211	474	other	0.04117085034309042
ENSDARG00000102730	0.6279550503087696	2002	high zero count	0.17389038478241986
ENSDARG00000102733	0.874700011650353	768	other	0.06670720055589334
ENSDARG00000102734	0.03909973415078638	3340	high zero count	0.2901068357508903
ENSDARG00000102741	2.3533482861391786	19	other	0.0016503083470859028
ENSDARG00000102744	1.1238658220089324	144	other	0.01250760010423
ENSDARG00000102746	0.2998581598563705	79	other	0.0068618083905150696
ENSDARG00000102753	0.006898776632044599	1486	high zero count	0.12907148440892904
ENSDARG00000102755	-0.020509994774142695	231	other	0.020064275167202293
ENSDARG00000102759	0.07575103137953103	253	other	0.021975158516459654
ENSDARG00000102762	-0.20748125158326292	1032	other	0.08963780074698167
ENSDARG00000102765	0.29776208479950456	365	other	0.031703291930860765
ENSDARG00000102766	0.9130040593774613	162	other	0.014071050117258751
ENSDARG00000102769	0.49150263053050747	156	other	0.013549900112915835
ENSDARG00000102777	0.17549738273660934	301	other	0.02614435855120299
ENSDARG00000102778	0.13125973187503387	1530	high zero count	0.13289325110744377
ENSDARG00000102787	0.4717889124947604	19	other	0.0016503083470859028
ENSDARG00000102788	0.2554054755331481	1514	high zero count	0.1315035177625293
ENSDARG00000102793	0.31387197678791695	333	other	0.02892382524103188
ENSDARG00000102797	0.08684640202962385	2028	high zero count	0.17614870146790584
ENSDARG00000102798	0.98319607077237825	7	other	6.080083384000695e-4
ENSDARG00000102800	0.43677666597693987	1431	high zero count	0.12429427603578563
ENSDARG00000102802	0.38839092518486856	13	other	0.0011291583427429862
ENSDARG00000102808	1.030217764059183	4	other	3.4743333622861116e-4
ENSDARG00000102810	-0.007028216163379682	1993	high zero count	0.1731086597759055
ENSDARG00000102820	0.2582892022165784	2372	high zero count	0.2060279683835664
ENSDARG00000102822	0.050734655422974714	186	other	0.01615565013463042
ENSDARG00000102824	0.5523441861967201	369	other	0.03205072526708938
ENSDARG00000102825	-0.16218873355602237	1367	high zero count	0.11873534265612785
ENSDARG00000102827	0.4520915728867823	238	other	0.02067228350560236
ENSDARG00000102829	0.3371478545638585	1620	high zero count	0.14071050117258752
ENSDARG00000102831	0.2206699161985297	4	other	3.4743333622861116e-4
ENSDARG00000102832	0.7613158068778847	27	other	0.002345175019543125
ENSDARG00000102846	-0.08207487474924635	722	other	0.06271171718926431
ENSDARG00000102848	0.005919387405745626	1682	high zero count	0.14609571788413098
ENSDARG00000102850	0.7227449753526739	617	other	0.05359159211326327
ENSDARG00000102855	0.8643188667861651	42	other	0.003648050030400417
ENSDARG00000102859	0.1655673139432964	429	other	0.037262225310518544
ENSDARG00000102873	3.0591737861624733	13	other	0.0011291583427429862
ENSDARG00000102874	1.3745057419544013	78	other	0.006774950056457917
ENSDARG00000102877	0.2421329721806581	925	other	0.08034395900286632
ENSDARG00000102878	0.5233040099377542	477	other	0.041431425345261876
ENSDARG00000102879	-0.027233539976769455	447	other	0.0388256753235473
ENSDARG00000102883	0.5161219136195909	88	other	0.007643533397029445
ENSDARG00000102887	0.36660100896767983	3269	high zero count	0.28393989403283243
ENSDARG00000102889	1.2243091218007347	10	other	8.685833405715278e-4
ENSDARG00000102891	-0.012499938290628843	99	other	0.008598975071658126
ENSDARG00000102892	2.1845304268807575	28	other	0.002432033353600278
ENSDARG00000102893	0.6746277021608719	605	other	0.052549292104577434
ENSDARG00000102896	0.0029500842494323155	397	other	0.034482758620689655
ENSDARG00000102898	0.6899970870970147	165	other	0.01433162511943021
ENSDARG00000102904	0.3266052355355178	269	other	0.0233648918613741
ENSDARG00000102906	0.2174013106527531	1167	high zero count	0.1013636758446973
ENSDARG00000102908	0.6686702379166604	665	other	0.0577607921480066
ENSDARG00000102914	-0.07465248522268482	982	other	0.08529488404412404
ENSDARG00000102923	0.21385560606697182	115	other	0.00998870841657257
ENSDARG00000102934	0.4288758630388122	766	other	0.06653348388777904
ENSDARG00000102937	0.2771178035981424	2023	high zero count	0.17571440979762007
ENSDARG00000102948	0.3911330502265354	348	other	0.030226700251889168
ENSDARG00000102950	1.0966898700080658	70	other	0.006080083384000695
ENSDARG00000102956	-0.03218968577892921	211	other	0.018327108486059236
ENSDARG00000102959	-0.2363923260114406	1195	high zero count	0.10379570919829757
ENSDARG00000102960	0.42895260251415074	89	other	0.007730391731086598
ENSDARG00000102963	0.41961073252878955	115	other	0.00998870841657257
ENSDARG00000102964	0.5137224423453577	9	other	7.81725006514375e-4
ENSDARG00000102965	-0.1572070460524695	1388	high zero count	0.12055936767132806
ENSDARG00000102972	0.36697108680176305	133	other	0.01155215842960132
ENSDARG00000102975	0.7495389175628494	1247	high zero count	0.10831234256926953
ENSDARG00000102976	-0.21837223524454405	778	other	0.06757578389646486
ENSDARG00000102977	0.5782928268752259	138	other	0.011986450099887084
ENSDARG00000102978	1.7689533418814667	6	other	5.211500043429167e-4
ENSDARG00000102981	-0.04017908717836346	734	other	0.06375401719795014
ENSDARG00000102987	-0.049625284765172105	154	other	0.013376183444801529
ENSDARG00000102989	0.5063462902912006	1610	high zero count	0.139841917832016
ENSDARG00000102995	0.8132915528758206	39	other	0.0033874750282289587
ENSDARG00000102997	0.4535121792000169	886	other	0.07695648397463736
ENSDARG00000102998	0.32699558020215413	53	other	0.004603491705029098
ENSDARG00000103000	0.047089117883500384	2580	high zero count	0.2240945018674542
ENSDARG00000103002	0.9086356698232221	654	other	0.05680535047337792
ENSDARG00000103003	0.39121053293810093	1416	high zero count	0.12299140102492834
ENSDARG00000103004	1.2089702189469975	55	other	0.004777208373143403
ENSDARG00000103013	0.004773692955880207	1147	high zero count	0.09962650916355424
ENSDARG00000103021	-0.09068653919793492	2353	high zero count	0.2043776600364805
ENSDARG00000103025	0.8230942593452667	191	other	0.016589941804916183
ENSDARG00000103026	0.4762985564666497	152	other	0.013202466776687223
ENSDARG00000103027	0.5617575633684174	136	other	0.011812733431772778
ENSDARG00000103032	-0.0777448671642353	74	other	0.006427516720229306
ENSDARG00000103037	1.8006050522323593	662	other	0.05750021714583514
ENSDARG00000103038	0.8285769712754943	153	other	0.013289325110744377
ENSDARG00000103046	0.6569488233154472	23	other	0.001997741683314514
ENSDARG00000103057	0.7608791496585402	205	other	0.01780595848171632
ENSDARG00000103066	0.0047734519664300624	235	other	0.020411708503430905
ENSDARG00000103092	0.06590375538434588	3713	high zero count	0.32250499435420826
ENSDARG00000103095	0.235015663521816	255	other	0.02214887518457396
ENSDARG00000103099	0.8805157031485618	1394	high zero count	0.12108051767567098
ENSDARG00000103101	1.1571082980766818	112	other	0.009728133414401112
ENSDARG00000103106	0.5552085165438466	272	other	0.023625466863545556
ENSDARG00000103117	0.11459884078747216	983	other	0.08538174237818119
ENSDARG00000103118	0.29234116115563846	458	other	0.03978111699817598
ENSDARG00000103125	0.6260702553021367	94	other	0.008164683401372361
ENSDARG00000103127	0.38763418427445173	122	other	0.010596716754972639
ENSDARG00000103129	1.2930353854724972	126	other	0.010944150091201251
ENSDARG00000103134	1.3053329638542408	12	other	0.0010423000086858334
ENSDARG00000103137	0.29444533003043166	591	other	0.0513332754277773
ENSDARG00000103143	0.7082760756183211	1304	high zero count	0.11326326761052723
ENSDARG00000103145	0.9292298735784916	482	other	0.04186571701554764
ENSDARG00000103149	0.13197272448133665	118	other	0.010249283418744029
ENSDARG00000103154	0.5681679338018051	533	other	0.04629549205246243
ENSDARG00000103155	0.20096659562637442	439	other	0.03813080865109007
ENSDARG00000103158	0.23252292642455935	693	other	0.06019282550160688
ENSDARG00000103163	1.0450375458414163	20	other	0.0017371666811430556
ENSDARG00000103165	1.7834262838704977	174	other	0.015113350125944584
ENSDARG00000103173	0.08187312946608315	923	other	0.08017024233475202
ENSDARG00000103176	-0.0815862136367076	1699	high zero count	0.14757230956310258
ENSDARG00000103181	0.22220908563816766	407	other	0.03535134196126118
ENSDARG00000103184	-0.07913729444828072	1276	high zero count	0.11083123425692695
ENSDARG00000103190	0.6773465036014054	19	other	0.0016503083470859028
ENSDARG00000103195	-0.017829924026732488	592	other	0.05142013376183445
ENSDARG00000103198	0.7194004642190139	145	other	0.012594458438287154
ENSDARG00000103199	0.9134118526128544	3384	high zero count	0.293928602449405
ENSDARG00000103200	1.0790997313362056	405	other	0.03517762529314688
ENSDARG00000103201	-0.2054252302717353	453	other	0.03934682532789021
ENSDARG00000103203	1.297396747602014	289	other	0.025102058542517156
ENSDARG00000103207	-0.20633743321940115	337	other	0.029271258577260487
ENSDARG00000103211	0.4276946174497827	200	other	0.017371666811430556
ENSDARG00000103220	0.6826923675661235	71	other	0.006166941718057848
ENSDARG00000103226	0.662913419060655	79	other	0.0068618083905150696
ENSDARG00000103231	0.4678400068113676	272	other	0.023625466863545556
ENSDARG00000103234	0.2534456736506526	1315	high zero count	0.11421870928515591
ENSDARG00000103235	1.3338630924574957	354	other	0.030747850256232084
ENSDARG00000103245	0.5198471356211235	302	other	0.02623121688526014
ENSDARG00000103248	0.43117156060413864	286	other	0.024841483540345696
ENSDARG00000103251	0.6362344152930134	61	other	0.0052983583774863195
ENSDARG00000103253	0.14854033134345154	499	other	0.04334230869451924
ENSDARG00000103259	0.21819396929497667	540	other	0.0469035003908625
ENSDARG00000103261	0.2726470702409079	1122	high zero count	0.09745505081212542
ENSDARG00000103271	0.990743570428327	19	other	0.0016503083470859028
ENSDARG00000103285	-0.17030985813630836	1594	high zero count	0.13845218448710153
ENSDARG00000103286	0.46198655797903454	164	other	0.014244766785373057
ENSDARG00000103288	0.781248104982825	840	other	0.07296100060800834
ENSDARG00000103294	0.22339040931569087	256	other	0.022235733518631114
ENSDARG00000103295	0.23704925960827777	3163	high zero count	0.2747329106227743
ENSDARG00000103308	0.21147355423345932	1778	high zero count	0.15443411795361764
ENSDARG00000103315	0.4008335292509865	589	other	0.05115955875966299
ENSDARG00000103316	0.3570159140458792	358	other	0.031095283592460696
ENSDARG00000103317	-0.14049821896618972	815	other	0.07078954225657952
ENSDARG00000103318	0.6838265584728064	340	other	0.029531833579431947
ENSDARG00000103319	1.7886815608457043	601	other	0.052201858768348826
ENSDARG00000103320	0.4863701038842428	40	other	0.0034743333622861113
ENSDARG00000103322	0.21046563087762166	731	other	0.06349344219577868
ENSDARG00000103337	0.5864094698778142	60	other	0.005211500043429167
ENSDARG00000103340	0.9401191054858056	1345	high zero count	0.11682445930687049
ENSDARG00000103347	0.05904187857862183	2094	high zero count	0.18188135151567794
ENSDARG00000103350	0.25327720528137143	516	other	0.04481890037349084
ENSDARG00000103351	0.9066105492044814	587	other	0.05098584209154868
ENSDARG00000103358	0.3122011935996156	1579	high zero count	0.13714930947624424
ENSDARG00000103361	0.2021227523736703	111	other	0.009641275080343958
ENSDARG00000103364	2.104395418694974	3	other	2.6057500217145836e-4
ENSDARG00000103367	0.10809963595500985	1520	high zero count	0.13202466776687224
ENSDARG00000103370	0.13650691595563783	313	other	0.027186658559888822
ENSDARG00000103375	0.6072329975047184	244	other	0.021193433509945278
ENSDARG00000103379	0.692917375615488	542	other	0.04707721705897681
ENSDARG00000103381	0.4309414223165029	1409	high zero count	0.12238339268652827
ENSDARG00000103388	0.10061869639527167	118	other	0.010249283418744029
ENSDARG00000103394	0.43780438666260735	302	other	0.02623121688526014
ENSDARG00000103399	-0.2180245647201788	1604	high zero count	0.13932076782767305
ENSDARG00000103403	1.7465062444243153	3	other	2.6057500217145836e-4
ENSDARG00000103404	0.8614595687927412	60	other	0.005211500043429167
ENSDARG00000103409	0.5105473594095298	31	other	0.0026926083557717363
ENSDARG00000103415	0.7479324074636219	40	other	0.0034743333622861113
ENSDARG00000103417	1.7628054128475361	1050	high zero count	0.09120125076001043
ENSDARG00000103428	0.5065210754841402	224	other	0.019456266828802225
ENSDARG00000103433	3.3441049710688007	2	other	1.7371666811430558e-4
ENSDARG00000103435	0.5019605113154818	361	other	0.031355858594632156
ENSDARG00000103436	0.5078538504144994	235	other	0.020411708503430905
ENSDARG00000103443	0.786367860467081	691	other	0.060019108833492575
ENSDARG00000103453	0.2966465904737759	1559	high zero count	0.1354121427951012
ENSDARG00000103459	0.8547512033243363	242	other	0.021019716841830974
ENSDARG00000103462	0.2639745611180639	876	other	0.07608790063406584
ENSDARG00000103464	0.34058872978697163	41	other	0.0035611916963432643
ENSDARG00000103472	1.2543903325661618	601	other	0.052201858768348826
ENSDARG00000103473	1.8545343552409372	268	other	0.023278033527316947
ENSDARG00000103476	0.2110895272837228	1582	high zero count	0.1374098844784157
ENSDARG00000103479	-0.036228190858946505	179	other	0.015547641796230348
ENSDARG00000103483	0.5714754014437146	520	other	0.045166333709719446
ENSDARG00000103485	0.18735063138726515	446	other	0.038738816989490145
ENSDARG00000103503	0.02112012620816121	1939	high zero count	0.16841830973681926
ENSDARG00000103505	0.6547651649618492	344	other	0.02987926691566056
ENSDARG00000103507	8.046968830882849e-4	266	other	0.02310431685920264
ENSDARG00000103511	0.5678756676526967	2	other	1.7371666811430558e-4
ENSDARG00000103515	-0.10063668088427502	753	other	0.06540432554503604
ENSDARG00000103516	0.9309254706584634	49	other	0.004256058368800487
ENSDARG00000103517	0.14199912214571941	728	other	0.06323286719360723
ENSDARG00000103521	-0.019440968675982696	2697	high zero count	0.23425692695214106
ENSDARG00000103522	1.331636037421503	27	other	0.002345175019543125
ENSDARG00000103523	-0.17816324704708297	519	other	0.045079475375662294
ENSDARG00000103528	0.12380471601210273	615	other	0.05341787544514896
ENSDARG00000103530	0.14505072695873153	944	other	0.08199426734995223
ENSDARG00000103535	-0.18424082715407883	343	other	0.029792408581603404
ENSDARG00000103536	0.018556785930226378	692	other	0.06010596716754973
ENSDARG00000103537	0.14472646793759042	635	other	0.05515504212629202
ENSDARG00000103542	0.3135732956859137	372	other	0.03231130026926084
ENSDARG00000103545	-0.04712959167470749	1141	high zero count	0.09910535915921133
ENSDARG00000103546	-0.1536610808137677	1056	high zero count	0.09172240076435334
ENSDARG00000103554	0.19166956839861896	12	other	0.0010423000086858334
ENSDARG00000103566	1.4232316043520705	16	other	0.0013897333449144446
ENSDARG00000103578	0.9962015787150427	59	other	0.005124641709372014
ENSDARG00000103586	0.12559502684028162	889	other	0.07721705897680882
ENSDARG00000103589	0.20081545262813516	481	other	0.04177885868149049
ENSDARG00000103591	0.5423949674799783	1730	high zero count	0.1502649179188743
ENSDARG00000103594	0.9047385720556986	9	other	7.81725006514375e-4
ENSDARG00000103600	0.8126389324535639	1627	high zero count	0.14131850951098757
ENSDARG00000103606	0.8074732707691175	30	other	0.0026057500217145837
ENSDARG00000103610	0.5301555327912534	634	other	0.05506818379223487
ENSDARG00000103612	0.26097183987259387	142	other	0.012333883436115696
ENSDARG00000103614	0.13452758470230688	398	other	0.03456961695474681
ENSDARG00000103619	0.32473200791274937	371	other	0.032224441935203685
ENSDARG00000103634	0.23299611201232348	496	other	0.04308173369234778
ENSDARG00000103635	0.06601907768714471	264	other	0.022930600191088335
ENSDARG00000103643	0.6960142489580515	1447	high zero count	0.12568400938070007
ENSDARG00000103647	-0.20412962692667028	2030	high zero count	0.17632241813602015
ENSDARG00000103648	0.7914769304230426	266	other	0.02310431685920264
ENSDARG00000103650	0.44035150283720664	525	other	0.045600625380005214
ENSDARG00000103658	0.295202365347159	102	other	0.008859550073829584
ENSDARG00000103665	-0.07517254190536324	351	other	0.030487275254060628
ENSDARG00000103670	1.485632444875339	146	other	0.012681316772344306
ENSDARG00000103679	0.5141531826366821	180	other	0.015634500130287502
ENSDARG00000103682	1.0730026979698717	55	other	0.004777208373143403
ENSDARG00000103683	0.5562375942232954	73	other	0.006340658386172153
ENSDARG00000103690	0.355324281130757	503	other	0.04368974203074785
ENSDARG00000103691	0.6120280594208917	44	other	0.0038217666985147225
ENSDARG00000103692	0.0356339602724	928	other	0.08060453400503778
ENSDARG00000103696	0.410325205328158	682	other	0.0592373838269782
ENSDARG00000103697	0.25771154384958234	23	other	0.001997741683314514
ENSDARG00000103699	0.3535789748154205	27	other	0.002345175019543125
ENSDARG00000103703	1.1694911263667473	1916	high zero count	0.16642056805350475
ENSDARG00000103712	0.3296610165225093	677	other	0.05880309215669244
ENSDARG00000103713	0.3936922506879804	916	other	0.07956223399635196
ENSDARG00000103714	0.9668754818445009	19	other	0.0016503083470859028
ENSDARG00000103718	1.0820238690534496	37	other	0.003213758360114653
ENSDARG00000103720	1.2413362937988375	149	other	0.012941891774515765
ENSDARG00000103725	-0.029629926269415345	376	other	0.032658733605489446
ENSDARG00000103730	1.3308744543651554	60	other	0.005211500043429167
ENSDARG00000103732	0.1364445284342646	141	other	0.012247025102058542
ENSDARG00000103735	1.1724507736227778	148	other	0.012855033440458612
ENSDARG00000103739	-0.1978812172477722	393	other	0.034135325284461046
ENSDARG00000103740	0.7224850745247949	317	other	0.027534091896117434
ENSDARG00000103743	-0.13316223104872066	576	other	0.05003040041692
ENSDARG00000103744	0.7252779060503153	441	other	0.03830452531920438
ENSDARG00000103746	-0.0937219095379926	406	other	0.03526448362720403
ENSDARG00000103747	0.9021389006033668	186	other	0.01615565013463042
ENSDARG00000103748	-0.06364046748915082	2131	high zero count	0.18509510987579259
ENSDARG00000103751	0.395899037737035	219	other	0.01902197515851646
ENSDARG00000103754	0.7244785611464075	87	other	0.007556675062972292
ENSDARG00000103756	0.33407240520208226	288	other	0.02501520020846
ENSDARG00000103759	0.375895304520718	535	other	0.04646920872057674
ENSDARG00000103771	-0.055643676650567415	246	other	0.021367150178059586
ENSDARG00000103774	0.16227156721447597	112	other	0.009728133414401112
ENSDARG00000103775	0.76621765352679	966	other	0.08390515069920959
ENSDARG00000103777	0.6569759333280761	311	other	0.027012941891774517
ENSDARG00000103783	1.4327386845844934	192	other	0.016676800138973335
ENSDARG00000103785	0.3506326248529782	1457	high zero count	0.12655259272127162
ENSDARG00000103786	-0.1293639584865117	899	other	0.07808564231738035
ENSDARG00000103787	0.3068400418603861	10	other	8.685833405715278e-4
ENSDARG00000103789	0.7822404873637114	1908	high zero count	0.1657257013810475
ENSDARG00000103791	2.5154464765625333	2	other	1.7371666811430558e-4
ENSDARG00000103795	0.1400144625850888	886	other	0.07695648397463736
ENSDARG00000103799	2.2220171254842893	5	other	4.342916702857639e-4
ENSDARG00000103811	0.6060475801699609	719	other	0.06245114218709285
ENSDARG00000103813	0.39248557050545785	593	other	0.0515069920958916
ENSDARG00000103823	0.31139305745271695	1285	high zero count	0.11161295926344132
ENSDARG00000103824	1.487175569085639	58	other	0.005037783375314861
ENSDARG00000103830	-0.2568620513142971	1754	high zero count	0.152349517936246
ENSDARG00000103831	0.8596637944513739	29	other	0.0025188916876574307
ENSDARG00000103840	0.14860240936486813	463	other	0.04021540866846174
ENSDARG00000103844	0.29951070065763036	599	other	0.052028142100234515
ENSDARG00000103845	1.2287198934052102	4	other	3.4743333622861116e-4
ENSDARG00000103846	1.9211046092845356	3	other	2.6057500217145836e-4
ENSDARG00000103848	-0.005370051844234058	757	other	0.06575175888126465
ENSDARG00000103850	0.5156662790892516	1027	other	0.08920350907669591
ENSDARG00000103851	0.2732653261783583	143	other	0.012420741770172848
ENSDARG00000103856	0.5546479780856529	133	other	0.01155215842960132
ENSDARG00000103862	0.13101085102399176	443	other	0.03847824198731868
ENSDARG00000103865	0.14173451095299866	1075	high zero count	0.09337270911143924
ENSDARG00000103870	0.05284241763504099	3493	high zero count	0.3033961608616347
ENSDARG00000103871	0.18781856985869608	562	other	0.048814383740119864
ENSDARG00000103875	0.6845318609492991	97	other	0.00842525840354382
ENSDARG00000103889	0.14606501720765894	864	other	0.07504560062538
ENSDARG00000103893	0.799853967864856	80	other	0.006948666724572223
ENSDARG00000103900	0.13406544681216007	581	other	0.05046469208720577
ENSDARG00000103902	0.2707827479680393	1131	high zero count	0.0982367758186398
ENSDARG00000103907	0.12500409475621554	711	other	0.06175627551463563
ENSDARG00000103914	0.14484867908600219	674	other	0.058542517154520975
ENSDARG00000103915	0.21177891261150672	35	other	0.0030400416920003475
ENSDARG00000103917	0.5349380104067502	106	other	0.009206983410058196
ENSDARG00000103919	2.8724919449555326	2	other	1.7371666811430558e-4
ENSDARG00000103922	0.7983166496395326	106	other	0.009206983410058196
ENSDARG00000103923	0.04160850422885707	1630	high zero count	0.14157908451315904
ENSDARG00000103929	0.2982508863740929	281	other	0.024407191870059932
ENSDARG00000103937	1.2636542832220008	379	other	0.0329193086076609
ENSDARG00000103946	0.7877115103258028	409	other	0.03552505862937549
ENSDARG00000103947	0.4564804954450965	2567	high zero count	0.2229653435247112
ENSDARG00000103953	0.9452066505649603	9	other	7.81725006514375e-4
ENSDARG00000103956	-0.19072344830698332	366	other	0.03179015026491792
ENSDARG00000103957	0.5198772667018541	794	other	0.06896551724137931
ENSDARG00000103959	0.9682623425905087	6	other	5.211500043429167e-4
ENSDARG00000103962	1.335872629982591	125	other	0.010857291757144097
ENSDARG00000103969	-0.23934938792263466	1233	high zero count	0.10709632589246938
ENSDARG00000103976	1.4685797026350251	741	other	0.06436202553635022
ENSDARG00000103977	0.09413866630539212	88	other	0.007643533397029445
ENSDARG00000103978	0.2244957067470047	592	other	0.05142013376183445
ENSDARG00000103979	2.1509138631692584	8	other	6.948666724572223e-4
ENSDARG00000103980	0.34713588977275683	79	other	0.0068618083905150696
ENSDARG00000103988	0.1067718146686654	723	other	0.06279857552332146
ENSDARG00000103994	2.7831166756479044	9	other	7.81725006514375e-4
ENSDARG00000103996	0.45964509471002113	101	other	0.008772691739772432
ENSDARG00000104011	3.1202577153439788	3	other	2.6057500217145836e-4
ENSDARG00000104014	-0.1774545841961881	1517	high zero count	0.13176409276470077
ENSDARG00000104018	1.5433209012622737	13	other	0.0011291583427429862
ENSDARG00000104022	-0.19406500717530506	1988	high zero count	0.17267436810561973
ENSDARG00000104024	0.2577763571729345	145	other	0.012594458438287154
ENSDARG00000104028	0.6054819070810136	258	other	0.02240945018674542
ENSDARG00000104030	1.43361607133596	26	other	0.0022583166854859725
ENSDARG00000104031	0.8211591867380015	258	other	0.02240945018674542
ENSDARG00000104034	0.5719985072298361	56	other	0.004864066707200556
ENSDARG00000104039	0.08808726396896441	298	other	0.02588378354903153
ENSDARG00000104040	-0.059740547440040516	547	other	0.047511508729262575
ENSDARG00000104041	0.6516813448890528	145	other	0.012594458438287154
ENSDARG00000104042	0.020725062906565127	2519	high zero count	0.21879614348996787
ENSDARG00000104043	0.06837621027377658	3758	high zero count	0.32641361938678015
ENSDARG00000104047	0.009357988719842097	319	other	0.027707808564231738
ENSDARG00000104049	1.0131515626758898	267	other	0.023191175193259795
ENSDARG00000104058	0.4181366397343856	1050	high zero count	0.09120125076001043
ENSDARG00000104064	-0.21693026225096482	736	other	0.06392773386606444
ENSDARG00000104066	2.2346805094481392	4	other	3.4743333622861116e-4
ENSDARG00000104068	2.3175074099368462	9	other	7.81725006514375e-4
ENSDARG00000104069	0.6337091267871425	91	other	0.007904108399200903
ENSDARG00000104071	0.6913965628456388	117	other	0.010162425084686877
ENSDARG00000104073	-0.12989251521464684	1540	high zero count	0.1337618344480153
ENSDARG00000104076	0.36904928396003267	242	other	0.021019716841830974
ENSDARG00000104078	-0.003071603572200373	1556	high zero count	0.13515156779292972
ENSDARG00000104082	-0.22395079134387597	1281	high zero count	0.11126552592721271
ENSDARG00000104084	0.37859076133967107	366	other	0.03179015026491792
ENSDARG00000104085	1.0115605787082385	467	other	0.04056284200469035
ENSDARG00000104100	0.028982273345363397	657	other	0.05706592547554938
ENSDARG00000104101	-0.05131948468510638	1471	high zero count	0.12776860939807175
ENSDARG00000104103	0.5154595222911847	577	other	0.05011725875097715
ENSDARG00000104105	0.09995148344800109	122	other	0.010596716754972639
ENSDARG00000104107	-0.12224580024311829	3220	high zero count	0.279683835664032
ENSDARG00000104108	0.552983592141767	778	other	0.06757578389646486
ENSDARG00000104110	-0.2076502350403638	876	other	0.07608790063406584
ENSDARG00000104111	0.5990849971518729	165	other	0.01433162511943021
ENSDARG00000104114	0.2638276218814099	246	other	0.021367150178059586
ENSDARG00000104117	0.6746296706225803	153	other	0.013289325110744377
ENSDARG00000104118	0.1985487465905838	1155	high zero count	0.10032137583601146
ENSDARG00000104119	0.026285829927351276	935	other	0.08121254234343785
ENSDARG00000104128	0.13498475469255217	3449	high zero count	0.29957439416311993
ENSDARG00000104130	0.8453823226886217	16	other	0.0013897333449144446
ENSDARG00000104134	0.48850543358699305	1076	high zero count	0.0934595674454964
ENSDARG00000104139	0.5750886869522068	673	other	0.05845565882046382
ENSDARG00000104149	0.7213662029353135	122	other	0.010596716754972639
ENSDARG00000104169	0.9381535070728685	2	other	1.7371666811430558e-4
ENSDARG00000104170	-0.04918976593576778	2210	high zero count	0.19195691826630765
ENSDARG00000104172	0.6121259656532597	343	other	0.029792408581603404
ENSDARG00000104173	1.7431010730763765	18	other	0.00156345001302875
ENSDARG00000104177	0.61522121616919	2494	high zero count	0.21662468513853905
ENSDARG00000104178	0.7351317918590674	39	other	0.0033874750282289587
ENSDARG00000104181	2.115948107304478	196	other	0.017024233475201947
ENSDARG00000104186	-0.07495865052637904	1026	other	0.08911665074263876
ENSDARG00000104188	-0.2868221400788899	1098	high zero count	0.09537045079475376
ENSDARG00000104193	-0.014510113393015271	326	other	0.028315816902631807
ENSDARG00000104210	0.3479294558103076	948	other	0.08234170068618084
ENSDARG00000104213	-0.0552290921386549	1436	high zero count	0.1247285677060714
ENSDARG00000104221	1.032011820317191	488	other	0.042386867019890556
ENSDARG00000104222	0.6509749134324208	41	other	0.0035611916963432643
ENSDARG00000104223	0.6214734076039733	361	other	0.031355858594632156
ENSDARG00000104225	0.819634234270243	423	other	0.036741075306175625
ENSDARG00000104227	1.4106458657793972	41	other	0.0035611916963432643
ENSDARG00000104230	1.247561164899812	3	other	2.6057500217145836e-4
ENSDARG00000104235	-0.19103818180895354	706	other	0.061321983844349864
ENSDARG00000104239	1.4442213201086083	676	other	0.05871623382263528
ENSDARG00000104242	0.9926447383701295	212	other	0.018413966820116392
ENSDARG00000104243	0.13730965367790882	600	other	0.052115000434291674
ENSDARG00000104244	0.09758313275005237	92	other	0.007990966733258055
ENSDARG00000104251	0.45715153204507014	79	other	0.0068618083905150696
ENSDARG00000104255	-0.00720361441799178	333	other	0.02892382524103188
ENSDARG00000104256	0.18191830471619277	1690	high zero count	0.1467905845565882
ENSDARG00000104258	0.21151343697389133	766	other	0.06653348388777904
ENSDARG00000104264	0.42746891178220314	1334	high zero count	0.11586901763224182
ENSDARG00000104267	1.1512562925959606	285	other	0.024754625206288544
ENSDARG00000104274	-0.26678789218736293	694	other	0.06027968383566403
ENSDARG00000104276	-0.13193808979176397	227	other	0.01971684183097368
ENSDARG00000104277	0.4808386531529519	1356	high zero count	0.11777990098149918
ENSDARG00000104279	1.5218320389610607	8	other	6.948666724572223e-4
ENSDARG00000104280	0.15493565158388373	121	other	0.010509858420915487
ENSDARG00000104283	-0.14690970531327804	1503	high zero count	0.13054807608790064
ENSDARG00000104284	0.7343194009995648	1499	high zero count	0.13020064275167204
ENSDARG00000104285	0.7247454231584037	75	other	0.006514375054286459
ENSDARG00000104287	0.38624266561688875	670	other	0.058195083818292366
ENSDARG00000104288	0.15148897646772277	2046	high zero count	0.17771215148093458
ENSDARG00000104292	-0.06470968701789552	3046	high zero count	0.2645704855380874
ENSDARG00000104311	0.33705455122932726	644	other	0.055936767132806396
ENSDARG00000104312	0.7064765169603711	265	other	0.023017458525145487
ENSDARG00000104314	0.09477217281446695	527	other	0.04577434204811952
ENSDARG00000104315	0.25664317994659397	1165	high zero count	0.101189959176583
ENSDARG00000104316	0.7786081706267681	88	other	0.007643533397029445
ENSDARG00000104325	0.21659591649565094	1891	high zero count	0.1642491097020759
ENSDARG00000104329	0.208009482717467	1713	high zero count	0.1487883262399027
ENSDARG00000104339	-0.24198522797513355	1856	high zero count	0.16120906801007556
ENSDARG00000104340	-0.03909817060909388	1309	high zero count	0.11369755928081299
ENSDARG00000104342	0.8506712192537847	15	other	0.0013028750108572918
ENSDARG00000104343	0.6908149735740655	230	other	0.01997741683314514
ENSDARG00000104347	0.996250182570031	52	other	0.004516633370971945
ENSDARG00000104353	1.4643684435518358	13	other	0.0011291583427429862
ENSDARG00000104359	1.2361449855700335	218	other	0.018935116824459308
ENSDARG00000104361	0.27153496188442133	402	other	0.03491705029097542
ENSDARG00000104367	0.8120941383608018	336	other	0.029184400243203335
ENSDARG00000104370	0.10228328704326908	3359	high zero count	0.2917571440979762
ENSDARG00000104372	2.2229492036203107	4	other	3.4743333622861116e-4
ENSDARG00000104374	0.07834477783592603	1517	high zero count	0.13176409276470077
ENSDARG00000104375	1.1243186216994259	2353	high zero count	0.2043776600364805
ENSDARG00000104384	-0.03348259390441397	253	other	0.021975158516459654
ENSDARG00000104387	-0.25866253102498593	994	other	0.08633718405280986
ENSDARG00000104390	-0.01548224169355398	372	other	0.03231130026926084
ENSDARG00000104392	-0.10034040246039741	1715	high zero count	0.148962042908017
ENSDARG00000104396	0.31131280773989173	2210	high zero count	0.19195691826630765
ENSDARG00000104401	0.6152101617762668	177	other	0.015373925128116042
ENSDARG00000104404	-0.030987841270425857	1792	high zero count	0.1556501346304178
ENSDARG00000104413	0.8053197803360522	500	other	0.04342916702857639
ENSDARG00000104418	-0.08038177926683523	635	other	0.05515504212629202
ENSDARG00000104431	0.5217022633154638	464	other	0.04030226700251889
ENSDARG00000104435	0.31214788081648537	370	other	0.03213758360114653
ENSDARG00000104436	1.0794196034413333	1127	high zero count	0.09788934248241118
ENSDARG00000104437	1.2856173284850316	17	other	0.0014765916789715972
ENSDARG00000104439	0.9795177657715236	439	other	0.03813080865109007
ENSDARG00000104448	-0.06783612970636671	770	other	0.06688091722400764
ENSDARG00000104451	0.9925153084165138	64	other	0.005558933379657779
ENSDARG00000104453	0.07829381754427325	389	other	0.03378789194823243
ENSDARG00000104458	1.0566687700596233	298	other	0.02588378354903153
ENSDARG00000104470	0.2434086336246664	274	other	0.023799183531659863
ENSDARG00000104478	-0.07215231619824364	176	other	0.01528706679405889
ENSDARG00000104485	0.27374882668199146	1463	high zero count	0.12707374272561453
ENSDARG00000104487	0.0663631431548017	2326	high zero count	0.20203248501693738
ENSDARG00000104500	-0.06317533550844934	1491	high zero count	0.1295057760792148
ENSDARG00000104501	1.7760242629658711	1692	high zero count	0.1469643012247025
ENSDARG00000104502	0.887165279367982	896	other	0.0778250673152089
ENSDARG00000104505	0.4465850922756293	1216	high zero count	0.10561973421349778
ENSDARG00000104508	0.5036832752336119	211	other	0.018327108486059236
ENSDARG00000104516	0.629625732906452	66	other	0.005732650047772084
ENSDARG00000104517	1.7805874173253802	20	other	0.0017371666811430556
ENSDARG00000104522	0.5772632999923479	1599	high zero count	0.1388864761573873
ENSDARG00000104530	0.24053965374478797	9	other	7.81725006514375e-4
ENSDARG00000104537	2.712894784461163	15	other	0.0013028750108572918
ENSDARG00000104538	0.301158206816512	1885	high zero count	0.163727959697733
ENSDARG00000104540	1.3533660910275451	32	other	0.0027794666898288893
ENSDARG00000104541	0.1528338095007093	43	other	0.00373490836445757
ENSDARG00000104542	0.2661369270703615	957	other	0.08312342569269521
ENSDARG00000104550	0.0747650249530309	108	other	0.0093807000781725
ENSDARG00000104559	0.09188709695727829	423	other	0.036741075306175625
ENSDARG00000104568	0.4914414980749316	773	other	0.0671414922261791
ENSDARG00000104571	0.2625556901899954	821	other	0.07131069226092243
ENSDARG00000104572	1.499424653313217	275	other	0.023886041865717016
ENSDARG00000104573	0.7660610533516098	2	other	1.7371666811430558e-4
ENSDARG00000104576	0.06396820954516126	2651	high zero count	0.23026144358551204
ENSDARG00000104581	0.35432124696991557	493	other	0.042821158690176324
ENSDARG00000104587	0.7167070547563598	73	other	0.006340658386172153
ENSDARG00000104588	0.7254094449881462	995	other	0.08642404238686702
ENSDARG00000104596	0.04893212954234786	2121	high zero count	0.18422652653522106
ENSDARG00000104598	0.303313818065869	708	other	0.06149570051246417
ENSDARG00000104600	1.1791554493581202	273	other	0.02371232519760271
ENSDARG00000104609	0.8486698445414357	14	other	0.001216016676800139
ENSDARG00000104618	0.31459137226984923	2039	high zero count	0.17710414314253453
ENSDARG00000104635	-0.010496986564474625	809	other	0.0702683922522366
ENSDARG00000104636	0.5900483225194012	464	other	0.04030226700251889
ENSDARG00000104637	-0.09138983597092658	473	other	0.04108399200903327
ENSDARG00000104640	0.23544979986072492	236	other	0.020498566837488057
ENSDARG00000104641	0.8540832189632586	231	other	0.020064275167202293
ENSDARG00000104643	0.018766604443818724	1779	high zero count	0.1545209762876748
ENSDARG00000104644	0.001898330779531314	640	other	0.05558933379657778
ENSDARG00000104651	-0.10450617678418161	2488	high zero count	0.21610353513419614
ENSDARG00000104654	0.016276028236051517	612	other	0.053157300442977506
ENSDARG00000104660	-0.07086296246036178	596	other	0.05176756709806306
ENSDARG00000104663	0.8291005697592715	2030	high zero count	0.17632241813602015
ENSDARG00000104664	0.5334517304778729	145	other	0.012594458438287154
ENSDARG00000104665	1.3440175285613518	72	other	0.006253800052115
ENSDARG00000104669	0.1573285170584826	922	other	0.08008338400069487
ENSDARG00000104672	0.6847926101740397	1333	high zero count	0.11578215929818467
ENSDARG00000104674	1.867586375343335	12	other	0.0010423000086858334
ENSDARG00000104676	0.5138301123257113	90	other	0.007817250065143751
ENSDARG00000104678	0.5033496370164638	308	other	0.026752366889603058
ENSDARG00000104682	0.9110037846902952	10	other	8.685833405715278e-4
ENSDARG00000104687	0.39838092916872564	1305	high zero count	0.11335012594458438
ENSDARG00000104693	1.6450973757547653	60	other	0.005211500043429167
ENSDARG00000104696	0.19092885838886012	326	other	0.028315816902631807
ENSDARG00000104697	1.162969429711683	334	other	0.02901068357508903
ENSDARG00000104701	1.6677138421481736	188	other	0.016329366802744723
ENSDARG00000104702	1.086702298936713	195	other	0.01693737514114479
ENSDARG00000104708	0.28189435714770694	29	other	0.0025188916876574307
ENSDARG00000104709	0.12037638186337167	72	other	0.006253800052115
ENSDARG00000104710	0.055428697243194484	315	other	0.027360375228003126
ENSDARG00000104715	0.03221088180230178	1039	other	0.09024580908538174
ENSDARG00000104716	0.5181937337921564	1454	high zero count	0.12629201771910015
ENSDARG00000104719	-0.03445651688310406	398	other	0.03456961695474681
ENSDARG00000104722	0.336840993602879	408	other	0.035438200295318335
ENSDARG00000104726	0.3448840422086462	121	other	0.010509858420915487
ENSDARG00000104734	0.04280179677182421	1685	high zero count	0.14635629288630245
ENSDARG00000104735	0.015210260119021908	443	other	0.03847824198731868
ENSDARG00000104760	0.14413823320488273	568	other	0.049335533744462784
ENSDARG00000104765	0.23044112425739396	1016	other	0.08824806740206723
ENSDARG00000104768	0.09632666002156604	79	other	0.0068618083905150696
ENSDARG00000104770	0.50589942710226	927	other	0.08051767567098063
ENSDARG00000104771	0.5599869771773147	70	other	0.006080083384000695
ENSDARG00000104773	0.7578036549163208	3738	high zero count	0.3246764527056371
ENSDARG00000104782	2.493073222345538	1	other	8.685833405715279e-5
ENSDARG00000104783	0.046808435586869465	1068	high zero count	0.09276470077303918
ENSDARG00000104786	0.14282398941042407	871	other	0.07565360896378008
ENSDARG00000104789	0.3861110468541695	359	other	0.03118214192651785
ENSDARG00000104798	0.31912719167185216	1621	high zero count	0.14079735950664465
ENSDARG00000104806	1.1550310579578371	295	other	0.025623208546860073
ENSDARG00000104808	0.3942817357201922	563	other	0.048901242074177016
ENSDARG00000104809	-0.26194303439049943	422	other	0.03665421697211847
ENSDARG00000104810	0.2944649765231788	776	other	0.06740206722835056
ENSDARG00000104815	-0.1823433617830307	534	other	0.04638235038651959
ENSDARG00000104817	0.4847254320525082	66	other	0.005732650047772084
ENSDARG00000104820	0.9087276663249759	325	other	0.028228958568574655
ENSDARG00000104823	-0.09504676388390795	1356	high zero count	0.11777990098149918
ENSDARG00000104831	-0.004620074027039603	629	other	0.0546338921219491
ENSDARG00000104835	0.42686913217606937	27	other	0.002345175019543125
ENSDARG00000104836	0.184576267095014	381	other	0.03309302527577521
ENSDARG00000104837	1.0632596791198525	25	other	0.0021714583514288194
ENSDARG00000104840	-0.08816205108885744	245	other	0.021280291844002434
ENSDARG00000104845	0.018647663474799788	615	other	0.05341787544514896
ENSDARG00000104846	0.42437261095912465	350	other	0.030400416920003476
ENSDARG00000104848	0.20054524064709797	96	other	0.008338400069486667
ENSDARG00000104850	-0.20978014084766314	1832	high zero count	0.1591244679927039
ENSDARG00000104861	-0.1164726980932385	1989	high zero count	0.1727612264396769
ENSDARG00000104871	2.421738393226303	420	other	0.03648050030400417
ENSDARG00000104874	-0.058242622572080634	399	other	0.03465647528880396
ENSDARG00000104885	0.07904961559542313	992	other	0.08616346738469556
ENSDARG00000104886	0.2494414745805399	265	other	0.023017458525145487
ENSDARG00000104889	1.9394238260723669	6	other	5.211500043429167e-4
ENSDARG00000104901	1.50729838125772	122	other	0.010596716754972639
ENSDARG00000104903	0.29160189284741944	1878	high zero count	0.16311995135933294
ENSDARG00000104907	0.6117491902408502	359	other	0.03118214192651785
ENSDARG00000104924	-0.11967497700481956	616	other	0.053504733779206115
ENSDARG00000104929	0.6308692063586652	238	other	0.02067228350560236
ENSDARG00000104930	0.438489593382227	506	other	0.04395031703291931
ENSDARG00000104936	0.13190106847850563	1107	high zero count	0.09615217580126813
ENSDARG00000104937	0.037197573655895204	1090	high zero count	0.09467558412229654
ENSDARG00000104938	0.6461104768976018	12	other	0.0010423000086858334
ENSDARG00000104940	0.4320815444546925	657	other	0.05706592547554938
ENSDARG00000104945	1.2435908290627116	753	other	0.06540432554503604
ENSDARG00000104947	0.4896036762351866	1652	high zero count	0.1434899678624164
ENSDARG00000104953	1.096681196041765	187	other	0.01624250846868757
ENSDARG00000104959	0.12280335160711747	672	other	0.05836880048640667
ENSDARG00000104968	0.4533867807208865	341	other	0.0296186919134891
ENSDARG00000104973	0.4420211809385154	1844	high zero count	0.16016676800138974
ENSDARG00000104976	0.32652452542295873	1795	high zero count	0.15591070963258924
ENSDARG00000104980	0.17141806812065172	844	other	0.07330843394423694
ENSDARG00000104986	0.36020831875167303	458	other	0.03978111699817598
ENSDARG00000104996	0.4323720007565847	769	other	0.06679405888995049
ENSDARG00000105000	-0.10613416557795677	1674	high zero count	0.14540085121167376
ENSDARG00000105007	-0.17800047655483422	814	other	0.07070268392252237
ENSDARG00000105009	0.5597184526586066	561	other	0.04872752540606271
ENSDARG00000105010	0.8583848026182711	144	other	0.01250760010423
ENSDARG00000105011	0.20933172861979443	1969	high zero count	0.17102405975853383
ENSDARG00000105012	0.5098708353025416	106	other	0.009206983410058196
ENSDARG00000105013	-0.027594040898347508	958	other	0.08321028402675237
ENSDARG00000105014	0.07164779132494077	428	other	0.03717536697646139
ENSDARG00000105018	0.2089320422627481	138	other	0.011986450099887084
ENSDARG00000105019	0.08377044229731602	1246	high zero count	0.10822548423521237
ENSDARG00000105028	0.5901078440404532	250	other	0.021714583514288194
ENSDARG00000105033	1.1810322644119988	1649	high zero count	0.14322939286024494
ENSDARG00000105034	0.17172801656707593	2877	high zero count	0.24989142708242856
ENSDARG00000105035	0.1958804866265668	173	other	0.015026491791887432
ENSDARG00000105036	0.37447691756111007	82	other	0.007122383392686529
ENSDARG00000105037	1.624954581914381	47	other	0.004082341700686181
ENSDARG00000105040	0.21402365905995024	696	other	0.060453400503778336
ENSDARG00000105041	0.44762565232230295	628	other	0.05454703378789195
ENSDARG00000105045	0.42412152433753225	1203	high zero count	0.1044905758707548
ENSDARG00000105046	0.4176112742765735	339	other	0.029444975245374795
ENSDARG00000105071	-0.11976486522174193	196	other	0.017024233475201947
ENSDARG00000105073	0.4455874348322938	383	other	0.03326674194388952
ENSDARG00000105077	0.24725992425486676	1567	high zero count	0.1361070094675584
ENSDARG00000105080	-0.23437533816756004	898	other	0.0779987839833232
ENSDARG00000105083	0.0872833654693721	338	other	0.02935811691131764
ENSDARG00000105088	0.09793749516249821	71	other	0.006166941718057848
ENSDARG00000105095	0.5289773914323551	780	other	0.06774950056457917
ENSDARG00000105098	1.2492942951042325	26	other	0.0022583166854859725
ENSDARG00000105102	0.27318940769369443	64	other	0.005558933379657779
ENSDARG00000105109	0.7759942591551087	229	other	0.01989055849908799
ENSDARG00000105112	0.02288132071116474	132	other	0.011465300095544168
ENSDARG00000105113	0.5387209818239782	1211	high zero count	0.10518544254321202
ENSDARG00000105114	-0.14093033962110513	576	other	0.05003040041692
ENSDARG00000105116	2.1356231836664747	3	other	2.6057500217145836e-4
ENSDARG00000105117	0.9665862870255494	19	other	0.0016503083470859028
ENSDARG00000105118	1.167805061162263	1136	high zero count	0.09867106748892557
ENSDARG00000105122	0.7260348088304416	371	other	0.032224441935203685
ENSDARG00000105127	0.6454248842927226	545	other	0.04733779206114827
ENSDARG00000105131	0.2571965851659956	1074	high zero count	0.09328585077738209
ENSDARG00000105134	0.1367680891611976	79	other	0.0068618083905150696
ENSDARG00000105136	0.38639306129082857	67	other	0.005819508381829237
ENSDARG00000105142	0.3022112104806726	100	other	0.008685833405715278
ENSDARG00000105147	-0.133631413241751	2005	high zero count	0.17415095978459133
ENSDARG00000105154	1.0713974342908805	401	other	0.03483019195691826
ENSDARG00000105157	0.5367375237596999	489	other	0.04247372535394771
ENSDARG00000105159	0.045684661807699	166	other	0.014418483453487362
ENSDARG00000105177	1.4318778333611624	3	other	2.6057500217145836e-4
ENSDARG00000105182	0.6012971045443131	297	other	0.025796925214974377
ENSDARG00000105183	0.32638652869263235	1570	high zero count	0.13636758446972988
ENSDARG00000105184	-0.09391423246225045	284	other	0.024667766872231392
ENSDARG00000105185	0.47706065411109316	44	other	0.0038217666985147225
ENSDARG00000105187	0.3253537584726877	1938	high zero count	0.1683314514027621
ENSDARG00000105188	0.2173087201040291	617	other	0.05359159211326327
ENSDARG00000105190	-0.008390963496261478	1409	high zero count	0.12238339268652827
ENSDARG00000105195	0.47851683299673586	210	other	0.018240250152002084
ENSDARG00000105201	0.17045499782103643	251	other	0.02180144184834535
ENSDARG00000105206	0.8050091952999475	205	other	0.01780595848171632
ENSDARG00000105208	0.30759010580523005	939	other	0.08155997567966647
ENSDARG00000105209	0.9127727105615691	345	other	0.02996612524971771
ENSDARG00000105215	0.6545389354507163	1896	high zero count	0.16468340137236168
ENSDARG00000105223	0.8793661629157794	155	other	0.013463041778858681
ENSDARG00000105225	-0.3044690228182743	604	other	0.05246243377052028
ENSDARG00000105230	-0.15419497395117393	2287	high zero count	0.1986450099887084
ENSDARG00000105231	1.4197929612833247	45	other	0.0039086250325718755
ENSDARG00000105239	0.2449603814707373	1780	high zero count	0.15460783462173194
ENSDARG00000105243	1.167838589031721	10	other	8.685833405715278e-4
ENSDARG00000105255	0.12003327668306223	844	other	0.07330843394423694
ENSDARG00000105258	-0.01813735441844974	3202	high zero count	0.2781203856510032
ENSDARG00000105273	0.18266253844171243	295	other	0.025623208546860073
ENSDARG00000105274	1.530158035590233	1598	high zero count	0.13879961782333014
ENSDARG00000105276	0.15645997044164087	1210	high zero count	0.10509858420915487
ENSDARG00000105278	-0.05176681057322057	1016	other	0.08824806740206723
ENSDARG00000105281	0.2943722106600354	1458	high zero count	0.12663945105532876
ENSDARG00000105285	0.42807649746574467	150	other	0.013028750108572918
ENSDARG00000105286	0.03058571464961368	25	other	0.0021714583514288194
ENSDARG00000105287	0.3418569634929612	128	other	0.011117866759315557
ENSDARG00000105288	0.8643594055494984	43	other	0.00373490836445757
ENSDARG00000105292	-0.13445360857790384	488	other	0.042386867019890556
ENSDARG00000105293	2.03306823062295	8	other	6.948666724572223e-4
ENSDARG00000105296	-0.042388581975575906	827	other	0.07183184226526536
ENSDARG00000105300	1.1454492874139406	1818	high zero count	0.15790845131590375
ENSDARG00000105313	-0.005959330132656375	1274	high zero count	0.11065751758881265
ENSDARG00000105321	0.8590197799804996	447	other	0.0388256753235473
ENSDARG00000105329	-0.11783575345329095	741	other	0.06436202553635022
ENSDARG00000105341	1.5459129654271453	1616	high zero count	0.1403630678363589
ENSDARG00000105343	0.30291829136192033	799	other	0.06939980891166507
ENSDARG00000105364	-0.11360992871829718	277	other	0.02405975853383132
ENSDARG00000105367	1.3523909680457578	407	other	0.03535134196126118
ENSDARG00000105389	0.27620129808744076	1098	high zero count	0.09537045079475376
ENSDARG00000105394	0.5920052979498499	1022	other	0.08876921740641014
ENSDARG00000105411	1.0625007239011646	776	other	0.06740206722835056
ENSDARG00000105412	0.42654200296374895	247	other	0.021454008512116738
ENSDARG00000105424	0.18615751813096723	1585	high zero count	0.13767045948058718
ENSDARG00000105428	0.227264344527341	1588	high zero count	0.13793103448275862
ENSDARG00000105437	0.8300130477609601	450	other	0.039086250325718754
ENSDARG00000105438	-0.15104487343868986	751	other	0.06523060887692174
ENSDARG00000105439	1.5812876364110235	767	other	0.06662034222183619
ENSDARG00000105441	0.282142083844167	336	other	0.029184400243203335
ENSDARG00000105443	0.16227597056506765	213	other	0.018500825154173544
ENSDARG00000105445	1.6240633476145419	276	other	0.023972900199774168
ENSDARG00000105450	0.5778746090685397	184	other	0.01598193346651611
ENSDARG00000105454	1.6897191430898553	556	other	0.04829323373577695
ENSDARG00000105463	0.46760227606269067	2330	high zero count	0.202379918353166
ENSDARG00000105464	0.6017475263579671	248	other	0.02154086684617389
ENSDARG00000105465	0.7257039115727184	259	other	0.02249630852080257
ENSDARG00000105473	0.24102838281629899	403	other	0.035003908625032575
ENSDARG00000105479	0.1831807297108974	186	other	0.01615565013463042
ENSDARG00000105503	0.4108432158982214	42	other	0.003648050030400417
ENSDARG00000105510	0.6344173718115801	679	other	0.05897680882480674
ENSDARG00000105529	0.008453231953937388	617	other	0.05359159211326327
ENSDARG00000105532	0.41225885184780203	163	other	0.014157908451315903
ENSDARG00000105549	0.16122919389137907	1566	high zero count	0.13602015113350127
ENSDARG00000105551	0.42833012831637196	1586	high zero count	0.13775731781464431
ENSDARG00000105568	0.0018377565606613284	486	other	0.04221315035177625
ENSDARG00000105570	1.5617563682391482	227	other	0.01971684183097368
ENSDARG00000105575	0.48387472850522284	237	other	0.02058542517154521
ENSDARG00000105583	1.066151379036336	677	other	0.05880309215669244
ENSDARG00000105590	0.5307305783381878	722	other	0.06271171718926431
ENSDARG00000105592	1.6332722618492326	1077	high zero count	0.09354642577955355
ENSDARG00000105608	0.2614540734355363	434	other	0.037696516980804305
ENSDARG00000105620	0.47374272031566267	1515	high zero count	0.13159037609658647
ENSDARG00000105631	-0.08082069044954555	679	other	0.05897680882480674
ENSDARG00000105641	0.19152849421864057	327	other	0.02840267523668896
ENSDARG00000105648	0.6019025220267374	313	other	0.027186658559888822
ENSDARG00000105651	1.536542496868143	882	other	0.07660905063840875
ENSDARG00000105652	0.21586754699082114	1627	high zero count	0.14131850951098757
ENSDARG00000105655	0.06867598004987838	1909	high zero count	0.16581255971510467
ENSDARG00000105657	-0.16625917859202052	367	other	0.03187700859897507
ENSDARG00000105669	0.6330483223030597	37	other	0.003213758360114653
ENSDARG00000105682	0.6819314098439522	1634	high zero count	0.14192651784938765
ENSDARG00000105683	0.6165101406896918	1076	high zero count	0.0934595674454964
ENSDARG00000105689	0.6589752188950051	111	other	0.009641275080343958
ENSDARG00000105692	-0.06613479642115522	1092	high zero count	0.09484930079041085
ENSDARG00000105696	0.8603611472922299	62	other	0.0053852167115434725
ENSDARG00000105703	0.3258163459599633	932	other	0.08095196734126639
ENSDARG00000105713	-0.139770521194749	699	other	0.0607139755059498
ENSDARG00000105721	1.0194212846158281	1783	high zero count	0.1548684096239034
ENSDARG00000105736	0.489749982506556	1487	high zero count	0.12915834274298618
ENSDARG00000105741	0.6222595125840775	384	other	0.03335360027794667
ENSDARG00000105744	0.2713893157506734	274	other	0.023799183531659863
ENSDARG00000105781	0.2897393680186925	221	other	0.019195691826630765
ENSDARG00000105782	-0.02825835072695867	1809	high zero count	0.1571267263093894
ENSDARG00000105784	0.021515169406079	76	other	0.006601233388343611
ENSDARG00000105787	0.007690166180214424	1217	high zero count	0.10570659254755493
ENSDARG00000105792	0.3175254583721817	326	other	0.028315816902631807
ENSDARG00000105793	0.4191066731420904	1300	high zero count	0.11291583427429862
ENSDARG00000105797	0.3012264048750929	567	other	0.04924867541040563
ENSDARG00000105803	1.2484145678149288	1799	high zero count	0.15625814296881785
ENSDARG00000105815	0.39657341258998535	1378	high zero count	0.11969078433075654
ENSDARG00000105816	0.0734684472092485	753	other	0.06540432554503604
ENSDARG00000105820	0.09936928690682004	1975	high zero count	0.17154520976287674
ENSDARG00000105822	0.15244478130256442	750	other	0.06514375054286459
ENSDARG00000105827	0.61723619175201	308	other	0.026752366889603058
ENSDARG00000105831	0.050309197027766546	796	other	0.06913923390949361
ENSDARG00000105863	0.0920790861597686	704	other	0.06114826717623556
ENSDARG00000106248	0.8160478001079786	503	other	0.04368974203074785
ENSDARG00000106529	1.4871698494962118	17	other	0.0014765916789715972
ENSDARG00000106560	0.5784729296234645	908	other	0.07886736732389472
ENSDARG00000106631	-0.1704664846020488	473	other	0.04108399200903327
ENSDARG00000106808	0.3745781257344937	545	other	0.04733779206114827
ENSDARG00000106873	-0.2606674659194024	521	other	0.0452531920437766
ENSDARG00000107086	-0.36589124300205533	1656	high zero count	0.14383740119864502
ENSDARG00000107296	0.07480640197395658	658	other	0.05715278380960653
ENSDARG00000107353	0.17417295680514827	974	other	0.08460001737166681
ENSDARG00000107385	0.10410035588321219	822	other	0.07139755059497958
ENSDARG00000107486	0.181427814875234	695	other	0.060366542169721184
ENSDARG00000107511	0.38850381646155063	178	other	0.015460783462173196
ENSDARG00000107526	0.7017430212843268	1198	high zero count	0.10405628420046903
ENSDARG00000107947	-0.17906711954597895	1134	high zero count	0.09849735082081126
ENSDARG00000108006	0.08898544333209657	937	other	0.08138625901155216
ENSDARG00000108038	0.11990036715891912	425	other	0.036914791974289936
ENSDARG00000108060	0.17440569919412688	301	other	0.02614435855120299
ENSDARG00000108136	1.3783562664177362	14	other	0.001216016676800139
ENSDARG00000108298	-0.15031533360497312	682	other	0.0592373838269782
ENSDARG00000108467	1.4192057514764813	888	other	0.07713020064275167
ENSDARG00000108525	-0.17822187812966683	838	other	0.07278728393989403
ENSDARG00000108781	0.6291446170491608	310	other	0.026926083557717362
ENSDARG00000108937	0.8856960091921887	749	other	0.06505689220880743
ENSDARG00000109202	2.217493220448719	75	other	0.006514375054286459
ENSDARG00000109263	1.1280522924078102	780	other	0.06774950056457917
ENSDARG00000109289	1.096869673696882	55	other	0.004777208373143403
ENSDARG00000109310	1.9259003280796587	69	other	0.005993225049943542
ENSDARG00000109337	0.5835857431069175	245	other	0.021280291844002434
ENSDARG00000109373	0.9636745053050053	71	other	0.006166941718057848
ENSDARG00000109510	1.2518252890275543	13	other	0.0011291583427429862
ENSDARG00000109597	0.5111786516523368	56	other	0.004864066707200556
ENSDARG00000109643	0.4593261404666599	229	other	0.01989055849908799
ENSDARG00000109646	0.7579802099249057	124	other	0.010770433423086945
ENSDARG00000109648	0.9679749869826568	284	other	0.024667766872231392
ENSDARG00000109658	-0.019314111797579518	1209	high zero count	0.10501172587509772
ENSDARG00000109663	-0.007474670722098579	934	other	0.0811256840093807
ENSDARG00000109686	0.693326151970839	202	other	0.017545383479544863
ENSDARG00000109742	0.6403470104249686	273	other	0.02371232519760271
ENSDARG00000109774	1.1713798950916612	102	other	0.008859550073829584
ENSDARG00000109818	0.7567235381867293	560	other	0.04864066707200556
ENSDARG00000109820	0.847416593887764	586	other	0.05089898375749153
ENSDARG00000109824	0.5829545947155449	259	other	0.02249630852080257
ENSDARG00000109830	0.5998172515242652	30	other	0.0026057500217145837
ENSDARG00000109862	0.31955952376610736	378	other	0.03283245027360375
ENSDARG00000109864	0.613297723947401	1576	high zero count	0.1368887344740728
ENSDARG00000109961	0.8068044491094576	45	other	0.0039086250325718755
ENSDARG00000109963	0.18090376731001032	635	other	0.05515504212629202
ENSDARG00000110003	0.2675640546833246	210	other	0.018240250152002084
ENSDARG00000110005	0.746747530113132	1200	high zero count	0.10423000086858335
ENSDARG00000110020	0.06167130840980894	665	other	0.0577607921480066
ENSDARG00000110105	-0.02223033548325879	505	other	0.04386345869886216
ENSDARG00000110111	0.1936841818095897	1121	high zero count	0.09736819247806827
ENSDARG00000110147	0.5028416191778092	266	other	0.02310431685920264
ENSDARG00000110178	0.16240851215633134	1268	high zero count	0.11013636758446974
ENSDARG00000110183	0.6921766199981979	259	other	0.02249630852080257
ENSDARG00000110192	1.4761933487976657	1337	high zero count	0.11612959263441328
ENSDARG00000110240	0.40590991255983944	430	other	0.0373490836445757
ENSDARG00000110288	-0.033422063457508554	341	other	0.0296186919134891
ENSDARG00000110298	0.11432902855866789	351	other	0.030487275254060628
ENSDARG00000110315	2.1485457524221925	4	other	3.4743333622861116e-4
ENSDARG00000110320	0.4672882057219955	353	other	0.030660991922174932
ENSDARG00000110325	0.1187864682976986	485	other	0.0421262920177191
ENSDARG00000110346	0.0017374643222163118	983	other	0.08538174237818119
ENSDARG00000110357	1.7163027003908833	429	other	0.037262225310518544
ENSDARG00000110481	0.45178622151780257	1004	other	0.0872057673933814
ENSDARG00000110501	0.8772856757747747	1007	other	0.08746634239555286
ENSDARG00000110510	1.3869241839073518	404	other	0.03509076695908973
ENSDARG00000110517	1.0568600790486398	436	other	0.037870233648918616
ENSDARG00000110528	1.6154126690353066	999	other	0.08677147572309563
ENSDARG00000110581	0.5022368103595688	103	other	0.008946408407886736
ENSDARG00000110608	1.1612939178921604	71	other	0.006166941718057848
ENSDARG00000110634	-0.2425454064843529	698	other	0.06062711717189264
ENSDARG00000110648	0.8904341546256828	1188	high zero count	0.10318770085989751
ENSDARG00000110654	0.9814710189866456	15	other	0.0013028750108572918
ENSDARG00000110680	0.18612469172067675	439	other	0.03813080865109007
ENSDARG00000110698	0.21478557339594914	1271	high zero count	0.11039694258664119
ENSDARG00000110700	1.1509024331115425	956	other	0.08303656735863806
ENSDARG00000110702	0.7069301352142181	848	other	0.07365586728046557
ENSDARG00000110709	0.7443661969520311	46	other	0.003995483366629028
ENSDARG00000110756	0.06302058674856835	721	other	0.06262485885520716
ENSDARG00000110836	0.9302577233227656	812	other	0.07052896725440806
ENSDARG00000110878	0.6687160077219528	336	other	0.029184400243203335
ENSDARG00000110900	0.703235314475196	1217	high zero count	0.10570659254755493
ENSDARG00000110922	0.47008585779165857	79	other	0.0068618083905150696
ENSDARG00000110950	0.1603072482060524	1094	high zero count	0.09502301745852515
ENSDARG00000110960	1.1173817966209785	827	other	0.07183184226526536
ENSDARG00000110963	0.8278185499545787	398	other	0.03456961695474681
ENSDARG00000110967	0.9470499867565988	326	other	0.028315816902631807
ENSDARG00000110991	0.737516240464158	80	other	0.006948666724572223
ENSDARG00000111014	0.10900946925899456	598	other	0.05194128376617736
ENSDARG00000111043	-0.10601327056227684	940	other	0.08164683401372362
ENSDARG00000111091	0.05535219802314575	58	other	0.005037783375314861
ENSDARG00000111106	0.37565826030170724	377	other	0.0327455919395466
ENSDARG00000111170	-0.24087758601270645	717	other	0.062277425518978545
ENSDARG00000111188	0.8313193588310036	1558	high zero count	0.13532528446104403
ENSDARG00000111235	0.7809355631082069	258	other	0.02240945018674542
ENSDARG00000111240	0.042472594538911564	256	other	0.022235733518631114
ENSDARG00000111249	-0.15081966957970835	1072	high zero count	0.09311213410926779
ENSDARG00000111258	-0.0672221866886469	530	other	0.046034917050290974
ENSDARG00000111290	0.3558328470169772	648	other	0.056284200469035005
ENSDARG00000111323	0.5288895924409222	249	other	0.021627725180231042
ENSDARG00000111326	0.13374133053483533	1219	high zero count	0.10588030921566924
ENSDARG00000111357	-0.14152295582857752	496	other	0.04308173369234778
ENSDARG00000111388	-0.06802813131432836	589	other	0.05115955875966299
ENSDARG00000111423	0.269887762101872	381	other	0.03309302527577521
ENSDARG00000111436	0.3653473357846602	598	other	0.05194128376617736
ENSDARG00000111474	-0.027796428108646094	1028	other	0.08929036741075307
ENSDARG00000111509	0.6297455247955288	42	other	0.003648050030400417
ENSDARG00000111515	0.6444045601750941	243	other	0.021106575175888126
ENSDARG00000111583	0.25252406110848047	1351	high zero count	0.1173456093112134
ENSDARG00000111588	-0.07018607604103963	345	other	0.02996612524971771
ENSDARG00000111612	0.8308127162983413	166	other	0.014418483453487362
ENSDARG00000111625	1.385192218377417	186	other	0.01615565013463042
ENSDARG00000111637	0.04133739255595971	489	other	0.04247372535394771
ENSDARG00000111698	0.08802162034451516	589	other	0.05115955875966299
ENSDARG00000111714	1.0368402409617947	157	other	0.013636758446972987
ENSDARG00000111722	0.7821363693542652	547	other	0.047511508729262575
ENSDARG00000111747	0.4463549807968021	396	other	0.0343959002866325
ENSDARG00000111759	0.5694165130918243	161	other	0.013984191783201599
ENSDARG00000111785	0.9663350219077146	424	other	0.036827933640232784
ENSDARG00000111801	0.42860358891197975	169	other	0.01467905845565882
ENSDARG00000111812	0.9669591495676986	414	other	0.035959350299661255
ENSDARG00000111835	3.039343417075162	1848	high zero count	0.16051420133761835
ENSDARG00000111876	-0.2617241571882735	474	other	0.04117085034309042
ENSDARG00000111877	1.064087370119432	17	other	0.0014765916789715972
ENSDARG00000111939	1.8945644499975398	36	other	0.0031269000260575
ENSDARG00000111949	0.7151502239851337	1475	high zero count	0.12811604273430036
ENSDARG00000111969	0.26509773967582306	361	other	0.031355858594632156
ENSDARG00000111997	-0.09358666655631245	1207	high zero count	0.10483800920698341
ENSDARG00000111998	-0.3086796633173238	914	other	0.07938851732823765
ENSDARG00000112002	1.0294059247091156	505	other	0.04386345869886216
ENSDARG00000112015	-0.12504117769462197	422	other	0.03665421697211847
ENSDARG00000112019	-0.1888980310280959	1480	high zero count	0.12855033440458613
ENSDARG00000112034	-0.18019822327373627	814	other	0.07070268392252237
ENSDARG00000112047	0.17603572866143866	375	other	0.03257187527143229
ENSDARG00000112049	0.6134420053007597	370	other	0.03213758360114653
ENSDARG00000112052	0.3106650890307947	1406	high zero count	0.12212281768435682
ENSDARG00000112087	1.0324844969438878	37	other	0.003213758360114653
ENSDARG00000112126	0.08204386364723469	632	other	0.054894467124120556
ENSDARG00000112132	0.40200269379931386	645	other	0.05602362546686355
ENSDARG00000112165	0.27564636514967933	1595	high zero count	0.1385390428211587
ENSDARG00000112168	-0.24445664820423346	1572	high zero count	0.13654130113784418
ENSDARG00000112213	0.442805508243918	828	other	0.07191870059932251
ENSDARG00000112217	-0.2288510033324734	954	other	0.08286285069052375
ENSDARG00000112234	0.15087068633807837	1210	high zero count	0.10509858420915487
ENSDARG00000112254	0.23972072261951316	470	other	0.04082341700686181
ENSDARG00000112275	1.8298289906300353	30	other	0.0026057500217145837
ENSDARG00000112337	0.25404491306044297	408	other	0.035438200295318335
ENSDARG00000112435	0.2525064220657187	255	other	0.02214887518457396
ENSDARG00000112454	-0.015559526214316038	268	other	0.023278033527316947
ENSDARG00000112460	0.25765797270433016	632	other	0.054894467124120556
ENSDARG00000112476	0.553536398113926	61	other	0.0052983583774863195
ENSDARG00000112483	1.1166587898256803	3	other	2.6057500217145836e-4
ENSDARG00000112547	0.7326495350873273	1604	high zero count	0.13932076782767305
ENSDARG00000112564	0.4675409097464329	307	other	0.026665508555545905
ENSDARG00000112569	-0.17005759247942948	1495	high zero count	0.1298532094154434
ENSDARG00000112575	-0.05597393397678357	1213	high zero count	0.10535915921132633
ENSDARG00000112579	0.28792928332911916	81	other	0.007035525058629376
ENSDARG00000112601	0.5185242948560366	1568	high zero count	0.13619386780161558
ENSDARG00000112637	-0.0764842311441681	1298	high zero count	0.11274211760618431
ENSDARG00000112644	0.3374763937455815	249	other	0.021627725180231042
ENSDARG00000112648	0.5334969969885002	297	other	0.025796925214974377
ENSDARG00000112651	1.401458145059919	195	other	0.01693737514114479
ENSDARG00000112667	0.6840599541342927	57	other	0.004950925041257708
ENSDARG00000112691	0.6013716819366265	138	other	0.011986450099887084
ENSDARG00000112728	0.5697375460030685	1436	high zero count	0.1247285677060714
ENSDARG00000112751	0.06475508609265271	416	other	0.03613306696777556
ENSDARG00000112767	0.3495441040348395	295	other	0.025623208546860073
ENSDARG00000112884	0.7427975427680888	219	other	0.01902197515851646
ENSDARG00000112909	-0.19915429797466153	1068	high zero count	0.09276470077303918
ENSDARG00000112931	1.060360622978398	31	other	0.0026926083557717363
ENSDARG00000112944	0.4978036253633017	972	other	0.0844263007035525
ENSDARG00000112959	0.28561172090773435	127	other	0.011031008425258403
ENSDARG00000112977	0.8370126522227226	264	other	0.022930600191088335
ENSDARG00000112993	-0.196466516247316	968	other	0.0840788673673239
ENSDARG00000113027	0.10920211441833723	339	other	0.029444975245374795
ENSDARG00000113076	0.4722592671806921	705	other	0.06123512551029271
ENSDARG00000113103	0.2960269782640714	243	other	0.021106575175888126
ENSDARG00000113137	0.4418642391858498	1022	other	0.08876921740641014
ENSDARG00000113139	0.9183842046111229	1723	high zero count	0.14965690958047426
ENSDARG00000113246	0.19238442610027442	457	other	0.039694258664118826
ENSDARG00000113250	0.2307870549003945	1488	high zero count	0.12924520107704335
ENSDARG00000113284	0.38830499279344427	704	other	0.06114826717623556
ENSDARG00000113332	0.3287748370861983	327	other	0.02840267523668896
ENSDARG00000113363	1.441381394323006	313	other	0.027186658559888822
ENSDARG00000113364	1.556203702584245	706	other	0.061321983844349864
ENSDARG00000113365	0.36113090647596263	411	other	0.03569877529748979
ENSDARG00000113391	0.2903509759036652	1574	high zero count	0.1367150178059585
ENSDARG00000113393	-0.11739417511343568	165	other	0.01433162511943021
ENSDARG00000113458	0.8003707304292368	897	other	0.07791192564926605
ENSDARG00000113503	1.1659734403426811	168	other	0.014592200121601668
ENSDARG00000113510	0.13321435088140995	270	other	0.02345175019543125
ENSDARG00000113525	-0.20409148833572274	1595	high zero count	0.1385390428211587
ENSDARG00000113527	0.7079871665756559	414	other	0.035959350299661255
ENSDARG00000113572	0.5948384435920242	308	other	0.026752366889603058
ENSDARG00000113599	0.705582059855309	1214	high zero count	0.10544601754538348
ENSDARG00000113607	-0.1299392244464862	435	other	0.037783375314861464
ENSDARG00000113609	-0.19647455509677872	1129	high zero count	0.09806305915052549
ENSDARG00000113643	-0.20298134320160316	514	other	0.04464518370537653
ENSDARG00000113660	0.30230900618984197	663	other	0.057587075479892294
ENSDARG00000113666	0.2940869682337411	1355	high zero count	0.11769304264744203
ENSDARG00000113678	0.022540422204715502	1012	other	0.08790063406583862
ENSDARG00000113690	0.49113943845670566	391	other	0.03396160861634674
ENSDARG00000113737	-0.1633594288719237	1020	other	0.08859550073829583
ENSDARG00000113761	-0.1613561516206471	746	other	0.06479631720663598
ENSDARG00000113768	0.268309260450939	996	other	0.08651090072092417
ENSDARG00000113771	0.12966643351307242	380	other	0.03300616694171806
ENSDARG00000113804	0.41950191588684965	414	other	0.035959350299661255
ENSDARG00000113826	0.391226690219064	617	other	0.05359159211326327
ENSDARG00000113848	-0.07503220122180787	1549	high zero count	0.13454355945452967
ENSDARG00000113877	0.214161703624178	1186	high zero count	0.1030139841917832
ENSDARG00000113896	1.045050454974517	188	other	0.016329366802744723
ENSDARG00000113899	0.8319857869433325	24	other	0.002084600017371667
ENSDARG00000113932	0.27962346935871324	1580	high zero count	0.1372361678103014
ENSDARG00000113969	1.6767039966436892	161	other	0.013984191783201599
ENSDARG00000113971	-0.13609988662681544	286	other	0.024841483540345696
ENSDARG00000114022	0.7175261612237483	1326	high zero count	0.11517415095978459
ENSDARG00000114030	0.3796379520092035	325	other	0.028228958568574655
ENSDARG00000114038	0.8057466377137372	16	other	0.0013897333449144446
ENSDARG00000114063	0.5194227973390435	247	other	0.021454008512116738
ENSDARG00000114067	0.30471487305031547	365	other	0.031703291930860765
ENSDARG00000114142	0.8076449712965466	166	other	0.014418483453487362
ENSDARG00000114187	0.5618698320141181	362	other	0.03144271692868931
ENSDARG00000114227	1.3289371419925282	122	other	0.010596716754972639
ENSDARG00000114237	0.23051566035588097	541	other	0.046990358724919655
ENSDARG00000114245	1.0664612410525593	701	other	0.060887692174064104
ENSDARG00000114258	0.2983387995347883	492	other	0.04273430035611917
ENSDARG00000114309	-0.027258985021375932	347	other	0.030139841917832016
ENSDARG00000114332	0.5563675386994649	666	other	0.05784765048206376
ENSDARG00000114345	-0.055343407521331246	283	other	0.024580908538174236
ENSDARG00000114425	0.8135033647159302	53	other	0.004603491705029098
ENSDARG00000114454	0.49434246954738975	601	other	0.052201858768348826
ENSDARG00000114495	-0.11415529197990534	284	other	0.024667766872231392
ENSDARG00000114502	0.42293460193298343	1324	high zero count	0.11500043429167028
ENSDARG00000114508	0.33544866686921454	34	other	0.0029531833579431945
ENSDARG00000114529	1.2886808990603449	166	other	0.014418483453487362
ENSDARG00000114549	1.0571862321472423	502	other	0.0436028836966907
ENSDARG00000114552	1.3172496507500562	112	other	0.009728133414401112
ENSDARG00000114554	0.7016723073071381	680	other	0.059063667158863895
ENSDARG00000114577	0.6151658492100183	277	other	0.02405975853383132
ENSDARG00000114583	1.6112129659381067	42	other	0.003648050030400417
ENSDARG00000114589	0.7403966495301102	220	other	0.019108833492573613
ENSDARG00000114670	0.8688095220226312	238	other	0.02067228350560236
ENSDARG00000114675	1.095458161180247	608	other	0.05280986710674889
ENSDARG00000114695	0.966875649040924	112	other	0.009728133414401112
ENSDARG00000114704	-0.23103762216907864	1244	high zero count	0.10805176756709807
ENSDARG00000114711	0.6259135712237662	230	other	0.01997741683314514
ENSDARG00000114730	0.17285615647502914	92	other	0.007990966733258055
ENSDARG00000114760	0.7057128065474377	200	other	0.017371666811430556
ENSDARG00000114797	0.6128993969956719	423	other	0.036741075306175625
ENSDARG00000114825	-0.24380979574030956	1094	high zero count	0.09502301745852515
ENSDARG00000114870	0.1078508669649873	567	other	0.04924867541040563
ENSDARG00000114885	0.692219443963514	89	other	0.007730391731086598
ENSDARG00000114935	0.5518479056137435	200	other	0.017371666811430556
ENSDARG00000115082	-0.31363858123114413	1421	high zero count	0.12342569269521411
ENSDARG00000115094	0.40453005152905763	287	other	0.02492834187440285
ENSDARG00000115108	1.2235259720716731	217	other	0.018848258490402153
ENSDARG00000115143	0.3511242215906647	990	other	0.08598975071658126
ENSDARG00000115174	1.030071735953216	277	other	0.02405975853383132
ENSDARG00000115208	0.3565696774157224	1424	high zero count	0.12368626769738557
ENSDARG00000115222	0.7198190850494403	92	other	0.007990966733258055
ENSDARG00000115238	0.4433841755640184	748	other	0.06497003387475028
ENSDARG00000115266	-0.15448004040068739	1011	other	0.08781377573178147
ENSDARG00000115299	0.7346814741507313	221	other	0.019195691826630765
ENSDARG00000115301	0.03560584006421658	326	other	0.028315816902631807
ENSDARG00000115349	0.24047748921733667	439	other	0.03813080865109007
ENSDARG00000115383	0.7753415148555974	146	other	0.012681316772344306
ENSDARG00000115421	0.3196078754521048	715	other	0.06210370885086424
ENSDARG00000115428	-0.05621512386386982	569	other	0.049422392078519936
ENSDARG00000115504	0.6502261212299962	288	other	0.02501520020846
ENSDARG00000115506	0.031166192155018365	482	other	0.04186571701554764
ENSDARG00000115540	0.22964951965246627	851	other	0.07391644228263702
ENSDARG00000115547	0.5136897453728545	1299	high zero count	0.11282897594024147
ENSDARG00000115573	1.0364599672931272	433	other	0.03760965864674715
ENSDARG00000115609	0.5505430365498847	238	other	0.02067228350560236
ENSDARG00000115610	0.48005890487350616	431	other	0.03743594197863285
ENSDARG00000115657	0.326576804455495	172	other	0.01493963345783028
ENSDARG00000115717	0.9432394010321585	440	other	0.038217666985147225
ENSDARG00000115737	0.4385478342774496	119	other	0.01033614175280118
ENSDARG00000115763	0.8563296589717788	305	other	0.026491791887431598
ENSDARG00000115778	0.09319586809015637	331	other	0.02875010857291757
ENSDARG00000115830	0.18634598110139197	345	other	0.02996612524971771
ENSDARG00000115843	0.6735323304793729	211	other	0.018327108486059236
ENSDARG00000115862	1.5054162855092412	1	other	8.685833405715279e-5
ENSDARG00000115869	0.2065399548461689	207	other	0.017979675149830628
ENSDARG00000115978	0.728423376870254	478	other	0.04151828367931903
ENSDARG00000115987	0.08018681862060348	325	other	0.028228958568574655
ENSDARG00000116042	0.2752506230539237	949	other	0.08242855902023799
ENSDARG00000116047	0.695893724916424	967	other	0.08399200903326674
ENSDARG00000116058	1.94062307166941	11	other	9.554416746286806e-4
ENSDARG00000116066	0.46516347089209503	1170	high zero count	0.10162425084686875
ENSDARG00000116076	1.5807827996193613	20	other	0.0017371666811430556
ENSDARG00000116119	0.34287972362628377	564	other	0.04898810040823417
ENSDARG00000116127	0.17327892434978523	1390	high zero count	0.12073308433944237
ENSDARG00000116139	0.5441584930927612	296	other	0.025710066880917225
ENSDARG00000116146	0.30667865930078564	355	other	0.03083470859028924
ENSDARG00000116197	0.398095800201683	315	other	0.027360375228003126
ENSDARG00000116271	1.3336432511504852	97	other	0.00842525840354382
ENSDARG00000116300	0.5732415466461612	84	other	0.007296100060800834
ENSDARG00000116344	0.492067967059566	205	other	0.01780595848171632
ENSDARG00000116374	0.32290515323784813	574	other	0.0498566837488057
ENSDARG00000116402	0.20825753493656549	928	other	0.08060453400503778
ENSDARG00000116433	2.2074356912144086	1707	high zero count	0.1482671762355598
ENSDARG00000116438	-0.006890590682692136	1313	high zero count	0.11404499261704161
ENSDARG00000116445	0.20297739189434985	446	other	0.038738816989490145
ENSDARG00000116457	-0.07284361379036355	831	other	0.07217927560149397
ENSDARG00000116487	1.129096702806376	654	other	0.05680535047337792
ENSDARG00000116491	2.0345927492727034	5	other	4.342916702857639e-4
ENSDARG00000116511	0.4845783670170336	172	other	0.01493963345783028
ENSDARG00000116524	1.0311072413280755	475	other	0.04125770867714757
ENSDARG00000116565	0.17845108011879143	488	other	0.042386867019890556
ENSDARG00000116608	0.06731418302296947	1248	high zero count	0.10839920090332668
ENSDARG00000116617	2.061762632165252	63	other	0.0054720750456006256
ENSDARG00000116618	0.33310800795992146	1179	high zero count	0.10240597585338314
ENSDARG00000116649	1.2465735844905248	24	other	0.002084600017371667
ENSDARG00000116680	0.7662108852761668	24	other	0.002084600017371667
ENSDARG00000116690	0.027155956221644708	384	other	0.03335360027794667
ENSDARG00000116712	0.5828874309500522	107	other	0.009293841744115348
ENSDARG00000116713	0.39257910507396754	71	other	0.006166941718057848
ENSDARG00000116727	-0.18129909081736587	820	other	0.07122383392686528
ENSDARG00000116759	0.18479382384045057	588	other	0.051072700425605834
ENSDARG00000116806	0.5412648996208373	345	other	0.02996612524971771
ENSDARG00000116814	0.5823321935017344	206	other	0.017892816815773472
ENSDARG00000116832	0.6244928147085695	1743	high zero count	0.1513940762616173
ENSDARG00000116833	0.49401237638174184	294	other	0.025536350212802917
ENSDARG00000116835	0.8868844820977406	164	other	0.014244766785373057
ENSDARG00000116843	2.6945165916852036	119	other	0.01033614175280118
ENSDARG00000116871	0.08584423562246425	115	other	0.00998870841657257
ENSDARG00000116893	0.5430082047613369	1068	high zero count	0.09276470077303918
ENSDARG00000116915	0.7873748085664387	217	other	0.018848258490402153
ENSDARG00000116937	0.4347714117491877	366	other	0.03179015026491792
ENSDARG00000116955	0.017695275532061985	446	other	0.038738816989490145
ENSDARG00000116988	0.7512451307213259	607	other	0.05272300877269174
ENSDARG00000117069	0.5560400650243921	522	other	0.04534005037783375
ENSDARG00000117076	0.34316204375048603	240	other	0.02084600017371667
ENSDARG00000117089	0.4087431986831424	221	other	0.019195691826630765
ENSDARG00000117107	0.25009468597060974	426	other	0.03700165030834709
ENSDARG00000117109	0.029540970225793627	1500	high zero count	0.13028750108572917
ENSDARG00000117130	0.5760530127400809	161	other	0.013984191783201599
ENSDARG00000117145	0.05982821293526263	1201	high zero count	0.1043168592026405
ENSDARG00000117174	0.9851243532587296	589	other	0.05115955875966299
ENSDARG00000117211	-0.19182421763427762	202	other	0.017545383479544863
ENSDARG00000117216	-0.3048740285885056	1406	high zero count	0.12212281768435682
ENSDARG00000117217	0.22254853594288995	486	other	0.04221315035177625
ENSDARG00000117218	0.553022947200532	1545	high zero count	0.13419612611830106
ENSDARG00000117225	0.33112105321983837	1001	other	0.08694519239120993
ENSDARG00000117229	0.29247938484357583	559	other	0.04855380873794841
ENSDARG00000117230	0.31541470801388893	220	other	0.019108833492573613
ENSDARG00000117236	-0.20074224368930074	382	other	0.033179883609832365
ENSDARG00000117240	-0.02681167708853218	87	other	0.007556675062972292
ENSDARG00000117241	0.05579320200292233	228	other	0.019803700165030833
ENSDARG00000117244	-0.1919972916970497	1123	high zero count	0.09754190914618258
ENSDARG00000117245	0.4037714441937812	405	other	0.03517762529314688
ENSDARG00000117249	-0.12277963601744062	734	other	0.06375401719795014
ENSDARG00000117253	0.044512440121131903	436	other	0.037870233648918616
ENSDARG00000117257	0.5547037465866452	935	other	0.08121254234343785
ENSDARG00000117273	0.23291929985647128	259	other	0.02249630852080257
ENSDARG00000117281	-0.09084273621604326	864	other	0.07504560062538
ENSDARG00000117283	0.36236949432190124	1535	high zero count	0.1333275427777295
ENSDARG00000117284	0.16988763764202727	687	other	0.05967167549726396
ENSDARG00000117288	0.39334918746424047	564	other	0.04898810040823417
ENSDARG00000117291	0.9308286563911919	178	other	0.015460783462173196
ENSDARG00000117293	0.22208682951385084	496	other	0.04308173369234778
ENSDARG00000117295	1.678250209462427	241	other	0.02093285850777382
ENSDARG00000117297	0.2806898584805039	262	other	0.02275688352297403
ENSDARG00000117298	-0.11985410033787444	790	other	0.0686180839051507
ENSDARG00000117300	1.1173549320675624	1002	other	0.0870320507252671
ENSDARG00000117309	0.4527612792203748	345	other	0.02996612524971771
ENSDARG00000117311	0.6185620208025321	368	other	0.03196386693303222
ENSDARG00000117312	0.6990464128934866	101	other	0.008772691739772432
ENSDARG00000117317	0.31007368819953474	1511	high zero count	0.13124294276035786
ENSDARG00000117324	0.9139658294060926	1344	high zero count	0.11673760097281334
ENSDARG00000117326	-0.20897259126968076	880	other	0.07643533397029445
ENSDARG00000117329	0.019981157689216763	346	other	0.030052983583774864
ENSDARG00000117331	-0.021420658701384078	793	other	0.06887865890732216
ENSDARG00000117332	0.6851555991836525	667	other	0.05793450881612091
ENSDARG00000117335	0.10559390062064544	642	other	0.055763050464692085
ENSDARG00000117336	1.085601975096757	208	other	0.01806653348388778
ENSDARG00000117337	0.775195189181002	186	other	0.01615565013463042
ENSDARG00000117338	1.097724906118649	884	other	0.07678276730652306
ENSDARG00000117342	-0.18195048292591426	558	other	0.048466950403891255
ENSDARG00000117348	0.35868938051245075	513	other	0.04455832537131938
ENSDARG00000117349	3.182658952218932	191	other	0.016589941804916183
ENSDARG00000117356	0.6816572933253449	1549	high zero count	0.13454355945452967
ENSDARG00000117359	0.05437744852947265	245	other	0.021280291844002434
ENSDARG00000117363	0.10432688432485186	669	other	0.058108225484235214
ENSDARG00000117367	0.7887472395035322	213	other	0.018500825154173544
ENSDARG00000117368	0.6788672177146787	1450	high zero count	0.12594458438287154
ENSDARG00000117369	-0.13217238787791857	471	other	0.04091027534091896
ENSDARG00000117371	-0.10957066063563128	786	other	0.06827065056892209
ENSDARG00000117373	0.25061313340088054	229	other	0.01989055849908799
ENSDARG00000117376	-0.043428899258087586	627	other	0.054460175453834796
ENSDARG00000117382	0.7996655211925117	545	other	0.04733779206114827
ENSDARG00000117384	0.8103590029462965	306	other	0.026578650221488753
ENSDARG00000117385	-0.12586589851874763	1083	high zero count	0.09406757578389646
ENSDARG00000117393	0.16670351427267116	322	other	0.027968383566403198
ENSDARG00000117399	0.5275897620672393	1388	high zero count	0.12055936767132806
ENSDARG00000117403	0.07934859719674744	459	other	0.03986797533223313
ENSDARG00000117405	-0.1935757381183361	504	other	0.043776600364805004
ENSDARG00000117407	0.22187193980939238	315	other	0.027360375228003126
ENSDARG00000117411	0.39363397831833474	248	other	0.02154086684617389
ENSDARG00000117416	1.6826022073852314	146	other	0.012681316772344306
ENSDARG00000117419	0.47584327053565184	725	other	0.06297229219143577
ENSDARG00000117421	0.7199266925344788	224	other	0.019456266828802225
ENSDARG00000117423	1.3176505911381409	399	other	0.03465647528880396
ENSDARG00000117425	0.12451108196397175	1216	high zero count	0.10561973421349778
ENSDARG00000117427	-0.02553258076761146	392	other	0.034048466950403894
ENSDARG00000117428	-0.03396981171081129	496	other	0.04308173369234778
ENSDARG00000117430	-0.052562210894892124	432	other	0.03752280031269
ENSDARG00000117441	0.6137763464315554	460	other	0.03995483366629028
ENSDARG00000117442	0.3426969007700967	409	other	0.03552505862937549
ENSDARG00000117444	-0.1885924062291798	1735	high zero count	0.15069920958916008
ENSDARG00000117448	0.12097307788067652	406	other	0.03526448362720403
ENSDARG00000117456	-0.1281582752961988	506	other	0.04395031703291931
ENSDARG00000117459	0.02152824905608068	591	other	0.0513332754277773
ENSDARG00000117461	-0.050139176823560797	357	other	0.031008425258403544
ENSDARG00000117464	0.6229487841761118	32	other	0.0027794666898288893
ENSDARG00000117475	2.24555057503124	68	other	0.005906366715886389
ENSDARG00000117484	0.27334487867307844	703	other	0.06106140884217841
ENSDARG00000117485	0.19704500869300956	475	other	0.04125770867714757
ENSDARG00000117493	1.3247633896349935	230	other	0.01997741683314514
ENSDARG00000117504	-0.031140309942946007	439	other	0.03813080865109007
ENSDARG00000117506	0.6412820377140996	1480	high zero count	0.12855033440458613
ENSDARG00000117512	0.7773070952685476	948	other	0.08234170068618084
ENSDARG00000117517	0.1987850072531239	445	other	0.038651958655432986
ENSDARG00000117519	0.7967819907065213	324	other	0.028142100234517502
ENSDARG00000117522	2.161273667480344	1179	high zero count	0.10240597585338314
ENSDARG00000117530	-0.03179593808108655	1363	high zero count	0.11838790931989925
ENSDARG00000117533	0.7206835492989574	306	other	0.026578650221488753
ENSDARG00000117535	0.6532590816694801	655	other	0.05689220880743508
ENSDARG00000117538	-0.409314181944498	1530	high zero count	0.13289325110744377
ENSDARG00000117539	0.2542567454265169	255	other	0.02214887518457396
ENSDARG00000117541	0.818518533054162	549	other	0.04768522539737688
ENSDARG00000117542	0.037788903672821055	1609	high zero count	0.13975505949795883
ENSDARG00000117545	-0.04853658409951519	1308	high zero count	0.11361070094675584
ENSDARG00000117546	0.4592482313361148	1332	high zero count	0.11569530096412751
ENSDARG00000117549	-0.03327714419008202	820	other	0.07122383392686528
ENSDARG00000117566	-0.16916424369878164	1565	high zero count	0.1359332927994441
ENSDARG00000117571	0.8199787725852671	183	other	0.01589507513245896
ENSDARG00000117574	0.25656712877282106	283	other	0.024580908538174236
ENSDARG00000117577	0.12371108608817373	1524	high zero count	0.13237210110310085
ENSDARG00000117580	0.20990130261172235	655	other	0.05689220880743508
ENSDARG00000117584	-0.1892938320615554	802	other	0.06966038391383653
ENSDARG00000117590	-0.03247407513852425	1099	high zero count	0.09545730912881091
ENSDARG00000117592	0.8913898866677471	574	other	0.0498566837488057
ENSDARG00000117594	0.6150719836098968	299	other	0.02597064188308868
ENSDARG00000117600	0.08136832142099777	1585	high zero count	0.13767045948058718
ENSDARG00000117602	0.35297811523420636	890	other	0.07730391731086597
ENSDARG00000117606	0.2678933942978075	486	other	0.04221315035177625
ENSDARG00000117607	0.4427008797175589	516	other	0.04481890037349084
ENSDARG00000117609	0.055307530155774894	356	other	0.030921566924346392
ENSDARG00000117610	-0.09403336442675528	1226	high zero count	0.10648831755406932
ENSDARG00000117611	-0.228213347927361	812	other	0.07052896725440806
ENSDARG00000117613	0.6659224141821319	1676	high zero count	0.14557456787978806
ENSDARG00000117617	0.022792792539332706	1636	high zero count	0.14210023451750195
ENSDARG00000117621	0.12717099792466763	891	other	0.07739077564492312
ENSDARG00000117623	0.4529420668794377	681	other	0.05915052549292105
ENSDARG00000117629	0.32172749028461234	780	other	0.06774950056457917
ENSDARG00000117633	0.7825189764999607	394	other	0.0342221836185182
ENSDARG00000117635	-0.07934617957546948	629	other	0.0546338921219491
ENSDARG00000117637	-0.17677311854910432	117	other	0.010162425084686877
ENSDARG00000117640	0.6341960998704664	331	other	0.02875010857291757
ENSDARG00000117643	0.28512920759976224	576	other	0.05003040041692
ENSDARG00000117645	0.27442277583584	193	other	0.016763658473030487
ENSDARG00000117646	-0.2591443503749244	412	other	0.035785633631546944
ENSDARG00000117652	1.5165540326377216	275	other	0.023886041865717016
ENSDARG00000117657	0.25560007615570546	747	other	0.06488317554069313
ENSDARG00000117658	0.11459468913872166	1477	high zero count	0.12828975940241466
ENSDARG00000117659	0.9929559821352337	41	other	0.0035611916963432643
ENSDARG00000117660	0.4479035053573458	426	other	0.03700165030834709
ENSDARG00000117662	0.6536343231608668	207	other	0.017979675149830628
ENSDARG00000117663	0.779390157340871	606	other	0.05263615043863459
ENSDARG00000117668	0.361092136133193	754	other	0.0654911838790932
ENSDARG00000117673	0.6280432825930349	398	other	0.03456961695474681
ENSDARG00000117675	1.518896161974427	576	other	0.05003040041692
ENSDARG00000117685	0.5651264373392023	1393	high zero count	0.12099365934161382
ENSDARG00000117691	-0.17105603733548985	1024	other	0.08894293407452446
ENSDARG00000117693	0.19205145642260596	280	other	0.02432033353600278
ENSDARG00000117697	0.7575609428473606	1086	high zero count	0.09432815078606792
ENSDARG00000117699	-0.17798875953252258	1635	high zero count	0.1420133761834448
ENSDARG00000117710	-0.025768652262993443	1471	high zero count	0.12776860939807175
ENSDARG00000117711	1.6603483009798246	906	other	0.07869365065578042
ENSDARG00000117717	1.4215638873676826	381	other	0.03309302527577521
ENSDARG00000117719	0.005383489179062832	351	other	0.030487275254060628
ENSDARG00000117720	-0.14564507166743126	849	other	0.07374272561452272
ENSDARG00000117724	0.39531732151300464	474	other	0.04117085034309042
ENSDARG00000117729	0.5513989728770323	278	other	0.024146616867888476
ENSDARG00000117734	-0.19875414246493545	1739	high zero count	0.1510466429253887
ENSDARG00000117747	0.7745585410343695	344	other	0.02987926691566056
ENSDARG00000117757	1.0201200829847308	276	other	0.023972900199774168
ENSDARG00000117758	-0.1357291408130582	840	other	0.07296100060800834
ENSDARG00000117759	-0.04955598259786684	1574	high zero count	0.1367150178059585
ENSDARG00000117772	0.19961856160556987	600	other	0.052115000434291674
ENSDARG00000117774	0.18416863939275294	1424	high zero count	0.12368626769738557
ENSDARG00000117781	0.12758640623767648	536	other	0.046556067054633894
ENSDARG00000117782	-0.15638344786355549	1097	high zero count	0.0952835924606966
ENSDARG00000117784	1.191725316523013	383	other	0.03326674194388952
ENSDARG00000117786	0.8968420505277571	58	other	0.005037783375314861
ENSDARG00000117787	0.5463717639098234	193	other	0.016763658473030487
ENSDARG00000117812	0.9615196899031196	307	other	0.026665508555545905
ENSDARG00000117813	0.24199519856709725	94	other	0.008164683401372361
ENSDARG00000117816	1.4251679479341326	66	other	0.005732650047772084
ENSDARG00000117817	0.6294507940569869	1714	high zero count	0.14887518457395987
ENSDARG00000117822	0.23511443164023874	211	other	0.018327108486059236
